VARIABLES = "X", "Y", "ro", "u", "v", "pre", "Ma", "PART", "IMEX", "Ux", "Uy", "Vx", "Vy", "Vort" 
ZONE I=5, J=5, DATAPACKING=POINT
2.380423e+00 -7.601128e+00 1.006253e+00 9.965157e-01 1.000045e+00 1.008916e+00 1.191599e+00 2 0 -1.035964e-02 -5.090160e-03 -6.138483e-03 -1.323150e-02 -1.048323e-03
2.398113e+00 -7.255473e+00 1.005364e+00 9.954402e-01 9.980420e-01 1.007287e+00 1.190196e+00 2 0 -1.609646e-02 -8.873435e-04 1.898536e-03 -1.346944e-03 2.785880e-03
2.380423e+00 -6.601128e+00 9.988176e-01 9.965835e-01 9.987538e-01 9.984254e-01 1.192677e+00 2 0 4.455458e-04 4.590199e-03 3.695178e-03 2.252839e-03 -8.950211e-04
2.299270e+00 -5.948523e+00 9.967284e-01 9.998209e-01 1.001224e+00 9.956404e-01 1.196507e+00 2 0 1.419036e-02 4.597255e-03 -1.574137e-03 6.672134e-03 -6.171392e-03
2.235114e+00 -5.605527e+00 9.939047e-01 9.985273e-01 1.004462e+00 9.916941e-01 1.198353e+00 2 0 1.635761e-02 -1.399239e-02 -6.245638e-04 6.426970e-03 1.336783e-02
2.035077e+00 -7.616946e+00 1.004016e+00 9.989353e-01 1.000512e+00 1.005765e+00 1.193860e+00 2 0 -2.919458e-03 1.940163e-03 3.340634e-03 -1.296716e-02 1.400470e-03
2.052767e+00 -7.270343e+00 1.003428e+00 9.991488e-01 9.984899e-01 1.004556e+00 1.193147e+00 2 0 -4.585243e-03 -1.463370e-03 -1.956166e-03 -1.946155e-03 -4.927958e-04
2.035077e+00 -6.616946e+00 9.993572e-01 9.975353e-01 9.987678e-01 9.990938e-01 1.193177e+00 2 0 -3.432767e-03 -1.565708e-03 -2.465507e-03 1.567723e-03 -8.997989e-04
1.953924e+00 -5.968661e+00 9.986100e-01 9.978986e-01 1.001336e+00 9.985352e-01 1.194818e+00 2 0 -3.679477e-04 -2.777454e-04 -1.412865e-03 6.989565e-03 -1.135120e-03
1.889768e+00 -5.629044e+00 9.958388e-01 9.959780e-01 1.004539e+00 9.942809e-01 1.196485e+00 2 0 3.151838e-03 -1.988406e-02 -1.749316e-03 6.414714e-03 1.813474e-02
1.380423e+00 -7.694954e+00 1.004863e+00 9.990576e-01 9.983276e-01 1.006503e+00 1.192693e+00 2 0 3.872572e-04 -3.084707e-03 1.751114e-03 6.705308e-04 4.835821e-03
1.398113e+00 -7.346751e+00 1.003938e+00 9.981244e-01 9.996355e-01 1.005475e+00 1.192977e+00 2 0 4.998757e-03 -2.159081e-03 -1.758845e-03 3.195001e-03 4.002367e-04
1.380423e+00 -6.694954e+00 9.995991e-01 9.981641e-01 1.000088e+00 9.992472e-01 1.194395e+00 2 0 2.317828e-03 2.447855e-03 -8.937582e-05 -8.729878e-04 -2.537230e-03
1.299270e+00 -6.053884e+00 9.979677e-01 9.996280e-01 1.001406e+00 9.977371e-01 1.195985e+00 2 0 -1.257324e-03 -6.701077e-04 2.995562e-04 7.783604e-03 9.696639e-04
1.235114e+00 -5.719815e+00 9.946393e-01 9.978042e-01 1.005606e+00 9.924494e-01 1.198596e+00 2 0 -8.155268e-04 -1.504121e-02 -3.514089e-03 1.437018e-02 1.152712e-02
7.257686e-01 -7.823851e+00 1.007062e+00 1.000167e+00 9.988572e-01 1.009321e+00 1.193308e+00 2 0 -1.335339e-04 -9.000785e-03 -4.299507e-03 9.646754e-03 4.701279e-03
7.434590e-01 -7.474524e+00 1.004893e+00 9.966411e-01 1.000864e+00 1.006871e+00 1.192567e+00 2 0 -8.138420e-04 -7.916618e-03 -3.812003e-03 2.914170e-03 4.104615e-03
7.257686e-01 -6.823851e+00 1.000438e+00 9.954559e-01 9.997398e-01 1.000492e+00 1.192328e+00 2 0 1.520312e-03 3.788847e-03 5.597743e-05 -4.814150e-03 -3.732870e-03
6.446156e-01 -6.187730e+00 9.988936e-01 9.983846e-01 9.987333e-01 9.985774e-01 1.193695e+00 2 0 3.342488e-03 3.083109e-03 4.364996e-03 7.726642e-03 1.281887e-03
5.804601e-01 -5.857327e+00 9.950575e-01 9.981242e-01 1.004478e+00 9.933990e-01 1.197789e+00 2 0 2.669050e-03 -6.041349e-04 -2.072891e-03 3.186666e-02 -1.468756e-03
3.804226e-01 -7.905297e+00 1.007750e+00 1.000205e+00 9.990116e-01 1.010476e+00 1.193148e+00 2 0 3.211029e-03 4.350788e-04 -1.708663e-03 1.679951e-02 -2.143741e-03
3.981130e-01 -7.555637e+00 1.003260e+00 9.990882e-01 1.002252e+00 1.004471e+00 1.195309e+00 2 0 -1.302693e-02 -5.292412e-03 -4.628632e-03 6.162787e-03 6.637795e-04
3.804226e-01 -6.905297e+00 9.998312e-01 9.962768e-01 1.001382e+00 9.997244e-01 1.193897e+00 2 0 -9.549799e-03 -1.826389e-03 -6.669324e-03 -8.680597e-03 -4.842935e-03
2.992696e-01 -6.270574e+00 1.000973e+00 9.972097e-01 9.966268e-01 1.001409e+00 1.191285e+00 2 0 3.569090e-03 2.426700e-03 4.279810e-03 1.902660e-03 1.853109e-03
2.351141e-01 -5.941124e+00 9.964747e-01 9.969279e-01 1.001723e+00 9.954515e-01 1.195040e+00 2 0 5.689021e-03 -1.358666e-03 2.142839e-04 3.552970e-02 1.572950e-03
VARIABLES = "X", "Y", "ro", "u", "v", "pre", "Ma", "PART", "IMEX", "Ux", "Uy", "Vx", "Vy", "Vort" 
ZONE I=5, J=5, DATAPACKING=POINT
2.235114e+00 -5.605527e+00 9.942251e-01 9.974498e-01 1.003392e+00 9.922637e-01 1.196918e+00 2 0 1.702853e-02 7.062692e-03 -1.747079e-03 -3.549976e-03 -8.809771e-03
2.159932e+00 -5.263750e+00 9.955751e-01 9.984978e-01 1.002624e+00 9.934944e-01 1.197153e+00 2 0 1.216038e-02 1.207750e-03 2.182842e-03 -5.763801e-03 9.750923e-04
2.000000e+00 -4.619577e+00 9.990012e-01 9.964117e-01 9.977986e-01 9.981148e-01 1.192298e+00 2 0 1.364520e-02 3.759050e-03 4.837707e-03 -2.411329e-03 1.078657e-03
1.840068e+00 -3.979243e+00 9.992679e-01 1.000363e+00 1.001896e+00 1.000345e+00 1.195935e+00 2 0 8.146676e-03 6.709879e-03 -3.832860e-03 1.384093e-02 -1.054274e-02
1.764886e+00 -3.641915e+00 9.968554e-01 9.971123e-01 1.006279e+00 9.971865e-01 1.197069e+00 2 0 1.250257e-02 -4.710859e-02 -2.346895e-03 -4.200607e-03 4.476170e-02
1.889768e+00 -5.629044e+00 9.962758e-01 9.947041e-01 1.003614e+00 9.945935e-01 1.195245e+00 2 0 1.467577e-03 4.784603e-04 -1.569548e-03 5.433289e-03 -2.048008e-03
1.814586e+00 -5.291178e+00 9.960152e-01 9.954754e-01 1.003412e+00 9.943504e-01 1.195573e+00 2 0 4.136492e-03 -9.009822e-04 -4.208333e-03 -1.020391e-02 -3.307351e-03
1.654654e+00 -4.655109e+00 1.000950e+00 9.936451e-01 9.965586e-01 1.000331e+00 1.189743e+00 2 0 2.234656e-03 2.333637e-03 2.853488e-03 -3.335547e-03 5.198504e-04
1.494722e+00 -4.022521e+00 9.991073e-01 9.991862e-01 1.002441e+00 1.000847e+00 1.195162e+00 2 0 -1.840582e-03 7.249047e-03 -4.032681e-03 1.731467e-02 -1.128173e-02
1.419540e+00 -3.688688e+00 9.987859e-01 9.962827e-01 1.006645e+00 9.990864e-01 1.196814e+00 2 0 6.844582e-03 -5.548325e-02 3.562888e-03 -1.051097e-02 5.904614e-02
1.235114e+00 -5.719815e+00 9.947882e-01 9.973104e-01 1.005091e+00 9.917988e-01 1.198475e+00 2 0 -3.364089e-03 -1.126812e-02 -6.701479e-03 2.613625e-02 4.566646e-03
1.159932e+00 -5.388262e+00 9.928512e-01 9.955165e-01 1.007262e+00 9.904488e-01 1.198360e+00 2 0 -1.347034e-03 -3.865007e-03 -1.851775e-03 -1.159010e-02 2.013231e-03
1.000000e+00 -4.764886e+00 9.993285e-01 9.958476e-01 9.971238e-01 9.977185e-01 1.191989e+00 2 0 -6.890490e-03 4.034146e-03 -2.603602e-03 -8.694262e-03 -6.637748e-03
8.400680e-01 -4.143882e+00 9.974044e-01 1.001489e+00 1.002160e+00 9.984925e-01 1.196757e+00 2 0 -4.480075e-03 5.684459e-03 -6.129304e-04 1.703450e-02 -6.297390e-03
7.648859e-01 -3.815078e+00 9.989314e-01 1.000226e+00 1.004713e+00 9.978165e-01 1.198852e+00 2 0 2.418862e-04 -3.304653e-02 5.270941e-03 -1.761675e-02 3.831747e-02
5.804601e-01 -5.857327e+00 9.954677e-01 9.987720e-01 1.004798e+00 9.938767e-01 1.198326e+00 2 0 3.592115e-03 -7.261231e-03 9.577952e-04 1.684174e-02 8.219027e-03
5.052779e-01 -5.529786e+00 9.925882e-01 9.962790e-01 1.006448e+00 9.897601e-01 1.198583e+00 2 0 8.200691e-04 -3.254348e-03 6.857410e-03 -8.665049e-04 1.011176e-02
3.453460e-01 -4.913885e+00 9.974872e-01 9.978899e-01 1.001370e+00 9.959109e-01 1.195733e+00 2 0 7.385658e-04 6.328446e-03 -4.638593e-03 -1.082176e-02 -1.096704e-02
1.854140e-01 -4.298852e+00 1.001871e+00 1.000718e+00 9.991935e-01 1.003045e+00 1.194476e+00 2 0 5.993657e-03 3.201773e-03 2.665317e-03 8.068240e-03 -5.364557e-04
1.102319e-01 -3.972318e+00 1.000304e+00 1.000983e+00 1.005303e+00 1.001193e+00 1.198456e+00 2 0 4.597110e-03 6.429677e-03 -1.102726e-02 3.708994e-02 -1.745694e-02
2.351141e-01 -5.941124e+00 9.973554e-01 9.973383e-01 1.001853e+00 9.968645e-01 1.195042e+00 2 0 6.622803e-03 5.241434e-04 1.021817e-02 5.162038e-03 9.694023e-03
1.599319e-01 -5.614526e+00 9.934341e-01 9.961818e-01 1.003397e+00 9.907442e-01 1.196606e+00 2 0 2.547892e-03 -2.598123e-03 7.458352e-03 7.612609e-03 1.005647e-02
-2.143592e-08 -5.000000e+00 9.971978e-01 9.956157e-01 1.003497e+00 9.956948e-01 1.195609e+00 2 0 8.576046e-03 3.790446e-03 -1.859237e-03 -8.042894e-03 -5.649683e-03
-1.599320e-01 -4.385474e+00 1.005447e+00 9.973015e-01 9.982616e-01 1.007604e+00 1.191300e+00 2 0 9.724548e-03 4.692618e-03 -1.371815e-03 6.499172e-04 -6.064433e-03
-2.351141e-01 -4.058876e+00 1.003705e+00 9.974123e-01 1.004762e+00 1.006289e+00 1.194999e+00 2 0 1.087403e-02 -1.037202e-03 -6.251111e-03 5.387598e-02 -5.213909e-03
VARIABLES = "X", "Y", "ro", "u", "v", "pre", "Ma", "PART", "IMEX", "Ux", "Uy", "Vx", "Vy", "Vort" 
ZONE I=5, J=5, DATAPACKING=POINT
1.764886e+00 -3.641915e+00 9.971354e-01 9.936249e-01 1.004206e+00 9.974891e-01 1.193737e+00 2 0 9.185923e-04 5.286232e-02 -5.371234e-03 -2.893421e-03 -5.823355e-02
1.700730e+00 -3.304043e+00 1.000740e+00 1.001077e+00 1.007344e+00 1.001321e+00 1.199918e+00 2 0 9.388721e-03 -2.969304e-03 2.756597e-04 7.759680e-03 3.244963e-03
1.619577e+00 -2.659658e+00 1.005881e+00 1.020321e+00 1.014684e+00 1.004118e+00 1.217220e+00 2 0 -2.668323e-02 9.505198e-02 -1.589102e-02 2.763674e-02 -1.109430e-01
1.601887e+00 -2.007361e+00 1.004863e+00 1.131791e+00 1.074117e+00 1.006364e+00 1.317750e+00 2 0 -1.248149e-01 2.223193e-01 -5.409391e-02 1.836979e-01 -2.764132e-01
1.619577e+00 -1.659658e+00 9.805393e-01 1.204493e+00 1.164924e+00 9.764563e-01 1.419153e+00 2 0 -2.252025e-01 2.006009e-01 -1.242571e-01 3.530256e-01 -3.248580e-01
1.419540e+00 -3.688688e+00 1.000624e+00 9.919537e-01 1.004360e+00 9.998661e-01 1.193501e+00 2 0 -8.117565e-03 4.388664e-02 3.302157e-03 -1.480283e-04 -4.058449e-02
1.355384e+00 -3.353716e+00 1.001280e+00 1.000309e+00 1.008296e+00 1.003106e+00 1.199288e+00 2 0 -1.038357e-03 1.531704e-03 -6.781970e-03 8.681574e-03 -8.313675e-03
1.274231e+00 -2.712884e+00 1.010227e+00 1.026538e+00 1.016034e+00 1.009404e+00 1.221184e+00 2 0 -4.190617e-02 1.126833e-01 -3.484580e-03 2.832165e-02 -1.161679e-01
1.256541e+00 -2.061343e+00 1.001792e+00 1.164620e+00 1.074191e+00 1.004331e+00 1.337343e+00 2 0 -1.395913e-01 2.950529e-01 -1.036076e-02 1.759597e-01 -3.054136e-01
1.274231e+00 -1.712884e+00 9.765520e-01 1.270263e+00 1.159171e+00 9.707926e-01 1.457686e+00 2 0 -2.322659e-01 3.046126e-01 3.790687e-02 2.939742e-01 -2.667057e-01
7.648859e-01 -3.815078e+00 1.000250e+00 9.977175e-01 1.002974e+00 9.959201e-01 1.198242e+00 2 0 -1.289875e-02 1.779064e-03 -9.420892e-03 3.604507e-02 -1.119996e-02
7.007304e-01 -3.484176e+00 9.983064e-01 1.001338e+00 1.010705e+00 1.000307e+00 1.201236e+00 2 0 -2.689407e-03 1.039006e-02 -4.518269e-04 5.151839e-03 -1.084188e-02
6.195774e-01 -2.848187e+00 1.007079e+00 1.034982e+00 1.011813e+00 1.005482e+00 1.224243e+00 2 0 -2.387185e-02 1.197081e-01 4.461165e-03 1.512344e-02 -1.152469e-01
6.018870e-01 -2.197655e+00 9.958611e-01 1.186359e+00 1.037813e+00 9.980744e-01 1.330680e+00 2 0 -4.618999e-02 3.524985e-01 6.738360e-02 5.433395e-02 -2.851149e-01
6.195774e-01 -1.848187e+00 9.903652e-01 1.327830e+00 1.052881e+00 9.860435e-01 1.435339e+00 2 0 -7.069164e-02 4.263937e-01 1.947475e-01 -1.841943e-02 -2.316462e-01
1.102319e-01 -3.972318e+00 1.000958e+00 1.001801e+00 1.006592e+00 1.001895e+00 1.199687e+00 2 0 6.540470e-03 -6.344860e-03 -8.235848e-03 1.149762e-02 -1.890988e-03
4.607637e-02 -3.643075e+00 9.994548e-01 1.000069e+00 1.006754e+00 1.000126e+00 1.198910e+00 2 0 3.335170e-03 3.545026e-03 9.225235e-03 1.277966e-03 5.680209e-03
-3.507661e-02 -3.008815e+00 1.000682e+00 1.022037e+00 1.009599e+00 1.000129e+00 1.214493e+00 2 0 1.243624e-02 8.190315e-02 -3.284507e-03 2.201587e-03 -8.518765e-02
-5.276701e-02 -2.358605e+00 9.974863e-01 1.130169e+00 9.918522e-01 9.965809e-01 1.271418e+00 2 0 5.295267e-02 2.700197e-01 5.877257e-02 -7.296758e-02 -2.112471e-01
-3.507660e-02 -2.008815e+00 1.004603e+00 1.249040e+00 9.559140e-01 1.009483e+00 1.326088e+00 2 0 8.781160e-02 3.920199e-01 1.088941e-01 -1.147765e-01 -2.831258e-01
-2.351141e-01 -4.058876e+00 1.004766e+00 9.971382e-01 1.006507e+00 1.008495e+00 1.195204e+00 2 0 1.345450e-02 1.303344e-02 9.773720e-03 5.831295e-04 -3.259719e-03
-2.992696e-01 -3.729426e+00 1.002983e+00 9.982542e-01 1.003886e+00 1.004671e+00 1.195507e+00 2 0 6.337865e-03 1.547289e-03 4.096314e-03 5.981347e-04 2.549025e-03
-3.804226e-01 -3.094703e+00 1.001884e+00 1.010319e+00 1.011756e+00 1.002634e+00 1.207969e+00 2 0 1.762542e-02 5.373988e-02 -8.249623e-03 9.310016e-03 -6.198950e-02
-3.981130e-01 -2.444363e+00 9.968741e-01 1.089184e+00 9.899703e-01 9.947125e-01 1.245297e+00 2 0 5.032457e-02 2.093700e-01 -2.846160e-03 -9.277144e-02 -2.122161e-01
-3.804226e-01 -2.094703e+00 1.006946e+00 1.185579e+00 9.457497e-01 1.014062e+00 1.277245e+00 2 0 6.432765e-02 3.601857e-01 2.327475e-02 -1.108214e-01 -3.369109e-01
VARIABLES = "X", "Y", "ro", "u", "v", "pre", "Ma", "PART", "IMEX", "Ux", "Uy", "Vx", "Vy", "Vort" 
ZONE I=5, J=5, DATAPACKING=POINT
1.619577e+00 -1.659658e+00 9.827842e-01 1.205357e+00 1.162847e+00 9.800185e-01 1.417497e+00 2 0 -2.272323e-01 2.263923e-01 -9.455270e-02 2.259027e-01 -3.209450e-01
1.655109e+00 -1.309705e+00 9.738809e-01 1.267134e+00 1.261046e+00 9.675028e-01 1.515853e+00 2 0 -3.586611e-01 1.836194e-01 -7.810697e-02 3.253850e-01 -2.617263e-01
1.764886e+00 -6.419145e-01 9.630178e-01 1.270351e+00 1.462010e+00 9.501919e-01 1.647921e+00 2 0 -3.638097e-01 -7.904781e-02 -3.048629e-01 3.012679e-01 -2.258150e-01
1.913885e+00 2.783502e-02 9.630084e-01 1.085689e+00 1.543016e+00 9.515691e-01 1.604105e+00 2 0 -7.402742e-02 -3.405130e-01 -5.855644e-01 1.151141e-01 -2.450514e-01
2.000000e+00 3.804226e-01 9.722520e-01 9.657033e-01 1.499460e+00 9.645407e-01 1.513367e+00 2 0 9.687623e-02 -2.974359e-01 -6.305787e-01 -5.759951e-02 -3.331428e-01
1.274231e+00 -1.712884e+00 9.812826e-01 1.268679e+00 1.154496e+00 9.750018e-01 1.454393e+00 2 0 -2.329426e-01 3.541067e-01 6.691928e-02 1.685874e-01 -2.871874e-01
1.309763e+00 -1.361392e+00 9.715604e-01 1.379308e+00 1.251491e+00 9.657360e-01 1.578797e+00 2 0 -3.667912e-01 3.064488e-01 4.219838e-02 3.298419e-01 -2.642504e-01
1.419540e+00 -6.886877e-01 9.393541e-01 1.412334e+00 1.503038e+00 9.116510e-01 1.769397e+00 2 0 -4.262878e-01 -1.182005e-01 -3.171972e-02 3.767852e-01 8.648073e-02
1.568539e+00 -1.191739e-02 9.028414e-01 1.128661e+00 1.686217e+00 8.677384e-01 1.749236e+00 2 0 -7.977540e-02 -5.486093e-01 -2.915225e-01 1.774247e-01 2.570868e-01
1.654654e+00 3.448907e-01 9.093312e-01 9.374461e-01 1.671369e+00 8.781128e-01 1.648123e+00 2 0 1.474900e-01 -4.740686e-01 -3.522201e-01 -1.216639e-01 1.218485e-01
6.195774e-01 -1.848187e+00 9.922986e-01 1.322655e+00 1.048401e+00 9.804225e-01 1.435037e+00 2 0 -9.028324e-02 5.257883e-01 1.568689e-01 1.155713e-01 -3.689194e-01
6.551093e-01 -1.494617e+00 9.656268e-01 1.511143e+00 1.108746e+00 9.599520e-01 1.588718e+00 2 0 -1.556166e-01 5.023957e-01 2.681675e-01 1.580516e-01 -2.342282e-01
7.648859e-01 -8.150783e-01 8.514241e-01 1.680616e+00 1.292929e+00 7.853293e-01 1.865962e+00 2 0 -2.942128e-01 -2.843483e-03 5.234481e-01 2.815460e-01 5.262916e-01
9.138846e-01 -1.280771e-01 6.849959e-01 1.328089e+00 1.620773e+00 5.847042e-01 1.916815e+00 2 0 -2.992965e-01 -9.154156e-01 4.900669e-01 3.676764e-01 1.405482e+00
1.000000e+00 2.351141e-01 6.732513e-01 9.407891e-01 1.727305e+00 5.695439e-01 1.807348e+00 2 0 2.048914e-02 -9.563240e-01 2.891825e-01 -6.757593e-02 1.245507e+00
-3.507660e-02 -2.008815e+00 1.004519e+00 1.246495e+00 9.613507e-01 1.009057e+00 1.327404e+00 2 0 7.250746e-02 4.060753e-01 8.204615e-02 -7.650397e-02 -3.240291e-01
4.552512e-04 -1.654540e+00 9.781686e-01 1.426825e+00 9.262869e-01 9.728298e-01 1.441655e+00 2 0 1.487795e-01 5.209956e-01 2.227674e-01 -1.229840e-01 -2.982282e-01
1.102319e-01 -9.723178e-01 8.580264e-01 1.722268e+00 8.837353e-01 8.024331e-01 1.691745e+00 2 0 1.051440e-01 2.374505e-01 5.391950e-01 -1.158424e-01 3.017445e-01
2.592306e-01 -2.804819e-01 5.855261e-01 1.634965e+00 9.439421e-01 4.808326e-01 1.760716e+00 2 0 -1.592293e-02 -6.960708e-01 1.204921e+00 -2.102060e-02 1.900992e+00
3.453460e-01 8.611542e-02 4.613120e-01 1.202359e+00 1.104092e+00 3.486105e-01 1.587033e+00 2 0 -1.100062e-01 -1.544021e+00 1.572775e+00 1.855522e-01 3.116795e+00
-3.804226e-01 -2.094703e+00 1.005496e+00 1.189269e+00 9.551446e-01 1.014833e+00 1.283203e+00 2 0 1.035782e-01 1.258426e-01 2.181161e-02 -1.097917e-01 -1.040309e-01
-3.448907e-01 -1.740658e+00 9.822816e-01 1.314293e+00 8.942987e-01 9.802608e-01 1.344923e+00 2 0 2.135224e-01 4.798410e-01 4.167889e-02 -1.881361e-01 -4.381621e-01
-2.351141e-01 -1.058876e+00 9.059020e-01 1.638860e+00 7.651511e-01 8.734616e-01 1.556740e+00 2 0 2.325447e-01 2.620212e-01 2.601483e-01 -2.421809e-01 -1.872908e-03
-8.611542e-02 -3.669786e-01 6.847576e-01 1.590693e+00 6.358711e-01 5.999975e-01 1.546703e+00 2 0 5.839700e-01 -6.752180e-01 6.647462e-01 -3.022461e-01 1.339964e+00
0.000000e+00 0.000000e+00 5.253764e-01 1.270942e+00 6.220952e-01 4.120910e-01 1.350327e+00 2 0 5.632355e-01 -1.310804e+00 9.736730e-01 -1.269479e-01 2.284477e+00
VARIABLES = "X", "Y", "ro", "u", "v", "pre", "Ma", "PART", "IMEX", "Ux", "Uy", "Vx", "Vy", "Vort" 
ZONE I=5, J=5, DATAPACKING=POINT
4.380423e+00 -7.848187e+00 1.008654e+00 1.003210e+00 9.904191e-01 1.012143e+00 1.189391e+00 2 0 6.718507e-03 -9.912004e-03 -5.258281e-03 -3.907927e-05 4.653723e-03
4.398113e+00 -7.506963e+00 1.007559e+00 9.995995e-01 9.919669e-01 1.010607e+00 1.188401e+00 2 0 2.164852e-03 -9.140868e-03 -2.185981e-03 7.740868e-03 6.954887e-03
4.380423e+00 -6.848187e+00 1.002725e+00 9.966637e-01 9.973855e-01 1.003798e+00 1.191035e+00 2 0 6.829261e-03 5.706861e-04 1.032778e-03 6.343494e-03 4.620920e-04
4.299270e+00 -6.174868e+00 9.985761e-01 9.978334e-01 9.991254e-01 9.980371e-01 1.193734e+00 2 0 1.311098e-02 2.838094e-03 -1.616771e-03 -3.168535e-04 -4.454866e-03
4.235114e+00 -5.815078e+00 9.969511e-01 9.968990e-01 9.993719e-01 9.957480e-01 1.193721e+00 2 0 6.255681e-03 -6.656202e-03 1.059196e-03 4.866904e-03 7.715398e-03
4.035077e+00 -7.772074e+00 1.005180e+00 1.001469e+00 9.933349e-01 1.007235e+00 1.190916e+00 2 0 1.050045e-03 -1.263744e-02 -1.014642e-02 2.287933e-03 2.491022e-03
4.052767e+00 -7.430396e+00 1.003022e+00 9.983326e-01 9.951981e-01 1.004248e+00 1.190637e+00 2 0 3.958609e-04 -5.997699e-03 -8.129891e-03 5.509645e-03 -2.132192e-03
4.035077e+00 -6.772074e+00 1.002608e+00 9.966984e-01 9.977224e-01 1.003655e+00 1.191273e+00 2 0 -4.095500e-03 -7.218939e-04 -1.123429e-03 2.302862e-03 -4.015346e-04
3.953924e+00 -6.100963e+00 1.000749e+00 9.962546e-01 9.989139e-01 1.001049e+00 1.192163e+00 2 0 -1.008183e-03 -1.960227e-03 -2.172959e-05 1.469996e-03 1.938497e-03
3.889768e+00 -5.743054e+00 9.987594e-01 9.951754e-01 9.992995e-01 9.982663e-01 1.192224e+00 2 0 -7.067919e-05 -4.938027e-03 -3.291232e-04 4.352316e-04 4.608904e-03
3.380423e+00 -7.659658e+00 1.000320e+00 9.988605e-01 9.991892e-01 1.000347e+00 1.194048e+00 2 0 3.916596e-03 -6.075347e-03 -6.248364e-03 -1.041612e-02 -1.730161e-04
3.398113e+00 -7.316669e+00 9.993286e-01 9.982396e-01 9.983834e-01 9.990916e-01 1.193352e+00 2 0 -7.863529e-05 5.173612e-04 -6.345246e-05 -2.746687e-04 -5.808137e-04
3.380423e+00 -6.659658e+00 1.000433e+00 9.992681e-01 9.990374e-01 1.000588e+00 1.194123e+00 2 0 -1.081351e-03 1.167269e-03 -1.687125e-03 1.567720e-03 -2.854393e-03
3.299270e+00 -5.994735e+00 9.987198e-01 9.989029e-01 1.000517e+00 9.982087e-01 1.195188e+00 2 0 -5.038748e-03 -3.621984e-03 -3.521408e-03 1.798277e-03 1.005754e-04
3.235114e+00 -5.641915e+00 9.963948e-01 9.973304e-01 1.000991e+00 9.949156e-01 1.195115e+00 2 0 -6.099671e-03 -8.997537e-03 -4.739385e-03 -1.056477e-03 4.258152e-03
2.725769e+00 -7.604018e+00 1.004341e+00 9.964692e-01 9.996895e-01 1.006046e+00 1.191923e+00 2 0 1.334879e-03 2.745640e-03 5.446280e-04 -1.812219e-02 -2.201012e-03
2.743459e+00 -7.259325e+00 1.003220e+00 9.973726e-01 9.974051e-01 1.004440e+00 1.191383e+00 2 0 3.329608e-03 8.572133e-04 1.670701e-04 -3.917243e-04 -6.901432e-04
2.725769e+00 -6.604018e+00 9.978155e-01 9.978220e-01 9.995051e-01 9.969608e-01 1.194143e+00 2 0 4.166611e-03 2.547921e-03 1.077574e-03 4.020415e-03 -1.470346e-03
2.644616e+00 -5.946996e+00 9.954122e-01 1.000416e+00 1.001905e+00 9.936658e-01 1.197667e+00 2 0 3.807057e-04 2.807671e-03 9.868021e-04 4.595556e-03 -1.820868e-03
2.580460e+00 -5.600511e+00 9.929730e-01 9.993642e-01 1.004019e+00 9.901911e-01 1.198934e+00 2 0 -4.132000e-05 -1.763460e-02 -2.962626e-03 5.552150e-03 1.467197e-02
2.380423e+00 -7.601128e+00 1.006185e+00 9.968783e-01 1.000018e+00 1.008841e+00 1.191803e+00 2 0 -1.948929e-03 -5.172309e-03 -4.787079e-03 -1.157856e-02 3.852302e-04
2.398113e+00 -7.255473e+00 1.004522e+00 9.957921e-01 9.983750e-01 1.006092e+00 1.190813e+00 2 0 7.614279e-03 -1.572396e-03 -4.834053e-03 -8.233164e-04 -3.261657e-03
2.380423e+00 -6.601128e+00 9.986073e-01 9.968478e-01 9.987825e-01 9.981453e-01 1.192894e+00 2 0 1.871804e-03 4.569479e-03 3.492030e-03 1.334918e-03 -1.077449e-03
2.299270e+00 -5.948523e+00 9.971432e-01 9.999245e-01 1.000894e+00 9.962131e-01 1.196276e+00 2 0 2.766334e-03 2.309130e-03 3.005461e-03 7.504843e-03 6.963311e-04
2.235114e+00 -5.605527e+00 9.941611e-01 9.985419e-01 1.004263e+00 9.920866e-01 1.198161e+00 2 0 4.949720e-03 -1.603824e-02 9.287953e-04 6.561555e-03 1.696704e-02
VARIABLES = "X", "Y", "ro", "u", "v", "pre", "Ma", "PART", "IMEX", "Ux", "Uy", "Vx", "Vy", "Vort" 
ZONE I=5, J=5, DATAPACKING=POINT
4.235114e+00 -5.815078e+00 9.963236e-01 9.967039e-01 9.997952e-01 9.948480e-01 1.194022e+00 2 0 8.779007e-03 1.295738e-03 4.519607e-03 6.381605e-03 3.223868e-03
4.159932e+00 -5.453190e+00 9.957108e-01 9.962906e-01 1.000940e+00 9.940195e-01 1.194592e+00 2 0 2.927812e-03 -1.028826e-03 2.150061e-03 3.309766e-03 3.178887e-03
4.000000e+00 -4.764886e+00 9.954770e-01 9.965804e-01 1.001465e+00 9.936462e-01 1.195164e+00 2 0 9.460342e-03 5.541239e-03 4.645011e-03 -1.204490e-03 -8.962280e-04
3.840068e+00 -4.078954e+00 1.000006e+00 9.998495e-01 9.982861e-01 1.000040e+00 1.194094e+00 2 0 1.458711e-02 6.739474e-03 4.503367e-03 -3.519673e-03 -2.236107e-03
3.764886e+00 -3.719815e+00 1.001567e+00 9.996222e-01 9.981458e-01 1.002200e+00 1.193518e+00 2 0 1.487265e-02 -3.005417e-03 -6.734319e-03 8.433092e-03 -3.728902e-03
3.889768e+00 -5.743054e+00 9.985851e-01 9.950656e-01 9.993302e-01 9.980168e-01 1.192222e+00 2 0 5.232840e-05 -2.172321e-03 1.221859e-03 6.442766e-03 3.394180e-03
3.814586e+00 -5.383519e+00 9.963975e-01 9.946620e-01 1.000896e+00 9.949671e-01 1.193437e+00 2 0 1.758424e-03 -2.852628e-04 -4.449587e-04 2.200363e-03 -1.596959e-04
3.654654e+00 -4.700730e+00 9.974578e-01 9.950074e-01 9.996875e-01 9.964520e-01 1.192663e+00 2 0 8.101412e-04 2.266303e-03 3.819670e-03 -3.970143e-03 1.553367e-03
3.494722e+00 -4.020961e+00 1.003104e+00 9.969167e-01 9.975698e-01 1.004294e+00 1.191228e+00 2 0 5.430343e-03 2.794493e-03 -4.596286e-04 2.112386e-03 -3.254122e-03
3.419540e+00 -3.664926e+00 1.002153e+00 9.961088e-01 1.000659e+00 1.002939e+00 1.192832e+00 2 0 3.708552e-03 -1.132266e-02 -4.154674e-03 1.494233e-02 7.167988e-03
3.235114e+00 -5.641915e+00 9.963128e-01 9.970512e-01 1.001080e+00 9.947190e-01 1.195070e+00 2 0 -4.271769e-03 -4.166116e-03 -3.655510e-03 8.672688e-03 5.106053e-04
3.159932e+00 -5.288551e+00 9.943499e-01 9.970143e-01 1.001761e+00 9.921821e-01 1.195804e+00 2 0 -7.363984e-03 -1.123834e-03 -1.594197e-03 -3.908256e-03 -4.703633e-04
3.000000e+00 -4.619577e+00 9.994034e-01 9.968307e-01 9.979778e-01 9.991267e-01 1.192291e+00 2 0 -3.536609e-03 -1.684909e-03 5.328533e-04 -3.412524e-03 2.217762e-03
2.840068e+00 -3.954442e+00 1.002794e+00 9.967500e-01 9.996784e-01 1.003879e+00 1.192451e+00 2 0 -3.429194e-03 -4.135897e-04 -3.698038e-03 7.018727e-03 -3.284448e-03
2.764886e+00 -3.605527e+00 1.002255e+00 9.963502e-01 1.002442e+00 1.003151e+00 1.193979e+00 2 0 -4.067084e-03 -1.196806e-02 4.197136e-04 2.348817e-03 1.238778e-02
2.580460e+00 -5.600511e+00 9.927833e-01 9.981829e-01 1.003619e+00 9.898597e-01 1.198075e+00 2 0 1.289598e-03 7.202414e-03 -1.239856e-03 -2.539630e-04 -8.442270e-03
2.505278e+00 -5.254656e+00 9.950869e-01 1.000153e+00 1.002263e+00 9.930722e-01 1.197886e+00 2 0 8.339877e-04 -3.547991e-04 -6.463536e-04 -7.993905e-03 -2.915545e-04
2.345346e+00 -4.601887e+00 9.996474e-01 9.973915e-01 9.980527e-01 9.992074e-01 1.192769e+00 2 0 2.181445e-03 -1.778388e-03 -1.204989e-04 -1.178751e-03 1.657889e-03
2.185414e+00 -3.953135e+00 1.000240e+00 9.997262e-01 1.001496e+00 1.001094e+00 1.195449e+00 2 0 -4.199389e-03 3.664102e-03 -1.563157e-03 7.965397e-03 -5.227259e-03
2.110232e+00 -3.611935e+00 9.998400e-01 9.979024e-01 1.002911e+00 1.000635e+00 1.195244e+00 2 0 2.560743e-03 -3.502881e-02 -4.827489e-03 -6.623173e-03 3.020132e-02
2.235114e+00 -5.605527e+00 9.945585e-01 9.975625e-01 1.003028e+00 9.928175e-01 1.196634e+00 2 0 3.045216e-03 1.221207e-03 3.758455e-03 -2.408962e-03 2.537249e-03
2.159932e+00 -5.263750e+00 9.957158e-01 9.980975e-01 1.002627e+00 9.936462e-01 1.196909e+00 2 0 9.171336e-03 1.797385e-04 -1.569507e-03 -5.630491e-03 -1.749245e-03
2.000000e+00 -4.619577e+00 9.987629e-01 9.963459e-01 9.978207e-01 9.978041e-01 1.192315e+00 2 0 2.906023e-03 1.938569e-03 2.226399e-03 -3.802837e-03 2.878297e-04
1.840068e+00 -3.979243e+00 9.992888e-01 1.000439e+00 1.001746e+00 1.000373e+00 1.195886e+00 2 0 6.424774e-04 4.397220e-03 -2.811664e-03 1.498662e-02 -7.208884e-03
1.764886e+00 -3.641915e+00 9.961866e-01 9.968440e-01 1.006715e+00 9.963464e-01 1.197274e+00 2 0 9.852266e-03 -5.038661e-02 -1.543963e-02 -6.781379e-03 3.494698e-02
VARIABLES = "X", "Y", "ro", "u", "v", "pre", "Ma", "PART", "IMEX", "Ux", "Uy", "Vx", "Vy", "Vort" 
ZONE I=5, J=5, DATAPACKING=POINT
3.764886e+00 -3.719815e+00 1.000586e+00 9.996205e-01 9.989617e-01 1.000750e+00 1.194284e+00 2 0 1.979556e-02 8.205950e-05 -2.414037e-03 1.460766e-02 -2.496096e-03
3.700730e+00 -3.363192e+00 1.001018e+00 9.990059e-01 1.001211e+00 1.001542e+00 1.195046e+00 2 0 6.147519e-03 8.863998e-04 3.044544e-03 2.969537e-03 2.158144e-03
3.619577e+00 -2.694954e+00 1.002066e+00 9.993918e-01 1.000474e+00 1.002665e+00 1.194791e+00 2 0 1.190622e-02 1.713171e-03 -2.814603e-03 -3.636121e-03 -4.527774e-03
3.601887e+00 -2.037443e+00 1.000782e+00 1.001376e+00 9.971402e-01 1.001011e+00 1.194208e+00 2 0 -1.410069e-03 7.456490e-03 3.524254e-03 -6.881696e-03 -3.932235e-03
3.619577e+00 -1.694954e+00 1.001722e+00 1.005577e+00 9.945160e-01 1.002716e+00 1.194710e+00 2 0 -5.060749e-03 1.793230e-02 1.399479e-02 -1.039494e-02 -3.937503e-03
3.419540e+00 -3.664926e+00 1.001763e+00 9.952217e-01 1.000505e+00 1.002347e+00 1.192331e+00 2 0 8.411229e-03 1.272010e-02 -4.069353e-03 -4.343826e-03 -1.678946e-02
3.355384e+00 -3.311048e+00 1.004188e+00 9.977398e-01 1.000718e+00 1.005957e+00 1.193258e+00 2 0 1.485634e-03 1.206237e-03 8.176634e-04 2.673321e-03 -3.885736e-04
3.274231e+00 -2.646403e+00 1.002281e+00 9.966252e-01 1.001091e+00 1.003380e+00 1.193213e+00 2 0 5.647379e-03 5.813122e-04 -3.799558e-03 -3.814588e-03 -4.380871e-03
3.256541e+00 -1.989693e+00 1.002456e+00 1.000681e+00 9.968580e-01 1.003735e+00 1.192999e+00 2 0 2.421713e-03 1.130032e-02 -6.418713e-03 -5.396719e-03 -1.771904e-02
3.274231e+00 -1.646403e+00 1.002807e+00 1.004546e+00 9.969769e-01 1.003988e+00 1.195444e+00 2 0 1.931589e-03 1.097101e-02 -2.643555e-02 1.453564e-02 -3.740655e-02
2.764886e+00 -3.605527e+00 1.002739e+00 9.949457e-01 1.001654e+00 1.003796e+00 1.192575e+00 2 0 -1.961140e-03 1.482899e-02 -9.866955e-04 -1.061403e-02 -1.581568e-02
2.700730e+00 -3.257831e+00 1.003335e+00 9.981207e-01 1.002193e+00 1.004743e+00 1.194580e+00 2 0 -1.669415e-03 -7.937698e-04 -4.871146e-03 5.100661e-03 -4.077376e-03
2.619577e+00 -2.601128e+00 1.000581e+00 9.974785e-01 1.005261e+00 1.000828e+00 1.196727e+00 2 0 -9.208766e-03 7.884208e-03 -8.740433e-03 3.046619e-03 -1.662464e-02
2.601887e+00 -1.946165e+00 1.003430e+00 1.015988e+00 1.017114e+00 1.004438e+00 1.214402e+00 2 0 -5.754124e-02 4.749748e-02 -5.637288e-02 4.808952e-02 -1.038704e-01
2.619577e+00 -1.601128e+00 9.994421e-01 1.032819e+00 1.043784e+00 9.995352e-01 1.240967e+00 2 0 -9.920097e-02 4.814814e-02 -1.093228e-01 1.206476e-01 -1.574709e-01
2.110232e+00 -3.611935e+00 9.991611e-01 9.951791e-01 1.002465e+00 9.994325e-01 1.193667e+00 2 0 1.662470e-03 3.017600e-02 -4.121724e-03 1.723494e-02 -3.429773e-02
2.046076e+00 -3.270813e+00 9.998502e-01 9.997898e-01 1.006244e+00 1.000151e+00 1.198660e+00 2 0 -3.547450e-03 -4.752496e-03 -5.825826e-03 3.015528e-03 -1.073330e-03
1.964923e+00 -2.622394e+00 1.003204e+00 1.009469e+00 1.011401e+00 1.001473e+00 1.208744e+00 2 0 -3.149153e-02 5.456273e-02 -1.126020e-02 2.504801e-02 -6.582293e-02
1.947233e+00 -1.969230e+00 1.005957e+00 1.081495e+00 1.060945e+00 1.007018e+00 1.279737e+00 2 0 -1.503383e-01 1.539789e-01 -7.174960e-02 1.444757e-01 -2.257285e-01
1.964923e+00 -1.622394e+00 9.979869e-01 1.133292e+00 1.127996e+00 9.984797e-01 1.351048e+00 2 0 -2.063144e-01 1.484866e-01 -1.481809e-01 2.537735e-01 -2.966675e-01
1.764886e+00 -3.641915e+00 9.965636e-01 9.931552e-01 1.004270e+00 9.968792e-01 1.193520e+00 2 0 -9.580059e-04 5.901213e-02 -6.765833e-03 -5.516634e-03 -6.577796e-02
1.700730e+00 -3.304043e+00 1.000827e+00 1.001541e+00 1.007360e+00 1.001404e+00 1.200207e+00 2 0 -3.360670e-03 -5.755470e-03 -7.446404e-04 7.552721e-03 5.010830e-03
1.619577e+00 -2.659658e+00 1.006450e+00 1.020099e+00 1.014487e+00 1.004884e+00 1.216850e+00 2 0 -4.799625e-02 9.430732e-02 -1.350841e-02 2.709275e-02 -1.078157e-01
1.601887e+00 -2.007361e+00 1.006096e+00 1.132797e+00 1.073582e+00 1.008165e+00 1.317684e+00 2 0 -1.804171e-01 2.229272e-01 -3.309053e-02 1.836961e-01 -2.560177e-01
1.619577e+00 -1.659658e+00 9.811592e-01 1.202972e+00 1.165190e+00 9.773872e-01 1.418157e+00 2 0 -2.364785e-01 1.814680e-01 -1.271269e-01 3.607551e-01 -3.085949e-01
VARIABLES = "X", "Y", "ro", "u", "v", "pre", "Ma", "PART", "IMEX", "Ux", "Uy", "Vx", "Vy", "Vort" 
ZONE I=5, J=5, DATAPACKING=POINT
3.619577e+00 -1.694954e+00 1.001685e+00 1.005449e+00 9.943191e-01 1.002618e+00 1.194552e+00 2 0 -1.248228e-02 1.918336e-02 1.009658e-02 4.136752e-03 -9.086784e-03
3.655109e+00 -1.355460e+00 9.996222e-01 1.009991e+00 9.977097e-01 1.000179e+00 1.199519e+00 2 0 3.327577e-02 4.126258e-03 -2.286920e-02 1.604710e-02 -2.699546e-02
3.764886e+00 -7.198151e-01 9.926535e-01 1.011015e+00 1.007066e+00 9.910474e-01 1.207013e+00 2 0 3.182559e-02 -1.045559e-02 2.263069e-05 1.452662e-02 1.047822e-02
3.913885e+00 -9.307482e-02 9.917891e-01 1.006356e+00 1.014383e+00 9.909535e-01 1.208141e+00 2 0 3.899013e-03 -1.051260e-02 4.375235e-02 -3.426322e-03 5.426495e-02
4.000000e+00 2.351141e-01 9.943164e-01 1.003204e+00 1.016239e+00 9.949390e-01 1.206495e+00 2 0 1.646855e-03 -9.232504e-03 4.163084e-02 -8.930421e-03 5.086334e-02
3.274231e+00 -1.646403e+00 1.002008e+00 1.004893e+00 9.976863e-01 1.002756e+00 1.196332e+00 2 0 3.098258e-03 3.229899e-03 -2.460593e-02 3.289784e-02 -2.783583e-02
3.309763e+00 -1.305320e+00 9.977622e-01 1.006390e+00 1.006449e+00 9.968079e-01 1.203477e+00 2 0 -1.238550e-02 8.168325e-03 -3.470940e-02 2.802946e-02 -4.287772e-02
3.419540e+00 -6.649256e-01 9.959145e-01 1.011071e+00 1.015765e+00 9.935281e-01 1.212723e+00 2 0 -2.928286e-02 1.158746e-02 -5.677620e-02 1.530678e-02 -6.836366e-02
3.568539e+00 -3.216105e-02 9.996707e-01 1.011431e+00 1.013568e+00 9.983093e-01 1.210994e+00 2 0 -3.103864e-02 2.045481e-03 -3.818643e-02 3.202821e-03 -4.023191e-02
3.654654e+00 2.992696e-01 1.000603e+00 1.008197e+00 1.012776e+00 9.998055e-01 1.208247e+00 2 0 -2.622955e-02 -5.335605e-03 -1.867256e-02 9.602088e-03 -1.333695e-02
2.619577e+00 -1.601128e+00 1.000523e+00 1.031649e+00 1.043407e+00 1.001214e+00 1.239675e+00 2 0 -9.795287e-02 7.762998e-02 -1.080604e-01 6.095613e-02 -1.856904e-01
2.655109e+00 -1.256552e+00 1.000293e+00 1.051688e+00 1.071100e+00 1.001510e+00 1.267890e+00 2 0 -1.257483e-01 5.731863e-02 -1.643743e-01 1.184969e-01 -2.216929e-01
2.764886e+00 -6.055272e-01 1.000764e+00 1.055049e+00 1.123378e+00 1.003362e+00 1.300812e+00 2 0 -1.000553e-01 -8.649696e-03 -2.744055e-01 9.611075e-02 -2.657558e-01
2.913885e+00 4.120471e-02 1.002755e+00 1.024917e+00 1.118633e+00 1.005008e+00 1.280802e+00 2 0 -3.576545e-03 -5.415490e-02 -2.949737e-01 2.155561e-02 -2.408188e-01
3.000000e+00 3.804226e-01 1.000231e+00 1.007903e+00 1.095990e+00 1.000076e+00 1.258515e+00 2 0 3.551513e-02 -5.234011e-02 -2.536357e-01 -7.989976e-03 -2.012956e-01
1.964923e+00 -1.622394e+00 1.000686e+00 1.132848e+00 1.126631e+00 1.002105e+00 1.349346e+00 2 0 -2.089575e-01 1.565917e-01 -1.433661e-01 2.011055e-01 -2.999578e-01
2.000455e+00 -1.274196e+00 9.882640e-01 1.171893e+00 1.207070e+00 9.879476e-01 1.422086e+00 2 0 -2.474088e-01 1.085127e-01 -2.321711e-01 2.826175e-01 -3.406838e-01
2.110232e+00 -6.119352e-01 9.751555e-01 1.157449e+00 1.354618e+00 9.713165e-01 1.508837e+00 2 0 -2.371655e-01 -7.917397e-02 -3.872440e-01 2.308732e-01 -3.080700e-01
2.259231e+00 5.008560e-02 9.785821e-01 1.032518e+00 1.386754e+00 9.746620e-01 1.464143e+00 2 0 -5.964738e-02 -1.998954e-01 -4.784513e-01 4.800139e-02 -2.785559e-01
2.345346e+00 3.981130e-01 9.830401e-01 9.685110e-01 1.339703e+00 9.802612e-01 1.399123e+00 2 0 5.239693e-02 -1.427505e-01 -4.571099e-01 -7.769446e-02 -3.143593e-01
1.619577e+00 -1.659658e+00 9.832111e-01 1.203218e+00 1.163618e+00 9.806766e-01 1.416480e+00 2 0 -2.461977e-01 2.205718e-01 -1.075908e-01 2.430810e-01 -3.281626e-01
1.655109e+00 -1.309705e+00 9.721382e-01 1.264620e+00 1.263789e+00 9.653081e-01 1.516350e+00 2 0 -3.346152e-01 1.813076e-01 -1.229349e-01 3.309918e-01 -3.042424e-01
1.764886e+00 -6.419145e-01 9.653414e-01 1.267853e+00 1.461900e+00 9.530208e-01 1.645994e+00 2 0 -4.155931e-01 -6.991243e-02 -2.442620e-01 2.845928e-01 -1.743496e-01
1.913885e+00 2.783502e-02 9.695477e-01 1.084755e+00 1.541004e+00 9.589968e-01 1.601441e+00 2 0 -2.396216e-01 -2.940064e-01 -3.997872e-01 6.947593e-02 -1.057808e-01
2.000000e+00 3.804226e-01 9.777879e-01 9.674746e-01 1.497262e+00 9.702978e-01 1.512409e+00 2 0 -3.479066e-02 -2.533701e-01 -4.312820e-01 -1.140951e-01 -1.779118e-01
VARIABLES = "X", "Y", "ro", "u", "v", "pre", "Ma", "PART", "IMEX", "Ux", "Uy", "Vx", "Vy", "Vort" 
ZONE I=5, J=5, DATAPACKING=POINT
6.380423e+00 -8.305046e+00 1.004177e+00 1.002378e+00 9.992441e-01 1.005852e+00 1.195203e+00 2 0 -1.326576e-02 -8.054983e-03 -6.579388e-03 -2.517844e-03 1.475594e-03
6.398113e+00 -7.962557e+00 1.004686e+00 9.995636e-01 1.000458e+00 1.006573e+00 1.194121e+00 2 0 7.914191e-04 -5.370800e-03 -4.927276e-03 2.285998e-03 4.435245e-04
6.380423e+00 -7.305046e+00 1.007579e+00 1.000352e+00 9.964399e-01 1.010623e+00 1.191515e+00 2 0 -7.362338e-03 6.348956e-03 9.107268e-03 -1.344216e-02 2.758312e-03
6.299270e+00 -6.636808e+00 1.013968e+00 1.005598e+00 9.868341e-01 1.019618e+00 1.187455e+00 2 0 -7.195116e-04 5.295257e-03 5.416154e-04 -8.406399e-03 -4.753642e-03
6.235114e+00 -6.280185e+00 1.012264e+00 1.005953e+00 9.869027e-01 1.017224e+00 1.188106e+00 2 0 1.287405e-02 -1.029240e-03 -6.471903e-04 9.471361e-03 3.820500e-04
6.035077e+00 -8.242188e+00 1.001899e+00 1.004034e+00 1.000892e+00 1.002669e+00 1.197714e+00 2 0 -6.693008e-04 -1.271577e-02 -1.036183e-03 1.245424e-02 1.167959e-02
6.052767e+00 -7.900366e+00 1.003496e+00 1.001029e+00 1.001955e+00 1.004899e+00 1.196176e+00 2 0 -7.989995e-03 -1.686086e-03 -2.278683e-03 -6.624717e-03 -5.925968e-04
6.035077e+00 -7.242188e+00 1.011045e+00 1.004196e+00 9.925973e-01 1.015492e+00 1.190717e+00 2 0 -1.087066e-02 6.366338e-03 6.891693e-03 -1.505930e-02 5.253552e-04
5.953924e+00 -6.570994e+00 1.012159e+00 1.005618e+00 9.872461e-01 1.017070e+00 1.188135e+00 2 0 1.760312e-03 -5.142645e-03 -6.056460e-03 1.122191e-03 -9.138152e-04
5.889768e+00 -6.212155e+00 1.008264e+00 1.001862e+00 9.901974e-01 1.011617e+00 1.188529e+00 2 0 7.075468e-03 -1.423476e-02 -1.098201e-02 1.242112e-02 3.252749e-03
5.380423e+00 -8.094703e+00 1.002624e+00 1.000824e+00 9.992654e-01 1.003689e+00 1.194648e+00 2 0 6.658052e-03 1.553964e-02 1.005992e-02 3.495004e-03 -5.479723e-03
5.398113e+00 -7.753671e+00 1.006170e+00 1.006122e+00 9.968000e-01 1.008655e+00 1.195512e+00 2 0 -1.815091e-03 1.227255e-02 1.197028e-02 -1.297297e-02 -3.022735e-04
5.380423e+00 -7.094703e+00 1.010360e+00 1.008341e+00 9.903998e-01 1.014526e+00 1.192069e+00 2 0 1.067422e-03 -5.260184e-03 -4.805950e-03 -2.422635e-03 4.542340e-04
5.299270e+00 -6.420118e+00 1.002779e+00 1.001255e+00 9.947666e-01 1.003901e+00 1.192191e+00 2 0 6.048940e-03 -1.151995e-02 -1.084538e-02 1.003544e-02 6.745728e-04
5.235114e+00 -6.058876e+00 9.987720e-01 9.975151e-01 9.984296e-01 9.982628e-01 1.193109e+00 2 0 1.744698e-03 -7.029660e-03 -6.364576e-03 5.916769e-03 6.650845e-04
4.725769e+00 -7.931419e+00 1.008391e+00 1.002299e+00 9.913703e-01 1.011779e+00 1.189467e+00 2 0 -3.338294e-03 9.891799e-03 5.121202e-03 -1.927736e-02 -4.770597e-03
4.743459e+00 -7.590457e+00 1.010868e+00 1.004388e+00 9.889586e-01 1.015248e+00 1.188716e+00 2 0 1.096673e-02 1.077423e-03 2.498336e-03 3.526777e-03 1.420913e-03
4.725769e+00 -6.931419e+00 1.002966e+00 1.001506e+00 9.960855e-01 1.004155e+00 1.193087e+00 2 0 1.370499e-02 -6.648522e-03 -5.937259e-03 1.130599e-02 7.112625e-04
4.644616e+00 -6.256769e+00 9.973259e-01 9.971553e-01 1.000037e+00 9.962548e-01 1.194193e+00 2 0 6.027842e-04 -3.600983e-03 -5.971382e-04 -3.384678e-04 3.003845e-03
4.580460e+00 -5.895775e+00 9.972122e-01 9.965565e-01 9.994273e-01 9.961083e-01 1.193490e+00 2 0 1.986121e-04 -4.193785e-04 1.747021e-03 -2.142839e-03 2.166399e-03
4.380423e+00 -7.848187e+00 1.008791e+00 1.003568e+00 9.903331e-01 1.012344e+00 1.189517e+00 2 0 -7.144789e-04 -1.279118e-02 -5.868410e-03 4.955788e-03 6.922769e-03
4.398113e+00 -7.506963e+00 1.006925e+00 9.992626e-01 9.927085e-01 1.009718e+00 1.188790e+00 2 0 1.441399e-02 -9.876482e-03 -2.011193e-02 8.428714e-03 -1.023545e-02
4.380423e+00 -6.848187e+00 1.002646e+00 9.968556e-01 9.973138e-01 1.003681e+00 1.191129e+00 2 0 1.080656e-02 1.923324e-03 5.081669e-03 5.036226e-03 3.158345e-03
4.299270e+00 -6.174868e+00 9.991966e-01 9.980468e-01 9.986029e-01 9.989174e-01 1.193393e+00 2 0 -6.352576e-03 -1.495645e-03 6.245639e-03 1.458632e-03 7.741284e-03
4.235114e+00 -5.815078e+00 9.971866e-01 9.965258e-01 9.992758e-01 9.960845e-01 1.193380e+00 2 0 -4.671171e-03 -1.055593e-02 -2.064585e-03 7.016753e-03 8.491343e-03
VARIABLES = "X", "Y", "ro", "u", "v", "pre", "Ma", "PART", "IMEX", "Ux", "Uy", "Vx", "Vy", "Vort" 
ZONE I=5, J=5, DATAPACKING=POINT
6.235114e+00 -6.280185e+00 1.012567e+00 1.006127e+00 9.866458e-01 1.017646e+00 1.187990e+00 2 0 1.344925e-02 -3.670753e-03 6.271055e-04 2.008242e-02 4.297858e-03
6.159932e+00 -5.921046e+00 1.005374e+00 1.003916e+00 9.930091e-01 1.007540e+00 1.192126e+00 2 0 2.142309e-02 -1.435961e-04 7.005545e-03 1.611361e-02 7.149141e-03
6.000000e+00 -5.235114e+00 9.997274e-01 1.001127e+00 1.000248e+00 9.996130e-01 1.196119e+00 2 0 2.706853e-02 2.157180e-03 3.035052e-04 7.774874e-03 -1.853674e-03
5.840068e+00 -4.546810e+00 9.972702e-01 9.981563e-01 1.004564e+00 9.961905e-01 1.197509e+00 2 0 1.504504e-02 -9.605277e-04 -1.568040e-03 4.777518e-03 -6.075127e-04
5.764886e+00 -4.184922e+00 9.957899e-01 9.969207e-01 1.006163e+00 9.941041e-01 1.198099e+00 2 0 3.540789e-03 -6.023844e-04 8.859450e-04 4.635421e-03 1.488329e-03
5.889768e+00 -6.212155e+00 1.008075e+00 1.001795e+00 9.903272e-01 1.011355e+00 1.188608e+00 2 0 7.951461e-03 -1.162348e-02 -1.224951e-02 1.124088e-02 -6.260300e-04
5.814586e+00 -5.850560e+00 1.004509e+00 9.981904e-01 9.944817e-01 1.006323e+00 1.189777e+00 2 0 1.038626e-02 -4.981629e-03 -5.611916e-03 8.786484e-03 -6.302875e-04
5.654654e+00 -5.159932e+00 1.000409e+00 9.951874e-01 1.000557e+00 1.000566e+00 1.192597e+00 2 0 1.073385e-02 1.603158e-04 7.345849e-04 7.927681e-03 5.742691e-04
5.494722e+00 -4.467691e+00 9.980071e-01 9.946375e-01 1.004610e+00 9.972414e-01 1.195253e+00 2 0 6.133271e-03 1.981278e-03 2.622377e-03 3.866992e-03 6.410989e-04
5.419540e+00 -4.104225e+00 9.979436e-01 9.951517e-01 1.005145e+00 9.971234e-01 1.195913e+00 2 0 3.461735e-03 2.285902e-03 5.948122e-03 2.380903e-03 3.662221e-03
5.235114e+00 -6.058876e+00 9.985661e-01 9.974142e-01 9.986131e-01 9.979742e-01 1.193208e+00 2 0 2.181629e-03 -5.168177e-03 -6.742112e-03 8.647413e-04 -1.573934e-03
5.159932e+00 -5.694782e+00 9.982963e-01 9.957205e-01 9.994796e-01 9.975993e-01 1.192779e+00 2 0 -2.834478e-03 -4.666977e-03 -4.902314e-03 2.035269e-03 -2.353370e-04
5.000000e+00 -5.000000e+00 9.979644e-01 9.940613e-01 1.001973e+00 9.971582e-01 1.193350e+00 2 0 -5.158171e-03 -1.522090e-03 -2.203747e-03 2.776207e-03 -6.816575e-04
4.840068e+00 -4.305218e+00 9.995311e-01 9.954061e-01 1.002602e+00 9.993484e-01 1.194155e+00 2 0 -5.819619e-03 2.676741e-03 3.219496e-03 -1.935592e-03 5.427553e-04
4.764886e+00 -3.941124e+00 1.002248e+00 9.970046e-01 1.000560e+00 1.003182e+00 1.193219e+00 2 0 -7.157197e-03 1.938398e-03 5.121754e-03 -8.517152e-03 3.183356e-03
4.580460e+00 -5.895775e+00 9.973026e-01 9.964023e-01 9.992788e-01 9.962324e-01 1.193289e+00 2 0 9.631516e-04 2.331827e-03 2.190602e-03 2.585575e-03 -1.412243e-04
4.505278e+00 -5.532309e+00 9.957513e-01 9.968627e-01 1.000896e+00 9.940816e-01 1.194894e+00 2 0 1.047950e-03 5.573040e-04 1.404685e-03 5.431635e-03 8.473805e-04
4.345346e+00 -4.840068e+00 9.948297e-01 9.974996e-01 1.002918e+00 9.927568e-01 1.196730e+00 2 0 -1.442605e-03 2.028050e-03 1.509031e-03 -1.966540e-04 -5.190188e-04
4.185414e+00 -4.149440e+00 9.988459e-01 1.000072e+00 1.000041e+00 9.983525e-01 1.195591e+00 2 0 -3.780244e-03 3.487726e-03 3.085334e-03 -6.198610e-03 -4.023927e-04
4.110232e+00 -3.787845e+00 1.001990e+00 1.001390e+00 9.974713e-01 1.002833e+00 1.194048e+00 2 0 -7.219125e-04 3.567898e-03 -3.060796e-04 -7.013358e-03 -3.873978e-03
4.235114e+00 -5.815078e+00 9.963147e-01 9.963780e-01 9.998978e-01 9.948436e-01 1.193887e+00 2 0 -2.790218e-03 -3.335843e-03 -5.626491e-03 5.244361e-03 -2.290648e-03
4.159932e+00 -5.453190e+00 9.960275e-01 9.955288e-01 1.000923e+00 9.944561e-01 1.194055e+00 2 0 2.914695e-03 -1.285911e-03 -3.343670e-04 2.230363e-03 9.515440e-04
4.000000e+00 -4.764886e+00 9.957098e-01 9.963050e-01 1.001335e+00 9.939687e-01 1.194867e+00 2 0 1.053849e-02 6.923361e-03 7.383216e-03 -3.868881e-04 4.598554e-04
3.840068e+00 -4.078954e+00 9.997767e-01 1.000024e+00 9.982234e-01 9.997346e-01 1.194207e+00 2 0 8.297981e-03 5.198623e-03 5.179391e-03 -3.551232e-03 -1.923180e-05
3.764886e+00 -3.719815e+00 1.001482e+00 9.995748e-01 9.980044e-01 1.002099e+00 1.193415e+00 2 0 1.231833e-02 -4.399030e-03 -3.234437e-03 1.002889e-02 1.164593e-03
VARIABLES = "X", "Y", "ro", "u", "v", "pre", "Ma", "PART", "IMEX", "Ux", "Uy", "Vx", "Vy", "Vort" 
ZONE I=5, J=5, DATAPACKING=POINT
5.764886e+00 -4.184922e+00 9.954985e-01 9.970303e-01 1.006358e+00 9.936851e-01 1.198359e+00 2 0 2.696352e-03 -3.094879e-03 -8.637450e-04 9.421531e-04 2.231134e-03
5.700730e+00 -3.825132e+00 9.963830e-01 9.972842e-01 1.005455e+00 9.949555e-01 1.197734e+00 2 0 -9.291360e-04 4.252315e-03 3.598068e-03 -4.003926e-03 -6.542471e-04
5.619577e+00 -3.151813e+00 9.986344e-01 1.001331e+00 1.001553e+00 9.980677e-01 1.197292e+00 2 0 -2.538783e-03 4.839216e-03 9.735422e-03 -4.992238e-03 4.896206e-03
5.601887e+00 -2.493037e+00 1.000254e+00 1.002517e+00 9.989255e-01 1.000313e+00 1.196057e+00 2 0 -5.081094e-03 -7.051394e-04 7.364647e-04 -2.000881e-03 1.441604e-03
5.619577e+00 -2.151813e+00 1.000672e+00 1.002371e+00 9.985942e-01 1.000993e+00 1.195616e+00 2 0 -9.726223e-04 1.843792e-03 -3.409977e-03 -4.468437e-04 -5.253769e-03
5.419540e+00 -4.104225e+00 9.975229e-01 9.950042e-01 1.005457e+00 9.965268e-01 1.196118e+00 2 0 4.823416e-03 4.994534e-03 4.713835e-03 -3.145195e-03 -2.806989e-04
5.355384e+00 -3.743231e+00 1.000375e+00 9.973428e-01 1.002951e+00 1.000507e+00 1.195330e+00 2 0 1.550446e-03 7.501812e-03 6.869318e-03 -6.232163e-03 -6.324947e-04
5.274231e+00 -3.068581e+00 1.001942e+00 1.001006e+00 9.994797e-01 1.002711e+00 1.195061e+00 2 0 4.799300e-03 2.966176e-03 2.143551e-03 -2.041412e-03 -8.226250e-04
5.256541e+00 -2.409543e+00 1.000278e+00 1.001149e+00 9.992968e-01 1.000421e+00 1.195410e+00 2 0 9.032489e-03 -1.343528e-03 -1.182740e-03 1.396037e-04 1.607881e-04
5.274231e+00 -2.068581e+00 1.000033e+00 1.000909e+00 9.988346e-01 1.000120e+00 1.195024e+00 2 0 8.063509e-03 -1.906795e-03 1.388723e-03 -3.338436e-03 3.295519e-03
4.764886e+00 -3.941124e+00 1.002274e+00 9.968284e-01 1.000401e+00 1.003246e+00 1.192997e+00 2 0 -6.972156e-03 5.431605e-03 5.983728e-03 -8.546082e-03 5.521233e-04
4.700730e+00 -3.579882e+00 1.004549e+00 9.986007e-01 9.989916e-01 1.006346e+00 1.192724e+00 2 0 -2.884119e-03 1.827204e-03 2.068261e-03 3.386858e-04 2.410566e-04
4.619577e+00 -2.905297e+00 1.002778e+00 9.979175e-01 1.000323e+00 1.003950e+00 1.193480e+00 2 0 2.264343e-03 -2.911217e-03 -3.293236e-03 1.044478e-03 -3.820193e-04
4.601887e+00 -2.246329e+00 1.002520e+00 9.962684e-01 9.986300e-01 1.003564e+00 1.191561e+00 2 0 8.495482e-04 -8.063243e-04 1.782204e-03 -7.007548e-03 2.588528e-03
4.619577e+00 -1.905297e+00 1.004127e+00 9.965198e-01 9.955390e-01 1.005628e+00 1.189594e+00 2 0 1.321800e-03 1.770794e-03 3.139539e-03 -1.076818e-02 1.368746e-03
4.110232e+00 -3.787845e+00 1.002034e+00 1.001658e+00 9.974186e-01 1.002905e+00 1.194160e+00 2 0 -2.251361e-03 -2.684823e-03 1.326597e-03 8.746922e-03 4.011420e-03
4.046076e+00 -3.429006e+00 1.000855e+00 1.000114e+00 1.000311e+00 1.001258e+00 1.195242e+00 2 0 -4.307680e-04 -4.523234e-03 -2.905445e-03 6.329463e-03 1.617789e-03
3.964923e+00 -2.757811e+00 1.000782e+00 9.984525e-01 1.001700e+00 1.000958e+00 1.195216e+00 2 0 -3.876036e-03 -8.024218e-05 5.360152e-04 -3.466909e-03 6.162573e-04
3.947233e+00 -2.099634e+00 1.001796e+00 9.999909e-01 9.965494e-01 1.002409e+00 1.192798e+00 2 0 -7.584209e-03 3.556038e-03 -1.242493e-03 -9.723979e-03 -4.798531e-03
3.964923e+00 -1.757812e+00 1.002358e+00 1.000883e+00 9.940125e-01 1.003396e+00 1.191568e+00 2 0 -1.201864e-02 1.551076e-03 -2.038397e-03 -8.361061e-04 -3.589472e-03
3.764886e+00 -3.719815e+00 1.000364e+00 9.996242e-01 9.990057e-01 1.000465e+00 1.194349e+00 2 0 1.460700e-02 -2.643840e-03 -5.428685e-03 1.616471e-02 -2.784845e-03
3.700730e+00 -3.363192e+00 1.000867e+00 9.988548e-01 1.001297e+00 1.001319e+00 1.195050e+00 2 0 6.854329e-03 1.564541e-03 6.286038e-04 1.894805e-03 -9.359370e-04
3.619577e+00 -2.694954e+00 1.002518e+00 9.997274e-01 1.000129e+00 1.003278e+00 1.194690e+00 2 0 -5.818357e-04 1.047412e-03 6.069681e-03 -2.965059e-03 5.022269e-03
3.601887e+00 -2.037443e+00 1.000602e+00 1.001311e+00 9.974523e-01 1.000731e+00 1.194415e+00 2 0 4.398086e-03 6.086926e-03 -6.097654e-03 -5.056103e-03 -1.218458e-02
3.619577e+00 -1.694954e+00 1.001390e+00 1.005087e+00 9.952811e-01 1.002314e+00 1.194911e+00 2 0 -9.703572e-03 1.619063e-02 -2.769973e-03 -9.372503e-03 -1.896060e-02
VARIABLES = "X", "Y", "ro", "u", "v", "pre", "Ma", "PART", "IMEX", "Ux", "Uy", "Vx", "Vy", "Vort" 
ZONE I=5, J=5, DATAPACKING=POINT
5.619577e+00 -2.151813e+00 1.000773e+00 1.002511e+00 9.984676e-01 1.001147e+00 1.195592e+00 2 0 -2.550752e-04 -3.762122e-03 -5.064113e-03 3.949508e-03 -1.301991e-03
5.655109e+00 -1.814691e+00 1.000644e+00 1.001995e+00 9.988681e-01 1.001088e+00 1.195481e+00 2 0 -8.830798e-03 2.258292e-03 -6.138473e-04 -6.659914e-04 -2.872139e-03
5.764886e+00 -1.184922e+00 9.998360e-01 1.004634e+00 9.984855e-01 1.000519e+00 1.196690e+00 2 0 -1.629291e-04 6.346474e-03 9.218888e-03 -6.246136e-04 2.872415e-03
5.913885e+00 -5.626149e-01 9.942206e-01 1.008839e+00 1.001281e+00 9.930522e-01 1.201992e+00 2 0 1.617395e-02 2.133548e-03 -2.835479e-03 8.462677e-03 -4.969027e-03
6.000000e+00 -2.351141e-01 9.897924e-01 1.010648e+00 1.004203e+00 9.867893e-01 1.205941e+00 2 0 1.575968e-02 -1.405161e-03 -1.120273e-02 1.486899e-02 -9.797572e-03
5.274231e+00 -2.068581e+00 9.998719e-01 1.000617e+00 9.988891e-01 9.998709e-01 1.194934e+00 2 0 1.045068e-02 5.803028e-03 2.625968e-03 1.432289e-04 -3.177060e-03
5.309763e+00 -1.732015e+00 1.000483e+00 1.002553e+00 9.978952e-01 1.000847e+00 1.195283e+00 2 0 6.123601e-03 2.350765e-03 3.279799e-03 -5.079022e-03 9.290337e-04
5.419540e+00 -1.104225e+00 1.000333e+00 1.002386e+00 9.963865e-01 1.000687e+00 1.194289e+00 2 0 9.694417e-03 -4.108391e-03 4.880295e-03 8.999613e-04 8.988685e-03
5.568539e+00 -4.852157e-01 9.957918e-01 1.002051e+00 1.000481e+00 9.946668e-01 1.197419e+00 2 0 1.685490e-02 -1.803134e-03 1.174472e-02 6.818423e-03 1.354786e-02
5.654654e+00 -1.599319e-01 9.934030e-01 1.003687e+00 1.003593e+00 9.915462e-01 1.200702e+00 2 0 1.749978e-02 7.730652e-04 1.676450e-02 4.145149e-03 1.599144e-02
4.619577e+00 -1.905297e+00 1.003999e+00 9.964268e-01 9.956042e-01 1.005449e+00 1.189608e+00 2 0 1.676773e-03 5.520692e-03 4.128319e-03 -2.934223e-03 -1.392373e-03
4.655109e+00 -1.568650e+00 1.002746e+00 9.981206e-01 9.953783e-01 1.003488e+00 1.190904e+00 2 0 2.680421e-03 3.536450e-03 1.911930e-03 5.309020e-04 -1.624520e-03
4.764886e+00 -9.411241e-01 9.985178e-01 9.994066e-01 9.958664e-01 9.971230e-01 1.193239e+00 2 0 -5.564113e-03 1.745994e-03 -3.963068e-03 3.658724e-04 -5.709062e-03
4.913885e+00 -3.237134e-01 9.991235e-01 9.997753e-01 9.942136e-01 9.974685e-01 1.192629e+00 2 0 -9.315441e-03 3.851172e-03 -1.033981e-03 -4.662019e-03 -4.885154e-03
5.000000e+00 2.143592e-08 1.001566e+00 1.000570e+00 9.922920e-01 1.000808e+00 1.191424e+00 2 0 -5.867574e-03 5.430855e-03 2.943572e-03 -9.215915e-03 -2.487283e-03
3.964923e+00 -1.757812e+00 1.001964e+00 1.000770e+00 9.944806e-01 1.002881e+00 1.191852e+00 2 0 -9.983383e-03 8.555898e-03 -5.088350e-04 3.245650e-03 -9.064733e-03
4.000455e+00 -1.419632e+00 1.001148e+00 1.003809e+00 9.959028e-01 1.001913e+00 1.194610e+00 2 0 -1.572890e-02 1.138266e-02 -1.474571e-03 7.479259e-03 -1.285723e-02
4.110232e+00 -7.878449e-01 1.000604e+00 1.008223e+00 1.002195e+00 1.001942e+00 1.200658e+00 2 0 -1.287850e-02 5.994512e-03 -1.177355e-02 1.249190e-02 -1.776807e-02
4.259231e+00 -1.658199e-01 1.002831e+00 1.007677e+00 1.005911e+00 1.005512e+00 1.201744e+00 2 0 -4.994655e-03 -3.349821e-03 -3.083221e-02 8.626025e-03 -2.748239e-02
4.345346e+00 1.599320e-01 1.004338e+00 1.005863e+00 1.005175e+00 1.007477e+00 1.199951e+00 2 0 -1.498637e-03 -4.455911e-03 -3.887883e-02 8.737249e-03 -3.442292e-02
3.619577e+00 -1.694954e+00 1.001394e+00 1.004763e+00 9.949018e-01 1.002295e+00 1.194506e+00 2 0 -8.890633e-03 2.351421e-02 2.470003e-03 -1.307714e-03 -2.104421e-02
3.655109e+00 -1.355460e+00 1.001003e+00 1.010415e+00 9.972373e-01 1.002184e+00 1.199120e+00 2 0 -1.325878e-02 1.142753e-02 -4.533893e-03 1.240236e-02 -1.596142e-02
3.764886e+00 -7.198151e-01 9.939297e-01 1.010404e+00 1.007478e+00 9.928108e-01 1.206596e+00 2 0 7.935523e-04 -7.291704e-03 -8.877123e-03 1.952855e-02 -1.585420e-03
3.913885e+00 -9.307482e-02 9.915492e-01 1.004628e+00 1.017027e+00 9.907899e-01 1.208656e+00 2 0 1.373308e-02 -1.281279e-02 -9.826394e-03 1.344884e-02 2.986393e-03
4.000000e+00 2.351141e-01 9.935831e-01 1.001943e+00 1.019413e+00 9.942091e-01 1.207656e+00 2 0 1.676416e-02 -1.274542e-02 -1.653799e-02 8.662662e-03 -3.792574e-03
VARIABLES = "X", "Y", "ro", "u", "v", "pre", "Ma", "PART", "IMEX", "Ux", "Uy", "Vx", "Vy", "Vort" 
ZONE I=5, J=5, DATAPACKING=POINT
8.380423e+00 -8.340342e+00 1.002483e+00 9.993625e-01 1.003618e+00 1.003510e+00 1.196399e+00 2 0 5.165392e-03 -6.491567e-03 -1.862478e-03 7.726390e-03 4.629089e-03
8.398113e+00 -7.992639e+00 1.001808e+00 9.968019e-01 1.004461e+00 1.002545e+00 1.195553e+00 2 0 -5.987849e-04 -6.517270e-03 -6.442986e-03 -6.739005e-04 7.428344e-05
8.380423e+00 -7.340342e+00 1.003938e+00 9.952995e-01 1.001641e+00 1.005511e+00 1.192473e+00 2 0 -1.150756e-02 1.279609e-03 3.624644e-04 -6.404314e-03 -9.171445e-04
8.299270e+00 -6.695957e+00 1.005448e+00 9.980245e-01 9.983788e-01 1.007625e+00 1.191789e+00 2 0 -4.338825e-03 3.668984e-03 3.561514e-03 -3.531629e-04 -1.074699e-04
8.235114e+00 -6.358085e+00 1.003928e+00 9.990159e-01 9.998881e-01 1.005512e+00 1.193632e+00 2 0 -1.728327e-03 3.164141e-03 2.278167e-03 1.469974e-02 -8.859733e-04
8.035077e+00 -8.377606e+00 1.004703e+00 9.975703e-01 1.004166e+00 1.006606e+00 1.195142e+00 2 0 5.381687e-03 -6.302007e-03 -2.630678e-03 1.217307e-02 3.671329e-03
8.052767e+00 -8.030770e+00 1.001651e+00 9.968322e-01 1.005196e+00 1.002311e+00 1.196057e+00 2 0 -3.384969e-04 1.448236e-03 2.031393e-03 -2.056836e-03 5.831562e-04
8.035077e+00 -7.377606e+00 1.000686e+00 9.991629e-01 1.001268e+00 1.000959e+00 1.195324e+00 2 0 -9.258017e-03 2.710861e-03 3.009712e-03 -7.104107e-03 2.988510e-04
7.953924e+00 -6.729187e+00 1.002455e+00 9.997884e-01 9.983393e-01 1.003438e+00 1.193525e+00 2 0 -4.621674e-03 -2.029886e-03 -2.438460e-03 -2.274675e-04 -4.085734e-04
7.889768e+00 -6.388065e+00 1.002502e+00 9.993496e-01 9.998457e-01 1.003514e+00 1.194145e+00 2 0 -3.153369e-03 -1.199994e-03 -7.642040e-04 9.311468e-03 4.357897e-04
7.380423e+00 -8.398872e+00 1.004507e+00 9.958816e-01 1.004156e+00 1.006312e+00 1.194189e+00 2 0 -5.992862e-04 2.668744e-03 2.238505e-03 -8.439411e-03 -4.302395e-04
7.398113e+00 -8.053835e+00 1.003092e+00 9.979938e-01 1.001374e+00 1.004330e+00 1.194116e+00 2 0 -3.359454e-03 7.038737e-03 7.253295e-03 -6.471942e-03 2.145583e-04
7.380423e+00 -7.398872e+00 9.996447e-01 1.001230e+00 9.993540e-01 9.995026e-01 1.195663e+00 2 0 2.447258e-03 2.529987e-03 2.530314e-03 -2.536845e-04 3.267216e-07
7.299270e+00 -6.742169e+00 1.000971e+00 1.002532e+00 9.989984e-01 1.001364e+00 1.195910e+00 2 0 -3.856682e-03 3.178657e-03 3.522578e-03 -2.304191e-03 3.439212e-04
7.235114e+00 -6.394473e+00 1.005191e+00 1.004889e+00 9.967358e-01 1.007269e+00 1.194975e+00 2 0 -1.194551e-02 5.710978e-03 1.025218e-02 -1.087129e-02 4.541201e-03
6.725769e+00 -8.353597e+00 1.003243e+00 9.990766e-01 1.001001e+00 1.004574e+00 1.194483e+00 2 0 -7.830057e-03 1.033332e-02 4.362703e-03 -1.711995e-02 -5.970615e-03
6.743459e+00 -8.010307e+00 1.004431e+00 1.000291e+00 9.986977e-01 1.006208e+00 1.193569e+00 2 0 -1.951020e-03 -2.086778e-03 -1.466531e-03 -1.317293e-03 6.202476e-04
6.725769e+00 -7.353597e+00 1.004113e+00 9.988011e-01 9.980215e-01 1.005754e+00 1.192356e+00 2 0 1.468086e-03 2.292890e-03 1.961761e-03 -4.195260e-03 -3.311291e-04
6.644616e+00 -6.688952e+00 1.009075e+00 1.005118e+00 9.921082e-01 1.012742e+00 1.191434e+00 2 0 -1.566536e-03 1.475399e-02 1.507659e-02 -9.123266e-03 3.226007e-04
6.580460e+00 -6.335074e+00 1.011832e+00 1.010243e+00 9.884175e-01 1.016602e+00 1.191694e+00 2 0 3.584868e-03 1.415572e-02 9.311857e-03 -7.001015e-03 -4.843865e-03
6.380423e+00 -8.305046e+00 1.004370e+00 1.002766e+00 9.989873e-01 1.006114e+00 1.195241e+00 2 0 -1.113924e-02 -6.855921e-03 2.807348e-03 -2.697867e-03 9.663269e-03
6.398113e+00 -7.962557e+00 1.004296e+00 9.998209e-01 1.000640e+00 1.006026e+00 1.194475e+00 2 0 5.590486e-03 -6.444095e-03 -8.819833e-03 3.410927e-03 -2.375738e-03
6.380423e+00 -7.305046e+00 1.007744e+00 1.000229e+00 9.965919e-01 1.010856e+00 1.191493e+00 2 0 -1.069039e-02 6.312384e-03 4.844473e-03 -1.477207e-02 -1.467911e-03
6.299270e+00 -6.636808e+00 1.014282e+00 1.005846e+00 9.863952e-01 1.020060e+00 1.187271e+00 2 0 2.237381e-03 5.988155e-03 1.192100e-02 -6.422911e-03 5.932840e-03
6.235114e+00 -6.280185e+00 1.011775e+00 1.005925e+00 9.869993e-01 1.016535e+00 1.188261e+00 2 0 2.543980e-02 -6.106651e-04 -1.259345e-03 1.253230e-02 -6.486796e-04
VARIABLES = "X", "Y", "ro", "u", "v", "pre", "Ma", "PART", "IMEX", "Ux", "Uy", "Vx", "Vy", "Vort" 
ZONE I=5, J=5, DATAPACKING=POINT
8.235114e+00 -6.358085e+00 1.003436e+00 9.995114e-01 1.000397e+00 1.004832e+00 1.194343e+00 2 0 6.251230e-05 -8.429833e-03 4.498703e-03 1.759282e-02 1.292854e-02
8.159932e+00 -6.020757e+00 1.003875e+00 9.992743e-01 1.001884e+00 1.005427e+00 1.194999e+00 2 0 -9.077736e-03 5.447767e-03 8.153561e-03 -1.047602e-03 2.705794e-03
8.000000e+00 -5.380423e+00 1.012750e+00 1.007773e+00 9.967229e-01 1.017899e+00 1.194900e+00 2 0 -1.344249e-02 9.845762e-03 5.347409e-03 -7.406264e-03 -4.498353e-03
7.840068e+00 -4.736250e+00 1.014711e+00 1.011087e+00 9.942874e-01 1.020652e+00 1.194990e+00 2 0 -9.430360e-03 -6.424935e-03 -2.126175e-03 2.081062e-03 4.298760e-03
7.764886e+00 -4.394473e+00 1.011670e+00 1.008269e+00 9.965264e-01 1.016388e+00 1.195331e+00 2 0 -1.491306e-02 -1.303804e-02 -1.051063e-02 6.899776e-03 2.527416e-03
7.889768e+00 -6.388065e+00 1.002337e+00 9.993668e-01 9.998550e-01 1.003293e+00 1.194194e+00 2 0 -1.724178e-03 1.117173e-03 8.539670e-04 2.151511e-03 -2.632058e-04
7.814586e+00 -6.046866e+00 1.006364e+00 1.002572e+00 9.985819e-01 1.008914e+00 1.194409e+00 2 0 -1.145171e-02 1.193128e-02 1.215079e-02 -4.549701e-03 2.195136e-04
7.654654e+00 -5.398113e+00 1.013503e+00 1.011545e+00 9.941390e-01 1.018954e+00 1.195460e+00 2 0 -7.179988e-03 6.715199e-03 7.015067e-03 -1.381051e-03 2.998676e-04
7.494722e+00 -4.745344e+00 1.010647e+00 1.011469e+00 9.961556e-01 1.014937e+00 1.197281e+00 2 0 3.956592e-03 -6.381741e-03 -6.868443e-03 6.888309e-03 -4.867014e-04
7.419540e+00 -4.399489e+00 1.006606e+00 1.008595e+00 9.995273e-01 1.009259e+00 1.198517e+00 2 0 4.553935e-03 -6.963703e-03 -6.597753e-03 9.252645e-03 3.659498e-04
7.235114e+00 -6.394473e+00 1.005492e+00 1.004464e+00 9.963461e-01 1.007679e+00 1.194424e+00 2 0 -1.209742e-02 1.469341e-02 9.781720e-03 -2.398153e-02 -4.911691e-03
7.159932e+00 -6.045558e+00 1.011687e+00 1.009517e+00 9.910559e-01 1.016403e+00 1.192845e+00 2 0 -7.738972e-03 7.659915e-03 7.749484e-03 -5.342896e-03 8.956905e-05
7.000000e+00 -5.380423e+00 1.009856e+00 1.010544e+00 9.929592e-01 1.013829e+00 1.195020e+00 2 0 8.845520e-03 -2.774111e-03 -3.565497e-03 9.108220e-03 -7.913863e-04
6.840068e+00 -4.711449e+00 1.003492e+00 1.005688e+00 1.000530e+00 1.004889e+00 1.198115e+00 2 0 1.075866e-02 -5.095417e-03 -4.596566e-03 8.566102e-03 4.988506e-04
6.764886e+00 -4.358085e+00 1.001784e+00 1.003532e+00 1.002595e+00 1.002491e+00 1.198467e+00 2 0 8.373418e-03 -1.881693e-03 -3.494012e-03 2.042889e-04 -1.612320e-03
6.580460e+00 -6.335074e+00 1.012225e+00 1.010502e+00 9.882387e-01 1.017159e+00 1.191650e+00 2 0 1.883619e-03 7.402679e-03 1.033590e-02 2.817833e-03 2.933217e-03
6.505278e+00 -5.979039e+00 1.008473e+00 1.009909e+00 9.905248e-01 1.011868e+00 1.193537e+00 2 0 8.951863e-03 -5.089462e-03 -5.168392e-03 8.853766e-03 -7.893020e-05
6.345346e+00 -5.299270e+00 1.002222e+00 1.003270e+00 9.981290e-01 1.003107e+00 1.195540e+00 2 0 8.064218e-03 -7.288085e-03 -7.221375e-03 8.411621e-03 6.670963e-05
6.185414e+00 -4.616481e+00 1.000160e+00 9.993125e-01 1.003102e+00 1.000219e+00 1.196638e+00 2 0 6.150892e-03 -1.646256e-03 -2.445854e-03 4.558852e-03 -7.995977e-04
6.110232e+00 -4.256946e+00 9.987113e-01 9.982474e-01 1.004915e+00 9.982077e-01 1.197427e+00 2 0 6.768457e-03 -2.052628e-03 -2.839450e-03 4.213572e-03 -7.868219e-04
6.235114e+00 -6.280185e+00 1.012091e+00 1.006076e+00 9.867400e-01 1.016971e+00 1.188130e+00 2 0 2.690571e-02 -1.775612e-03 1.865575e-03 2.358683e-02 3.641187e-03
6.159932e+00 -5.921046e+00 1.004529e+00 1.003878e+00 9.935532e-01 1.006355e+00 1.192626e+00 2 0 2.615076e-02 1.648244e-03 -4.446878e-03 1.330352e-02 -6.095122e-03
6.000000e+00 -5.235114e+00 9.999722e-01 1.001586e+00 1.000142e+00 9.999583e-01 1.196270e+00 2 0 7.789538e-04 -3.508725e-03 -7.337526e-04 6.807467e-03 2.774972e-03
5.840068e+00 -4.546810e+00 9.972943e-01 9.982191e-01 1.004512e+00 9.962263e-01 1.197508e+00 2 0 -1.854148e-03 -6.086998e-03 -4.606606e-03 4.622001e-03 1.480392e-03
5.764886e+00 -4.184922e+00 9.957372e-01 9.963716e-01 1.006128e+00 9.940300e-01 1.197764e+00 2 0 -1.149563e-03 -4.458629e-03 -2.575991e-03 3.017633e-03 1.882638e-03
VARIABLES = "X", "Y", "ro", "u", "v", "pre", "Ma", "PART", "IMEX", "Ux", "Uy", "Vx", "Vy", "Vort" 
ZONE I=5, J=5, DATAPACKING=POINT
7.764886e+00 -4.394473e+00 1.011796e+00 1.008611e+00 9.962928e-01 1.016573e+00 1.195364e+00 2 0 -1.191351e-02 -1.985971e-02 -1.295955e-02 -4.372688e-03 6.900164e-03
7.700730e+00 -4.051477e+00 1.011908e+00 1.002635e+00 9.968191e-01 1.016710e+00 1.192082e+00 2 0 -2.240743e-02 -1.876979e-02 -2.388933e-02 -1.108322e-03 -5.119539e-03
7.619577e+00 -3.398872e+00 1.010669e+00 9.971445e-01 9.992852e-01 1.014966e+00 1.190567e+00 2 0 7.964690e-03 -1.314857e-03 -4.614854e-03 3.584465e-03 -3.299997e-03
7.601887e+00 -2.744527e+00 1.003880e+00 9.984273e-01 1.001222e+00 1.005452e+00 1.194086e+00 2 0 4.005172e-02 2.680855e-03 4.713511e-03 1.184664e-03 2.032656e-03
7.619577e+00 -2.398872e+00 9.998658e-01 9.992405e-01 1.001043e+00 9.998343e-01 1.195417e+00 2 0 4.850872e-02 -2.439048e-03 2.196014e-03 -3.763231e-03 4.635063e-03
7.419540e+00 -4.399489e+00 1.006518e+00 1.008530e+00 9.996755e-01 1.009138e+00 1.198585e+00 2 0 4.930378e-03 -5.917411e-03 -7.002998e-03 9.077953e-03 -1.085587e-03
7.355384e+00 -4.053004e+00 1.004022e+00 1.005739e+00 1.001669e+00 1.005635e+00 1.198696e+00 2 0 -1.494875e-03 -9.298823e-03 -8.611722e-03 1.024430e-03 6.871011e-04
7.274231e+00 -3.395982e+00 1.003231e+00 9.995982e-01 1.001690e+00 1.004538e+00 1.195221e+00 2 0 -8.979995e-03 -9.503904e-03 -8.209739e-03 -1.134079e-03 1.294165e-03
7.256541e+00 -2.740675e+00 1.001033e+00 9.945851e-01 1.002220e+00 1.001472e+00 1.193067e+00 2 0 -5.534219e-03 -6.476874e-03 -6.788398e-03 2.308344e-03 -3.115248e-04
7.274231e+00 -2.395982e+00 9.993550e-01 9.923390e-01 1.002984e+00 9.991553e-01 1.192570e+00 2 0 -2.614276e-03 -6.641435e-03 -8.767602e-03 1.334307e-03 -2.126166e-03
6.764886e+00 -4.358085e+00 1.001776e+00 1.003602e+00 1.002621e+00 1.002477e+00 1.198529e+00 2 0 7.979804e-03 -2.637376e-03 -2.196117e-03 8.519202e-03 4.412585e-04
6.700730e+00 -4.005265e+00 9.986960e-01 1.002183e+00 1.004696e+00 9.981716e-01 1.199656e+00 2 0 8.430579e-03 -1.834569e-03 -2.550460e-03 2.894173e-03 -7.158914e-04
6.619577e+00 -3.340342e+00 9.934852e-01 1.001191e+00 1.005098e+00 9.908912e-01 1.200558e+00 2 0 4.850948e-03 4.700884e-04 -6.199421e-04 -9.219698e-04 -1.090030e-03
6.601887e+00 -2.683331e+00 9.902073e-01 1.001912e+00 1.004965e+00 9.863143e-01 1.201705e+00 2 0 -7.025256e-03 1.861059e-03 2.179789e-03 1.378870e-03 3.187304e-04
6.619577e+00 -2.340342e+00 9.886822e-01 1.002524e+00 1.005996e+00 9.841616e-01 1.203076e+00 2 0 -1.486508e-02 3.409659e-03 3.549614e-03 4.689872e-03 1.399550e-04
6.110232e+00 -4.256946e+00 9.989002e-01 9.982601e-01 1.004780e+00 9.984776e-01 1.197305e+00 2 0 7.123873e-03 -2.171161e-03 -2.360343e-03 8.132329e-03 -1.891819e-04
6.046076e+00 -3.899037e+00 9.966233e-01 9.973226e-01 1.006038e+00 9.952909e-01 1.198049e+00 2 0 4.240111e-03 -7.696249e-04 -5.550337e-04 -1.205148e-03 2.145913e-04
5.964923e+00 -3.227925e+00 9.969261e-01 9.978759e-01 1.002855e+00 9.957089e-01 1.196400e+00 2 0 -3.371052e-04 3.127188e-03 3.871437e-03 -5.576163e-03 7.442487e-04
5.947233e+00 -2.569604e+00 9.972461e-01 1.001485e+00 1.000292e+00 9.961185e-01 1.196968e+00 2 0 5.035037e-03 7.750881e-03 7.719259e-03 -1.515665e-03 -3.162186e-05
5.964923e+00 -2.227925e+00 9.963162e-01 1.004620e+00 1.000273e+00 9.948039e-01 1.199066e+00 2 0 8.939304e-03 9.951614e-03 1.005877e-02 1.550988e-03 1.071595e-04
5.764886e+00 -4.184922e+00 9.955693e-01 9.963215e-01 1.006317e+00 9.937825e-01 1.197896e+00 2 0 -1.881691e-03 -3.407134e-03 -5.329455e-03 -6.785383e-04 -1.922322e-03
5.700730e+00 -3.825132e+00 9.962216e-01 9.970014e-01 1.005411e+00 9.947323e-01 1.197576e+00 2 0 -3.716854e-03 4.668427e-03 3.334840e-03 -3.632041e-03 -1.333587e-03
5.619577e+00 -3.151813e+00 9.988899e-01 1.001241e+00 1.001817e+00 9.984223e-01 1.197336e+00 2 0 -1.992045e-02 3.482338e-03 -3.928556e-04 -5.458797e-03 -3.875194e-03
5.601887e+00 -2.493037e+00 1.000652e+00 1.002466e+00 9.991742e-01 1.000853e+00 1.196091e+00 2 0 -1.308453e-02 -1.615190e-05 -3.282888e-03 -2.170749e-03 -3.266736e-03
5.619577e+00 -2.151813e+00 1.000810e+00 1.002609e+00 9.987114e-01 1.001187e+00 1.195795e+00 2 0 2.909080e-03 2.731303e-03 -3.108054e-03 -1.750551e-03 -5.839356e-03
VARIABLES = "X", "Y", "ro", "u", "v", "pre", "Ma", "PART", "IMEX", "Ux", "Uy", "Vx", "Vy", "Vort" 
ZONE I=5, J=5, DATAPACKING=POINT
7.619577e+00 -2.398872e+00 9.998873e-01 9.993820e-01 1.000885e+00 9.998728e-01 1.195397e+00 2 0 4.979301e-02 -6.035030e-03 2.418356e-03 -6.905419e-03 8.453386e-03
7.655109e+00 -2.052756e+00 9.982446e-01 9.987706e-01 9.994972e-01 9.975609e-01 1.194603e+00 2 0 5.040928e-02 -8.055598e-03 -5.806393e-03 -1.439635e-03 2.249205e-03
7.764886e+00 -1.394473e+00 9.956233e-01 9.989099e-01 9.998524e-01 9.938459e-01 1.195557e+00 2 0 5.168997e-02 -7.785377e-03 -9.957563e-03 4.259926e-03 -2.172187e-03
7.913885e+00 -7.318967e-01 9.965753e-01 1.000336e+00 1.000343e+00 9.948856e-01 1.196649e+00 2 0 3.619905e-02 -8.213371e-03 -4.869848e-03 -2.549067e-03 3.343523e-03
8.000000e+00 -3.804226e-01 1.001216e+00 9.995983e-01 9.971217e-01 1.001212e+00 1.193272e+00 2 0 2.716722e-02 -1.426579e-02 -9.247046e-03 -1.412096e-02 5.018746e-03
7.274231e+00 -2.395982e+00 9.996138e-01 9.923174e-01 1.002761e+00 9.995284e-01 1.192355e+00 2 0 -2.624192e-03 -6.467862e-03 -8.711716e-03 -6.331261e-04 -2.243854e-03
7.309763e+00 -2.051800e+00 9.990554e-01 9.901504e-01 1.002394e+00 9.987519e-01 1.190977e+00 2 0 7.533867e-04 -5.529141e-03 -8.150401e-03 -4.590930e-04 -2.621260e-03
7.419540e+00 -1.399489e+00 9.995418e-01 9.889163e-01 1.001680e+00 9.995743e-01 1.189614e+00 2 0 4.746436e-03 1.124395e-03 -6.238976e-04 1.369901e-04 -1.748293e-03
7.568539e+00 -7.449752e-01 1.000265e+00 9.917198e-01 1.002078e+00 1.000779e+00 1.191232e+00 2 0 8.368397e-03 2.319227e-03 -1.003741e-03 -2.714356e-04 -3.322968e-03
7.654654e+00 -3.981130e-01 1.002247e+00 9.923649e-01 1.000755e+00 1.003563e+00 1.190346e+00 2 0 9.259154e-03 -4.969377e-03 -7.149203e-03 -8.827722e-03 -2.179826e-03
6.619577e+00 -2.340342e+00 9.886584e-01 1.002622e+00 1.006022e+00 9.841226e-01 1.203159e+00 2 0 -1.529786e-02 5.405812e-04 2.137964e-03 -9.199016e-04 1.597383e-03
6.655109e+00 -1.999603e+00 9.901995e-01 1.001938e+00 1.004200e+00 9.862450e-01 1.201299e+00 2 0 -2.270812e-02 9.016123e-04 2.694490e-03 -8.924051e-03 1.792878e-03
6.764886e+00 -1.358085e+00 9.965172e-01 1.000906e+00 9.986855e-01 9.949980e-01 1.195897e+00 2 0 -2.727537e-02 4.086090e-03 6.272471e-03 -6.828879e-03 2.186381e-03
6.913885e+00 -7.185270e-01 9.995698e-01 9.998188e-01 9.988077e-01 9.993129e-01 1.194561e+00 2 0 -2.415441e-02 3.572086e-03 8.363397e-03 3.500940e-03 4.791311e-03
7.000000e+00 -3.804226e-01 9.990830e-01 9.987998e-01 1.001137e+00 9.987372e-01 1.195398e+00 2 0 -2.284906e-02 5.167596e-03 4.700624e-03 4.055511e-03 -4.669717e-04
5.964923e+00 -2.227925e+00 9.961434e-01 1.004641e+00 1.000519e+00 9.945740e-01 1.199260e+00 2 0 9.332934e-03 1.166673e-02 1.029436e-02 -1.031798e-04 -1.372369e-03
6.000455e+00 -1.889861e+00 9.956877e-01 1.007923e+00 9.994611e-01 9.938917e-01 1.200735e+00 2 0 9.294745e-03 6.099129e-03 5.523072e-03 -5.778743e-03 -5.760562e-04
6.110232e+00 -1.256946e+00 9.962856e-01 1.010749e+00 9.963684e-01 9.946176e-01 1.200519e+00 2 0 5.076783e-03 1.326577e-03 -2.988463e-03 -2.443010e-03 -4.315040e-03
6.259231e+00 -6.298243e-01 9.946841e-01 1.011592e+00 9.969626e-01 9.920771e-01 1.201949e+00 2 0 -2.841552e-03 1.629603e-03 -5.463901e-03 7.144672e-03 -7.093504e-03
6.345346e+00 -2.992696e-01 9.916819e-01 1.011971e+00 9.999210e-01 9.877253e-01 1.204763e+00 2 0 -6.793859e-03 4.531791e-03 -3.294685e-03 1.431103e-02 -7.826476e-03
5.619577e+00 -2.151813e+00 1.001150e+00 1.002752e+00 9.984396e-01 1.001684e+00 1.195624e+00 2 0 6.447824e-04 -2.676829e-03 -3.963999e-04 1.803495e-03 2.280429e-03
5.655109e+00 -1.814691e+00 9.999914e-01 1.002396e+00 9.987944e-01 1.000183e+00 1.195827e+00 2 0 2.367962e-02 -2.258893e-03 -5.073343e-03 3.710479e-04 -2.814450e-03
5.764886e+00 -1.184922e+00 9.986965e-01 1.004616e+00 9.988706e-01 9.990404e-01 1.197111e+00 2 0 3.000265e-02 -5.866290e-04 -9.402886e-03 3.805821e-03 -8.816257e-03
5.913885e+00 -5.626149e-01 9.937516e-01 1.008298e+00 1.001930e+00 9.926219e-01 1.202030e+00 2 0 2.026690e-02 3.236319e-04 -1.644696e-02 1.202052e-02 -1.677059e-02
6.000000e+00 -2.351141e-01 9.895522e-01 1.009876e+00 1.004697e+00 9.866658e-01 1.205701e+00 2 0 1.708967e-02 -2.812417e-03 -1.736043e-02 1.568950e-02 -1.454801e-02
