VARIABLES = "X", "Y", "ro", "u", "v", "pre", "Ma", "PART", "IMEX", "Ux", "Uy", "Vx", "Vy", "Vort" 
ZONE I=5, J=5, DATAPACKING=POINT
-5.619577e+00 -7.848187e+00 9.988947e-01 1.001725e+00 9.925786e-01 9.984452e-01 1.192105e+00 1 0 4.655361e-03 2.615159e-03 1.291988e-03 7.794420e-03 -1.323171e-03
-5.601887e+00 -7.506963e+00 9.962616e-01 1.003073e+00 9.965372e-01 9.947493e-01 1.195910e+00 1 0 6.408407e-03 4.385871e-03 7.068261e-03 1.254671e-02 2.682389e-03
-5.619577e+00 -6.848187e+00 9.967330e-01 1.005949e+00 1.004468e+00 9.954431e-01 1.202233e+00 1 0 6.036391e-03 3.374450e-03 -2.501734e-04 1.000383e-02 -3.624624e-03
-5.700730e+00 -6.174868e+00 9.997918e-01 1.006117e+00 1.008957e+00 9.997198e-01 1.204282e+00 1 0 2.086156e-03 -1.162284e-03 -1.674557e-03 3.253389e-03 -5.122729e-04
-5.764886e+00 -5.815078e+00 9.997178e-01 1.006095e+00 1.009887e+00 9.996044e-01 1.204850e+00 1 0 1.335148e-02 1.181887e-02 1.721383e-03 5.171354e-03 -1.009749e-02
-5.964923e+00 -7.772075e+00 9.994362e-01 1.000105e+00 9.931160e-01 9.992019e-01 1.191325e+00 1 0 3.223956e-03 -3.316492e-03 -1.938545e-03 3.573360e-04 1.377947e-03
-5.947233e+00 -7.430396e+00 1.000123e+00 1.000293e+00 9.955331e-01 1.000170e+00 1.192709e+00 1 0 9.244962e-03 3.319452e-03 4.345720e-03 1.140846e-02 1.026269e-03
-5.964923e+00 -6.772075e+00 1.000412e+00 1.003582e+00 1.004430e+00 1.000595e+00 1.199907e+00 1 0 1.087726e-02 5.111258e-03 4.395074e-03 1.259657e-02 -7.161835e-04
-6.046076e+00 -6.100963e+00 1.000524e+00 1.004525e+00 1.009620e+00 1.000730e+00 1.203562e+00 1 0 7.037481e-03 -2.925501e-04 -4.011273e-04 3.457951e-03 -1.085772e-04
-6.110232e+00 -5.743054e+00 9.989449e-01 1.003798e+00 1.010671e+00 9.985193e-01 1.204139e+00 1 0 6.311310e-03 3.501606e-04 4.756111e-04 6.646713e-03 1.254504e-04
-6.619577e+00 -7.659658e+00 1.002358e+00 9.989988e-01 9.958391e-01 1.003291e+00 1.191590e+00 1 0 -1.723764e-03 -1.159336e-02 -6.967064e-03 -2.101428e-03 4.626297e-03
-6.601887e+00 -7.316669e+00 1.006263e+00 9.961369e-01 9.964397e-01 1.008786e+00 1.189303e+00 1 0 2.663482e-03 -4.889062e-03 -4.375419e-03 5.862637e-03 5.136432e-04
-6.619577e+00 -6.659658e+00 1.006194e+00 9.958827e-01 1.002705e+00 1.008678e+00 1.192920e+00 1 0 1.146138e-02 3.898621e-03 3.891011e-03 1.121767e-02 -7.610012e-06
-6.700730e+00 -5.994735e+00 1.001658e+00 9.992360e-01 1.007908e+00 1.002321e+00 1.199113e+00 1 0 7.693498e-03 7.418779e-03 7.354871e-03 3.807154e-03 -6.390845e-05
-6.764886e+00 -5.641915e+00 1.000852e+00 1.001263e+00 1.007264e+00 1.001199e+00 1.200122e+00 1 0 1.419658e-03 2.532702e-03 1.028790e-02 -4.952607e-03 7.755198e-03
-7.274231e+00 -7.604018e+00 1.002602e+00 9.994806e-01 1.001329e+00 1.003649e+00 1.195090e+00 1 0 -5.045866e-04 -8.720002e-03 -8.548408e-03 1.976152e-03 1.715938e-04
-7.256541e+00 -7.259325e+00 1.004567e+00 9.958424e-01 1.001633e+00 1.006410e+00 1.192632e+00 1 0 -2.086912e-03 -1.021191e-02 -9.337868e-03 4.995038e-04 8.740411e-04
-7.274231e+00 -6.604018e+00 1.005895e+00 9.926458e-01 1.001740e+00 1.008263e+00 1.190485e+00 1 0 -3.107454e-03 1.518072e-03 4.586423e-04 2.072459e-04 -1.059430e-03
-7.355384e+00 -5.946996e+00 1.004765e+00 9.973705e-01 1.001389e+00 1.006681e+00 1.193353e+00 1 0 -1.090150e-03 1.048760e-02 1.098469e-02 -1.209376e-04 4.970920e-04
-7.419540e+00 -5.600511e+00 1.005158e+00 1.000996e+00 1.000211e+00 1.007227e+00 1.194722e+00 1 0 2.512268e-03 1.233985e-02 6.269907e-03 -2.404955e-03 -6.069944e-03
-7.619577e+00 -7.601128e+00 1.002430e+00 9.991798e-01 1.003679e+00 1.003439e+00 1.196338e+00 1 0 1.180915e-03 -6.864017e-03 -3.789949e-03 7.129906e-03 3.074068e-03
-7.601887e+00 -7.255473e+00 1.001788e+00 9.965834e-01 1.004495e+00 1.002521e+00 1.195445e+00 1 0 -3.491845e-03 -6.098295e-03 -6.150679e-03 -5.559785e-04 -5.238403e-05
-7.619577e+00 -6.601128e+00 1.004033e+00 9.955477e-01 1.001688e+00 1.005639e+00 1.192629e+00 1 0 -1.242497e-02 1.923290e-03 2.630200e-04 -6.613818e-03 -1.660270e-03
-7.700730e+00 -5.948523e+00 1.005550e+00 9.983112e-01 9.982767e-01 1.007766e+00 1.191877e+00 1 0 -1.993280e-03 3.023771e-03 5.305357e-03 2.454333e-04 2.281586e-03
-7.764886e+00 -5.605527e+00 1.003606e+00 9.986510e-01 1.000226e+00 1.005059e+00 1.193694e+00 1 0 1.109616e-02 2.559363e-03 -6.631730e-03 1.586174e-02 -9.191094e-03
VARIABLES = "X", "Y", "ro", "u", "v", "pre", "Ma", "PART", "IMEX", "Ux", "Uy", "Vx", "Vy", "Vort" 
ZONE I=5, J=5, DATAPACKING=POINT
-5.764886e+00 -5.815078e+00 9.991009e-01 1.007390e+00 1.010456e+00 9.987400e-01 1.206113e+00 1 0 1.242532e-02 -2.289660e-02 -1.460738e-04 -5.714588e-03 2.275053e-02
-5.840068e+00 -5.453190e+00 1.000689e+00 1.000862e+00 1.008223e+00 1.000958e+00 1.200505e+00 1 0 -1.683080e-02 -1.031180e-02 -1.141058e-02 -6.738442e-03 -1.098781e-03
-6.000000e+00 -4.764886e+00 9.992782e-01 1.002984e+00 1.006093e+00 9.989929e-01 1.200826e+00 1 0 -1.067880e-02 3.611093e-03 5.295644e-03 -2.700699e-03 1.684551e-03
-6.159932e+00 -4.078954e+00 1.001331e+00 1.003071e+00 1.001606e+00 1.001879e+00 1.197697e+00 1 0 -4.536322e-03 -8.100975e-03 -8.846667e-03 -1.032280e-02 -7.456917e-04
-6.235114e+00 -3.719815e+00 1.003090e+00 9.996538e-01 9.991714e-01 1.004335e+00 1.193786e+00 1 0 -1.073960e-02 -1.472484e-02 -7.149556e-03 -2.268185e-03 7.575281e-03
-6.110232e+00 -5.743054e+00 9.983804e-01 1.004009e+00 1.011320e+00 9.977320e-01 1.204788e+00 1 0 8.177245e-03 -2.804204e-03 2.435854e-04 2.400721e-03 3.047790e-03
-6.185414e+00 -5.383519e+00 9.982109e-01 1.003521e+00 1.009308e+00 9.974957e-01 1.203331e+00 1 0 -5.666790e-03 5.066010e-04 4.201900e-04 -8.229182e-03 -8.641107e-05
-6.345346e+00 -4.700730e+00 9.986471e-01 1.005531e+00 1.004862e+00 9.981139e-01 1.201760e+00 1 0 -3.768627e-03 1.155897e-03 9.700108e-04 -2.624034e-03 -1.858864e-04
-6.505278e+00 -4.020961e+00 9.975808e-01 1.005023e+00 1.003955e+00 9.966104e-01 1.201178e+00 1 0 -5.835784e-03 -4.654753e-03 -4.861990e-03 -4.581001e-03 -2.072375e-04
-6.580460e+00 -3.664926e+00 1.000450e+00 1.003617e+00 1.000824e+00 1.000623e+00 1.197780e+00 1 0 -1.584421e-02 -9.389030e-03 -4.732685e-03 -1.739751e-02 4.656345e-03
-6.764886e+00 -5.641915e+00 1.000922e+00 1.000734e+00 1.007188e+00 1.001294e+00 1.199746e+00 1 0 2.518489e-03 1.687464e-02 1.103865e-02 -5.511152e-03 -5.835992e-03
-6.840068e+00 -5.288551e+00 1.000704e+00 1.004705e+00 1.005544e+00 1.000990e+00 1.201182e+00 1 0 3.035063e-03 5.795812e-03 6.470354e-03 -9.050659e-04 6.745417e-04
-7.000000e+00 -4.619577e+00 9.991098e-01 1.005334e+00 1.004644e+00 9.987520e-01 1.201407e+00 1 0 2.796371e-03 1.442799e-03 1.176931e-03 -1.554211e-03 -2.658681e-04
-7.159932e+00 -3.954442e+00 1.001602e+00 1.009000e+00 1.001834e+00 1.002255e+00 1.201320e+00 1 0 -6.745684e-03 9.139750e-03 9.750418e-03 -4.923312e-03 6.106677e-04
-7.235114e+00 -3.605527e+00 1.005015e+00 1.013310e+00 9.986700e-01 1.007032e+00 1.201215e+00 1 0 -1.051422e-02 1.098805e-02 7.639733e-03 -9.880320e-03 -3.348318e-03
-7.419540e+00 -5.600511e+00 1.004991e+00 1.001477e+00 1.000476e+00 1.006987e+00 1.195209e+00 1 0 6.863928e-04 -9.255387e-04 4.892394e-03 1.201137e-02 5.817933e-03
-7.494722e+00 -5.254656e+00 1.003040e+00 1.000802e+00 1.002801e+00 1.004262e+00 1.196654e+00 1 0 7.419030e-03 2.155775e-03 1.820239e-03 4.015545e-03 -3.355353e-04
-7.654654e+00 -4.601887e+00 1.006723e+00 1.004992e+00 1.001015e+00 1.009424e+00 1.197216e+00 1 0 -4.434591e-03 1.059642e-02 1.084810e-02 -5.819181e-03 2.516837e-04
-7.814586e+00 -3.953134e+00 1.012820e+00 1.012634e+00 9.947120e-01 1.017983e+00 1.196620e+00 1 0 -1.018433e-03 7.723812e-03 7.327053e-03 -5.458641e-03 -3.967588e-04
-7.889768e+00 -3.611935e+00 1.012511e+00 1.013395e+00 9.941652e-01 1.017549e+00 1.196828e+00 1 0 1.252162e-02 -2.020091e-03 5.641230e-04 6.174990e-03 2.584214e-03
-7.764886e+00 -5.605527e+00 1.003059e+00 9.990749e-01 1.000895e+00 1.004299e+00 1.194473e+00 1 0 1.393829e-02 -4.869305e-03 -5.862736e-03 1.661642e-02 -9.934311e-04
-7.840068e+00 -5.263750e+00 1.003354e+00 9.991298e-01 1.002222e+00 1.004701e+00 1.195236e+00 1 0 -7.444716e-04 8.425350e-03 4.179358e-03 -3.360812e-03 -4.245992e-03
-8.000000e+00 -4.619577e+00 1.013229e+00 1.008026e+00 9.963666e-01 1.018572e+00 1.194728e+00 1 0 -1.351374e-02 9.687996e-03 1.453885e-02 -5.234647e-03 4.850859e-03
-8.159932e+00 -3.979243e+00 1.014711e+00 1.010598e+00 9.945039e-01 1.020657e+00 1.194820e+00 1 0 1.220534e-02 -3.371784e-03 -6.751278e-03 1.947893e-03 -3.379494e-03
-8.235114e+00 -3.641915e+00 1.011860e+00 1.006996e+00 9.966720e-01 1.016665e+00 1.194603e+00 1 0 1.826044e-02 -7.173774e-03 -1.707015e-02 2.575580e-03 -9.896380e-03
VARIABLES = "X", "Y", "ro", "u", "v", "pre", "Ma", "PART", "IMEX", "Ux", "Uy", "Vx", "Vy", "Vort" 
ZONE I=5, J=5, DATAPACKING=POINT
-6.235114e+00 -3.719815e+00 1.002793e+00 9.992796e-01 9.997748e-01 1.003926e+00 1.193990e+00 1 0 -2.891642e-03 8.407191e-03 -4.974788e-04 1.876487e-02 -8.904669e-03
-6.299270e+00 -3.363192e+00 9.998008e-01 1.001322e+00 1.001559e+00 9.996896e-01 1.197017e+00 1 0 -2.131219e-02 -1.287248e-03 4.708868e-03 -2.231195e-03 5.996116e-03
-6.380423e+00 -2.694954e+00 1.004594e+00 1.002900e+00 9.973158e-01 1.006437e+00 1.194267e+00 1 0 -2.826885e-02 3.489747e-03 -4.012677e-03 -5.379460e-03 -7.502424e-03
-6.398113e+00 -2.037443e+00 1.005932e+00 1.009462e+00 9.960818e-01 1.008354e+00 1.197128e+00 1 0 5.844087e-03 1.241437e-02 8.378106e-03 -1.117544e-03 -4.036261e-03
-6.380423e+00 -1.694954e+00 1.006010e+00 1.013066e+00 9.947112e-01 1.008514e+00 1.198435e+00 1 0 1.435670e-02 6.113228e-03 3.965258e-03 -9.574038e-03 -2.147970e-03
-6.580460e+00 -3.664926e+00 1.000597e+00 1.003268e+00 1.000731e+00 1.000829e+00 1.197480e+00 1 0 -1.520164e-02 2.676465e-03 -2.088861e-03 -6.517613e-03 -4.765325e-03
-6.644616e+00 -3.311048e+00 1.002116e+00 1.006806e+00 9.990359e-01 1.002957e+00 1.198226e+00 1 0 -1.410221e-02 8.759556e-03 8.502455e-03 -2.727681e-03 -2.571008e-04
-6.725769e+00 -2.646403e+00 1.004740e+00 1.012299e+00 9.967131e-01 1.006640e+00 1.199517e+00 1 0 -1.682950e-02 2.659316e-03 2.711885e-03 -2.929602e-03 5.256935e-05
-6.743459e+00 -1.989693e+00 1.008177e+00 1.012265e+00 9.948114e-01 1.011461e+00 1.197554e+00 1 0 -6.188858e-03 -2.025299e-03 -1.503473e-03 -2.525042e-03 5.218255e-04
-6.725769e+00 -1.646403e+00 1.009418e+00 1.011920e+00 9.940560e-01 1.013193e+00 1.196612e+00 1 0 1.630811e-03 1.315548e-03 -1.009548e-03 -1.293696e-03 -2.325096e-03
-7.235114e+00 -3.605527e+00 1.005106e+00 1.013394e+00 9.985417e-01 1.007154e+00 1.201171e+00 1 0 -1.056564e-02 6.173988e-03 6.795550e-03 -1.571952e-02 6.215618e-04
-7.299270e+00 -3.257831e+00 1.008696e+00 1.015105e+00 9.951489e-01 1.012199e+00 1.199335e+00 1 0 -7.463136e-03 9.866962e-04 1.232716e-03 -3.765492e-03 2.460198e-04
-7.380423e+00 -2.601128e+00 1.008138e+00 1.014416e+00 9.963883e-01 1.011404e+00 1.199792e+00 1 0 5.818857e-03 -2.984651e-03 -3.172029e-03 4.396164e-03 -1.873779e-04
-7.398113e+00 -1.946165e+00 1.006424e+00 1.011594e+00 9.977869e-01 1.008957e+00 1.199355e+00 1 0 6.687675e-03 -4.712703e-03 -5.181858e-03 -2.156684e-03 -4.691548e-04
-7.380423e+00 -1.601128e+00 1.007652e+00 1.010160e+00 9.958787e-01 1.010665e+00 1.197079e+00 1 0 5.243682e-03 -3.722802e-03 -3.763736e-03 -6.710660e-03 -4.093343e-05
-7.889768e+00 -3.611935e+00 1.012522e+00 1.013384e+00 9.941819e-01 1.017561e+00 1.196831e+00 1 0 1.179186e-02 8.003318e-04 1.076917e-03 7.260098e-03 2.765852e-04
-7.953924e+00 -3.270813e+00 1.009636e+00 1.011989e+00 9.964196e-01 1.013519e+00 1.197988e+00 1 0 2.032410e-02 -2.233997e-03 -2.891872e-03 5.619443e-03 -6.578748e-04
-8.035077e+00 -2.622394e+00 1.005472e+00 1.008177e+00 9.995317e-01 1.007668e+00 1.198538e+00 1 0 1.584691e-02 -3.856723e-03 -3.554106e-03 2.939730e-03 3.026164e-04
-8.052767e+00 -1.969230e+00 1.002200e+00 1.005686e+00 1.000114e+00 1.003088e+00 1.198169e+00 1 0 1.220826e-02 -3.464214e-03 -2.413850e-03 -1.834701e-03 1.050363e-03
-8.035077e+00 -1.622394e+00 1.001548e+00 1.004405e+00 9.987769e-01 1.002177e+00 1.196759e+00 1 0 1.299501e-02 -4.726072e-03 -5.434199e-03 -6.072456e-03 -7.081264e-04
-8.235114e+00 -3.641915e+00 1.012157e+00 1.007441e+00 9.962724e-01 1.017092e+00 1.194558e+00 1 0 1.759328e-02 -1.651890e-02 -1.482120e-02 -9.518869e-03 1.697703e-03
-8.299270e+00 -3.304043e+00 1.012327e+00 1.001828e+00 9.962573e-01 1.017290e+00 1.191172e+00 1 0 3.493029e-02 -5.096747e-03 1.670147e-03 3.230730e-03 6.766894e-03
-8.380423e+00 -2.659658e+00 1.009197e+00 9.992139e-01 9.992340e-01 1.012888e+00 1.192123e+00 1 0 5.092040e-02 4.172782e-03 5.487000e-03 5.122713e-03 1.314218e-03
-8.398113e+00 -2.007361e+00 1.003349e+00 9.995970e-01 1.001384e+00 1.004700e+00 1.195011e+00 1 0 3.249121e-02 -1.381482e-03 -5.134108e-03 1.568992e-03 -3.752626e-03
-8.380423e+00 -1.659658e+00 1.000365e+00 9.990518e-01 1.001387e+00 1.000520e+00 1.195399e+00 1 0 1.849190e-02 -2.785936e-03 -7.547861e-03 -1.883929e-03 -4.761925e-03
VARIABLES = "X", "Y", "ro", "u", "v", "pre", "Ma", "PART", "IMEX", "Ux", "Uy", "Vx", "Vy", "Vort" 
ZONE I=5, J=5, DATAPACKING=POINT
-6.380423e+00 -1.694954e+00 1.005793e+00 1.013174e+00 9.946277e-01 1.008222e+00 1.198496e+00 1 0 1.437154e-02 3.857547e-03 5.992007e-03 1.330096e-03 2.134460e-03
-6.344891e+00 -1.355460e+00 1.004493e+00 1.015650e+00 9.959352e-01 1.006438e+00 1.201047e+00 1 0 1.855006e-02 6.058356e-03 4.589086e-03 3.344375e-03 -1.469271e-03
-6.235114e+00 -7.198151e-01 1.000803e+00 1.019438e+00 9.960653e-01 1.001490e+00 1.204162e+00 1 0 2.030876e-02 -2.612279e-03 -2.828988e-03 -3.448199e-03 -2.167086e-04
-6.086115e+00 -9.307486e-02 1.001300e+00 1.017237e+00 9.931314e-01 1.002201e+00 1.200971e+00 1 0 6.494554e-03 -8.664416e-03 1.285896e-02 -5.252970e-03 2.152337e-02
-6.000000e+00 2.351141e-01 1.001141e+00 1.015099e+00 9.940835e-01 1.001759e+00 1.200411e+00 1 0 -1.189062e-03 -5.829728e-03 2.017780e-02 -9.937804e-05 2.600753e-02
-6.725769e+00 -1.646403e+00 1.009286e+00 1.011969e+00 9.941306e-01 1.013002e+00 1.196720e+00 1 0 1.498212e-03 -9.754990e-04 -1.444253e-03 1.655175e-03 -4.687545e-04
-6.690237e+00 -1.305320e+00 1.008688e+00 1.012180e+00 9.953869e-01 1.012191e+00 1.197715e+00 1 0 6.155757e-03 9.594545e-04 -2.944445e-04 5.057087e-03 -1.253899e-03
-6.580460e+00 -6.649256e-01 1.006371e+00 1.013280e+00 9.971334e-01 1.008986e+00 1.199933e+00 1 0 1.230426e-02 -1.723942e-03 -3.836646e-03 -5.861717e-04 -2.112704e-03
-6.431461e+00 -3.216108e-02 1.005611e+00 1.012824e+00 9.943504e-01 1.008151e+00 1.198055e+00 1 0 1.134442e-02 -4.313856e-03 -8.386645e-03 -2.220202e-03 -4.072789e-03
-6.345346e+00 2.992696e-01 1.004317e+00 1.012652e+00 9.943209e-01 1.006554e+00 1.198112e+00 1 0 9.141799e-03 -1.332229e-03 -5.180882e-03 9.230089e-03 -3.848653e-03
-7.380423e+00 -1.601128e+00 1.007431e+00 1.010201e+00 9.962548e-01 1.010352e+00 1.197381e+00 1 0 5.117616e-03 -4.152555e-03 -3.399037e-03 7.683298e-04 7.535179e-04
-7.344891e+00 -1.256552e+00 1.006311e+00 1.009425e+00 9.967487e-01 1.008770e+00 1.197480e+00 1 0 5.392724e-03 -1.856552e-03 -1.885972e-03 3.909039e-03 -2.941992e-05
-7.235114e+00 -6.055272e-01 1.004438e+00 1.008813e+00 9.994107e-01 1.006111e+00 1.199158e+00 1 0 4.721580e-03 -2.353705e-03 -2.461621e-03 2.805006e-03 -1.079157e-04
-7.086115e+00 4.120470e-02 1.006245e+00 1.007566e+00 9.986108e-01 1.008603e+00 1.197530e+00 1 0 4.930427e-03 -2.922054e-03 -3.110339e-03 -2.939377e-03 -1.882850e-04
-7.000000e+00 3.804226e-01 1.007248e+00 1.007401e+00 9.977992e-01 1.009952e+00 1.196744e+00 1 0 5.994712e-03 -6.561162e-04 -6.419778e-04 3.133423e-03 1.413841e-05
-8.035077e+00 -1.622394e+00 1.001614e+00 1.004566e+00 9.986930e-01 1.002268e+00 1.196791e+00 1 0 1.313176e-02 -8.440729e-03 -4.647951e-03 -6.277923e-03 3.792779e-03
-7.999545e+00 -1.274196e+00 1.000865e+00 1.002938e+00 9.979572e-01 1.001221e+00 1.195555e+00 1 0 1.446321e-02 -3.963394e-03 -3.089492e-03 1.656118e-03 8.739024e-04
-7.889768e+00 -6.119352e-01 9.983738e-01 1.002949e+00 1.000188e+00 9.976497e-01 1.197539e+00 1 0 1.421793e-02 -1.849871e-03 -5.528512e-05 3.069970e-03 1.794586e-03
-7.740769e+00 5.008561e-02 1.001002e+00 1.003118e+00 9.996724e-01 1.001255e+00 1.196747e+00 1 0 1.044644e-02 -3.091195e-03 -2.370193e-03 -4.926831e-03 7.210024e-04
-7.654654e+00 3.981130e-01 1.005004e+00 1.002828e+00 9.968510e-01 1.006897e+00 1.193918e+00 1 0 1.018064e-02 -5.277145e-03 7.761074e-04 -9.256553e-03 6.053253e-03
-8.380423e+00 -1.659658e+00 1.000387e+00 9.992029e-01 1.001242e+00 1.000560e+00 1.195392e+00 1 0 1.926408e-02 -6.253727e-03 -7.704409e-03 -5.239049e-03 -1.450682e-03
-8.344891e+00 -1.309705e+00 9.994361e-01 9.978480e-01 9.997718e-01 9.992019e-01 1.193947e+00 1 0 1.010453e-02 -3.895899e-03 -6.768637e-03 -1.930414e-03 -2.872739e-03
-8.235114e+00 -6.419145e-01 9.971082e-01 9.976627e-01 9.999807e-01 9.958661e-01 1.194565e+00 1 0 8.728327e-03 4.448440e-05 1.308586e-03 2.658860e-03 1.264101e-03
-8.086115e+00 2.783504e-02 9.978320e-01 9.989277e-01 1.001071e+00 9.964227e-01 1.196073e+00 1 0 6.188293e-03 -8.145558e-04 -1.445899e-03 -2.876851e-03 -6.313430e-04
-8.000000e+00 3.804226e-01 1.002352e+00 9.983847e-01 9.976385e-01 1.002475e+00 1.192779e+00 1 0 1.022081e-02 -8.475472e-03 -1.678466e-03 -1.826788e-02 6.797006e-03
VARIABLES = "X", "Y", "ro", "u", "v", "pre", "Ma", "PART", "IMEX", "Ux", "Uy", "Vx", "Vy", "Vort" 
ZONE I=5, J=5, DATAPACKING=POINT
-3.619577e+00 -8.305046e+00 9.970341e-01 1.002563e+00 1.005049e+00 9.958652e-01 1.200482e+00 1 0 -4.465819e-04 7.572030e-03 1.150970e-02 1.288344e-02 3.937668e-03
-3.601887e+00 -7.962557e+00 9.939423e-01 1.003722e+00 1.005484e+00 9.915295e-01 1.202191e+00 1 0 -6.440396e-03 1.893472e-03 3.564430e-03 -5.013111e-03 1.670958e-03
-3.619577e+00 -7.305046e+00 9.971090e-01 1.003499e+00 9.995392e-01 9.959628e-01 1.197735e+00 1 0 -7.393555e-03 -2.931355e-03 -4.277556e-03 -1.084473e-02 -1.346201e-03
-3.700730e+00 -6.636808e+00 1.001498e+00 1.001003e+00 9.946232e-01 1.002082e+00 1.192273e+00 1 0 -5.055246e-03 -4.264608e-03 -3.718107e-03 -4.989132e-04 5.465010e-04
-3.764886e+00 -6.280185e+00 9.993770e-01 1.000828e+00 9.983667e-01 9.991421e-01 1.194888e+00 1 0 -4.266754e-03 7.065153e-03 6.032456e-04 3.483991e-02 -6.461908e-03
-3.964923e+00 -8.242189e+00 9.973815e-01 1.003612e+00 1.002428e+00 9.963284e-01 1.199472e+00 1 0 -1.057761e-03 9.515716e-03 9.708752e-03 1.112631e-02 1.930360e-04
-3.947233e+00 -7.900366e+00 9.938509e-01 1.005698e+00 1.003936e+00 9.914008e-01 1.202470e+00 1 0 -4.257366e-03 4.395021e-03 4.903224e-03 -5.134690e-04 5.082032e-04
-3.964923e+00 -7.242188e+00 9.949310e-01 1.006014e+00 1.000305e+00 9.929072e-01 1.200231e+00 1 0 -7.426657e-03 -4.261039e-03 -4.680210e-03 -8.999794e-03 -4.191710e-04
-4.046076e+00 -6.570994e+00 9.995847e-01 1.001814e+00 9.960597e-01 9.994185e-01 1.194062e+00 1 0 -2.338197e-03 -5.955268e-03 -5.085078e-03 3.099221e-06 8.701903e-04
-4.110232e+00 -6.212155e+00 9.981730e-01 1.001691e+00 9.999579e-01 9.974322e-01 1.196658e+00 1 0 3.578236e-03 1.417180e-02 3.728891e-03 3.185906e-02 -1.044291e-02
-4.619577e+00 -8.094703e+00 9.999640e-01 1.004533e+00 9.969987e-01 9.999392e-01 1.196167e+00 1 0 3.015303e-03 9.764099e-03 1.119956e-02 9.848243e-03 1.435461e-03
-4.601887e+00 -7.753671e+00 9.955142e-01 1.007713e+00 1.000438e+00 9.937243e-01 1.201188e+00 1 0 1.404655e-03 7.504618e-03 7.066687e-03 8.369521e-03 -4.379315e-04
-4.619577e+00 -7.094703e+00 9.909208e-01 1.008545e+00 1.002705e+00 9.873102e-01 1.204153e+00 1 0 -2.198682e-03 -5.185822e-03 -4.280404e-03 -1.554347e-03 9.054182e-04
-4.700730e+00 -6.420118e+00 9.968124e-01 1.002948e+00 1.001061e+00 9.955437e-01 1.198388e+00 1 0 -5.828893e-03 -1.005641e-02 -1.061705e-02 -2.927086e-03 -5.606462e-04
-4.764886e+00 -6.058876e+00 1.001125e+00 1.000225e+00 1.001504e+00 1.001575e+00 1.195993e+00 1 0 -8.193094e-04 -8.925899e-03 -3.137059e-03 -5.692464e-04 5.788840e-03
-5.274231e+00 -7.931419e+00 1.000962e+00 1.002709e+00 9.923742e-01 1.001353e+00 1.192073e+00 1 0 5.913504e-03 7.702468e-03 6.434505e-03 1.326682e-02 -1.267963e-03
-5.256541e+00 -7.590457e+00 9.954361e-01 1.005539e+00 9.976634e-01 9.936089e-01 1.198252e+00 1 0 8.448415e-03 6.537606e-03 6.771231e-03 1.390480e-02 2.336251e-04
-5.274231e+00 -6.931419e+00 9.924155e-01 1.007729e+00 1.004494e+00 9.894003e-01 1.204366e+00 1 0 3.259597e-03 4.628906e-04 9.644297e-04 7.257135e-03 5.015391e-04
-5.355384e+00 -6.256769e+00 9.976104e-01 1.006009e+00 1.007473e+00 9.966633e-01 1.203857e+00 1 0 -5.622378e-03 -6.813241e-03 -7.743268e-03 -9.044835e-04 -9.300264e-04
-5.419540e+00 -5.895775e+00 1.003287e+00 1.002721e+00 1.005742e+00 1.004609e+00 1.199497e+00 1 0 -1.423343e-02 -1.865072e-02 -1.603597e-02 -2.056676e-02 2.614750e-03
-5.619577e+00 -7.848187e+00 9.988664e-01 1.001516e+00 9.927339e-01 9.984025e-01 1.192080e+00 1 0 1.877664e-03 2.182924e-03 -2.971718e-03 8.377846e-03 -5.154643e-03
-5.601887e+00 -7.506963e+00 9.962287e-01 1.002811e+00 9.966204e-01 9.946985e-01 1.195813e+00 1 0 8.489759e-03 4.885775e-03 6.654808e-03 1.211751e-02 1.769033e-03
-5.619577e+00 -6.848187e+00 9.966999e-01 1.006307e+00 1.004334e+00 9.953944e-01 1.202377e+00 1 0 8.109658e-03 4.092349e-03 3.814941e-03 1.012466e-02 -2.774074e-04
-5.700730e+00 -6.174868e+00 9.997645e-01 1.006305e+00 1.008889e+00 9.996849e-01 1.204358e+00 1 0 4.220340e-03 -1.019861e-03 1.046535e-03 4.410310e-03 2.066396e-03
-5.764886e+00 -5.815078e+00 9.989187e-01 1.006868e+00 1.010447e+00 9.984858e-01 1.205840e+00 1 0 -5.745237e-03 1.569874e-02 -1.149505e-02 7.440128e-03 -2.719379e-02
VARIABLES = "X", "Y", "ro", "u", "v", "pre", "Ma", "PART", "IMEX", "Ux", "Uy", "Vx", "Vy", "Vort" 
ZONE I=5, J=5, DATAPACKING=POINT
-3.764886e+00 -6.280185e+00 9.977345e-01 1.001636e+00 1.000492e+00 9.968729e-01 1.197017e+00 1 0 -1.147103e-02 -1.140969e-02 -4.511642e-03 -4.241190e-03 6.898048e-03
-3.840068e+00 -5.921046e+00 9.999743e-01 9.992519e-01 9.996061e-01 9.999425e-01 1.194565e+00 1 0 7.094018e-03 -3.060057e-05 -1.524778e-03 6.122485e-03 -1.494177e-03
-4.000000e+00 -5.235114e+00 9.981655e-01 1.000888e+00 1.007926e+00 9.974590e-01 1.200929e+00 1 0 6.813504e-03 4.772083e-03 3.653150e-03 1.178579e-02 -1.118933e-03
-4.159932e+00 -4.546810e+00 1.001715e+00 1.000307e+00 1.008004e+00 1.002352e+00 1.199823e+00 1 0 -5.003974e-03 -7.624951e-03 -8.778745e-03 -1.426224e-02 -1.153794e-03
-4.235114e+00 -4.184922e+00 1.007327e+00 9.966505e-01 1.001749e+00 1.010293e+00 1.192522e+00 1 0 -1.355255e-03 -1.664392e-02 -8.892855e-03 -2.557167e-02 7.751064e-03
-4.110232e+00 -6.212155e+00 9.967594e-01 1.002926e+00 1.001430e+00 9.954398e-01 1.198626e+00 1 0 -8.386579e-04 -1.045461e-02 1.349138e-03 9.001356e-03 1.180375e-02
-4.185414e+00 -5.850560e+00 1.000475e+00 9.986380e-01 1.001995e+00 1.000671e+00 1.195492e+00 1 0 -4.169092e-03 -7.916835e-03 -9.046691e-03 5.189070e-04 -1.129856e-03
-4.345346e+00 -5.159932e+00 1.003176e+00 9.994395e-01 1.006336e+00 1.004434e+00 1.197936e+00 1 0 4.920368e-03 7.899308e-03 8.543958e-03 1.085574e-02 6.446505e-04
-4.505278e+00 -4.467691e+00 9.998150e-01 1.002620e+00 1.009710e+00 9.997493e-01 1.202644e+00 1 0 -6.794751e-03 -3.690278e-03 -4.058096e-03 -5.082984e-03 -3.678186e-04
-4.580460e+00 -4.104225e+00 1.002524e+00 9.992687e-01 1.004812e+00 1.003570e+00 1.197047e+00 1 0 -1.747800e-02 -2.174130e-02 -1.915566e-02 -3.128999e-02 2.585641e-03
-4.764886e+00 -6.058876e+00 1.001814e+00 9.995028e-01 1.000653e+00 1.002540e+00 1.194889e+00 1 0 7.712286e-03 1.428490e-02 7.202476e-03 2.932095e-02 -7.082424e-03
-4.840068e+00 -5.694782e+00 1.001104e+00 1.001726e+00 1.006602e+00 1.001540e+00 1.199948e+00 1 0 -4.346965e-03 -2.336629e-03 -1.877946e-03 3.718624e-03 4.586830e-04
-5.000000e+00 -5.000000e+00 1.006376e+00 9.988416e-01 1.004428e+00 1.008933e+00 1.195669e+00 1 0 -1.652309e-03 -1.857122e-03 -2.463935e-03 -3.266862e-03 -6.068129e-04
-5.159932e+00 -4.305218e+00 9.989529e-01 1.002620e+00 1.007053e+00 9.985538e-01 1.201252e+00 1 0 8.415370e-03 1.246844e-02 1.291755e-02 1.065077e-02 4.491034e-04
-5.235114e+00 -3.941124e+00 9.944297e-01 1.005840e+00 1.008351e+00 9.922044e-01 1.205059e+00 1 0 -3.233402e-03 2.766798e-03 2.594381e-03 -6.128036e-03 -1.724164e-04
-5.419540e+00 -5.895775e+00 1.004442e+00 1.002181e+00 1.004582e+00 1.006231e+00 1.198205e+00 1 0 -1.733885e-02 -1.162124e-02 -1.638925e-02 -7.327284e-03 -4.768007e-03
-5.494722e+00 -5.532309e+00 1.003789e+00 1.001361e+00 1.006428e+00 1.005308e+00 1.198981e+00 1 0 4.578783e-03 6.661446e-04 1.420220e-03 6.498644e-03 7.540753e-04
-5.654654e+00 -4.840068e+00 1.000149e+00 1.000918e+00 1.007025e+00 1.000206e+00 1.199947e+00 1 0 -5.760672e-03 -3.321690e-03 -4.215525e-03 -7.374851e-03 -8.938343e-04
-5.814586e+00 -4.149440e+00 1.003500e+00 9.999550e-01 1.000374e+00 1.004906e+00 1.194588e+00 1 0 -2.332349e-03 2.030915e-03 2.994044e-03 -6.112210e-03 9.631298e-04
-5.889768e+00 -3.787845e+00 1.000684e+00 1.003181e+00 1.001153e+00 1.000966e+00 1.197651e+00 1 0 1.537377e-02 2.447032e-02 1.757008e-02 2.453244e-02 -6.900244e-03
-5.764886e+00 -5.815078e+00 9.977624e-01 1.008861e+00 1.011400e+00 9.968647e-01 1.207881e+00 1 0 -2.558736e-02 -3.845641e-02 -2.333559e-02 -1.300731e-02 1.512083e-02
-5.840068e+00 -5.453190e+00 1.000893e+00 9.999374e-01 1.008151e+00 1.001238e+00 1.199866e+00 1 0 -5.019828e-03 -1.066972e-02 -1.464295e-02 -9.106444e-03 -3.973224e-03
-6.000000e+00 -4.764886e+00 9.994959e-01 1.002894e+00 1.006025e+00 9.993018e-01 1.200677e+00 1 0 -4.897116e-03 8.112402e-03 9.810754e-03 -6.801548e-04 1.698352e-03
-6.159932e+00 -4.078954e+00 1.001119e+00 1.003846e+00 1.001917e+00 1.001586e+00 1.198393e+00 1 0 -2.052029e-02 -1.323092e-02 -1.688736e-02 -1.255073e-02 -3.656439e-03
-6.235114e+00 -3.719815e+00 1.003094e+00 9.995803e-01 9.991204e-01 1.004347e+00 1.193707e+00 1 0 6.901824e-03 -1.116737e-02 -4.654587e-03 -3.303045e-03 6.512787e-03
VARIABLES = "X", "Y", "ro", "u", "v", "pre", "Ma", "PART", "IMEX", "Ux", "Uy", "Vx", "Vy", "Vort" 
ZONE I=5, J=5, DATAPACKING=POINT
-4.235114e+00 -4.184922e+00 1.008388e+00 9.960645e-01 1.001083e+00 1.011833e+00 1.191494e+00 1 0 -2.587582e-04 -8.620811e-04 -7.878634e-03 -4.280488e-03 -7.016553e-03
-4.299270e+00 -3.825132e+00 1.003831e+00 9.974748e-01 1.001990e+00 1.005392e+00 1.193984e+00 1 0 1.822344e-02 7.352229e-03 8.098309e-03 4.552022e-03 7.460802e-04
-4.380423e+00 -3.151813e+00 9.997842e-01 9.985447e-01 1.002637e+00 9.997269e-01 1.195971e+00 1 0 1.443177e-03 -1.330288e-03 5.658815e-03 -1.553304e-03 6.989103e-03
-4.398113e+00 -2.493037e+00 1.003526e+00 9.979124e-01 1.000497e+00 1.004827e+00 1.193505e+00 1 0 -7.569244e-03 2.433749e-03 -2.100274e-03 -3.075114e-03 -4.534023e-03
-4.380423e+00 -2.151813e+00 1.004167e+00 9.999702e-01 9.997546e-01 1.005730e+00 1.194135e+00 1 0 1.343798e-02 6.165600e-03 -1.832673e-03 -2.821265e-03 -7.998273e-03
-4.580460e+00 -4.104225e+00 1.003258e+00 9.991084e-01 1.004208e+00 1.004588e+00 1.196422e+00 1 0 -1.605761e-02 -1.591890e-02 -1.532286e-02 -2.013085e-02 5.960394e-04
-4.644616e+00 -3.743231e+00 1.003088e+00 9.970214e-01 1.001507e+00 1.004352e+00 1.193600e+00 1 0 -9.715046e-03 -2.546977e-03 -2.592844e-03 -3.035847e-03 -4.586708e-05
-4.725769e+00 -3.068581e+00 1.000998e+00 9.988029e-01 1.001412e+00 1.001382e+00 1.195129e+00 1 0 -4.701967e-03 3.383954e-03 2.525641e-03 -7.626815e-05 -8.583126e-04
-4.743459e+00 -2.409543e+00 1.002996e+00 1.000040e+00 1.000082e+00 1.004182e+00 1.194595e+00 1 0 -2.745591e-03 -4.067895e-04 7.356087e-04 -3.326296e-03 1.142398e-03
-4.725769e+00 -2.068581e+00 1.004682e+00 9.994856e-01 9.989966e-01 1.006448e+00 1.193273e+00 1 0 -1.010768e-03 -2.988700e-03 -2.067274e-04 -3.008609e-03 2.781973e-03
-5.235114e+00 -3.941124e+00 9.947558e-01 1.005678e+00 1.007895e+00 9.926626e-01 1.204609e+00 1 0 -5.467153e-03 -3.133024e-03 -3.882022e-03 -2.424993e-02 -7.489977e-04
-5.299270e+00 -3.579882e+00 9.972964e-01 1.005304e+00 1.003037e+00 9.961924e-01 1.200878e+00 1 0 -9.104099e-03 -2.516916e-03 -2.506674e-03 -7.544742e-03 1.024196e-05
-5.380423e+00 -2.905297e+00 9.966214e-01 1.004039e+00 1.001471e+00 9.952975e-01 1.199320e+00 1 0 -8.420971e-03 -3.510191e-03 -2.346613e-03 -1.108027e-03 1.163578e-03
-5.398113e+00 -2.246329e+00 9.982423e-01 1.001980e+00 9.996367e-01 9.975547e-01 1.196608e+00 1 0 -7.911243e-03 -2.004962e-03 -9.889691e-04 -4.075951e-03 1.015993e-03
-5.380423e+00 -1.905297e+00 9.997576e-01 1.001915e+00 9.986860e-01 9.996310e-01 1.195665e+00 1 0 -7.600610e-03 4.714862e-03 2.980987e-03 3.406034e-03 -1.733875e-03
-5.889768e+00 -3.787845e+00 9.992875e-01 1.003961e+00 1.002418e+00 9.990133e-01 1.199206e+00 1 0 1.083485e-02 5.902057e-03 1.340510e-02 9.604723e-03 7.503043e-03
-5.953924e+00 -3.429006e+00 9.980400e-01 1.003994e+00 1.002139e+00 9.972625e-01 1.199361e+00 1 0 1.118569e-02 2.706037e-03 2.041745e-03 -1.100251e-03 -6.642914e-04
-6.035077e+00 -2.757812e+00 9.945210e-01 1.006500e+00 1.001364e+00 9.923451e-01 1.201247e+00 1 0 2.787376e-03 6.526464e-03 5.842301e-03 -1.027010e-03 -6.841631e-04
-6.052767e+00 -2.099634e+00 9.956650e-01 1.010611e+00 9.986041e-01 9.940163e-01 1.201753e+00 1 0 -1.258497e-02 4.439793e-03 3.381034e-03 -7.792337e-03 -1.058759e-03
-6.035077e+00 -1.757812e+00 9.993788e-01 1.011085e+00 9.955388e-01 9.992777e-01 1.199283e+00 1 0 -1.615552e-02 -2.082786e-03 3.775199e-03 -8.844926e-03 5.857986e-03
-6.235114e+00 -3.719815e+00 1.002542e+00 9.996032e-01 9.996972e-01 1.003589e+00 1.194187e+00 1 0 1.862788e-02 6.819531e-03 6.317086e-03 2.243015e-02 -5.024449e-04
-6.299270e+00 -3.363192e+00 9.998269e-01 1.000505e+00 1.001769e+00 9.997075e-01 1.196659e+00 1 0 3.195430e-03 3.516756e-03 -5.531203e-04 -3.444205e-03 -4.069876e-03
-6.380423e+00 -2.694954e+00 1.003422e+00 1.004595e+00 9.969212e-01 1.004787e+00 1.195331e+00 1 0 2.082983e-02 1.111276e-02 1.833720e-02 -4.459582e-03 7.224441e-03
-6.398113e+00 -2.037443e+00 1.004582e+00 1.011895e+00 9.958009e-01 1.006435e+00 1.198761e+00 1 0 2.566995e-02 9.730168e-03 1.011242e-02 -2.821996e-04 3.822472e-04
-6.380423e+00 -1.694954e+00 1.005713e+00 1.014406e+00 9.947055e-01 1.008088e+00 1.199316e+00 1 0 8.036636e-03 3.348777e-03 -4.425112e-03 -8.423153e-03 -7.773888e-03
VARIABLES = "X", "Y", "ro", "u", "v", "pre", "Ma", "PART", "IMEX", "Ux", "Uy", "Vx", "Vy", "Vort" 
ZONE I=5, J=5, DATAPACKING=POINT
-4.380423e+00 -2.151813e+00 1.005207e+00 9.993487e-01 9.993980e-01 1.007208e+00 1.193293e+00 1 0 2.063042e-02 2.403311e-02 1.285193e-03 1.467093e-02 -2.274792e-02
-4.344891e+00 -1.814691e+00 9.971590e-01 1.006103e+00 1.002236e+00 9.959423e-01 1.200947e+00 1 0 2.050351e-02 8.942146e-03 8.086692e-03 -1.149758e-04 -8.554542e-04
-4.235114e+00 -1.184922e+00 9.980938e-01 1.007484e+00 9.977535e-01 9.979052e-01 1.198486e+00 1 0 4.696295e-03 -3.839360e-03 -2.725717e-02 -5.157786e-03 -2.341781e-02
-4.086115e+00 -5.626149e-01 1.002446e+00 1.006578e+00 9.942113e-01 1.005069e+00 1.194162e+00 1 0 1.971190e-02 -4.264566e-03 1.513536e-02 -1.947003e-03 1.939993e-02
-4.000000e+00 -2.351141e-01 1.000348e+00 1.006767e+00 9.964410e-01 1.001777e+00 1.196307e+00 1 0 1.118599e-02 -8.171047e-03 5.014387e-02 -7.440610e-03 5.831491e-02
-4.725769e+00 -2.068581e+00 1.004903e+00 9.994004e-01 9.989347e-01 1.006720e+00 1.193156e+00 1 0 -2.457706e-03 -1.197842e-03 1.242419e-05 3.619995e-03 1.210266e-03
-4.690237e+00 -1.732015e+00 1.002363e+00 1.000448e+00 1.000647e+00 1.003129e+00 1.195426e+00 1 0 1.215122e-02 4.245195e-03 3.099301e-03 4.660491e-03 -1.145893e-03
-4.580460e+00 -1.104225e+00 9.989121e-01 1.003905e+00 1.001105e+00 9.980246e-01 1.198756e+00 1 0 1.310655e-02 1.328616e-04 -3.211613e-03 -4.171522e-03 -3.344475e-03
-4.431461e+00 -4.852157e-01 1.002377e+00 1.003633e+00 9.964684e-01 1.003374e+00 1.194703e+00 1 0 4.454109e-03 -2.686381e-03 -1.248840e-02 -2.559622e-03 -9.802023e-03
-4.345346e+00 -1.599320e-01 1.001717e+00 1.004033e+00 9.965923e-01 1.003191e+00 1.194732e+00 1 0 6.016780e-03 5.461731e-03 -1.093346e-02 1.437507e-02 -1.639519e-02
-5.380423e+00 -1.905297e+00 9.989737e-01 1.002230e+00 9.994343e-01 9.985401e-01 1.196484e+00 1 0 -7.400918e-03 2.009919e-03 4.075571e-03 9.660000e-03 2.065652e-03
-5.344891e+00 -1.568650e+00 9.997080e-01 1.001519e+00 1.000410e+00 9.994576e-01 1.196531e+00 1 0 -1.406238e-02 -1.089577e-03 7.267693e-04 2.156337e-04 1.816346e-03
-5.235114e+00 -9.411241e-01 1.001574e+00 1.000601e+00 9.993160e-01 1.001825e+00 1.195030e+00 1 0 -6.820056e-03 2.548002e-03 3.519350e-03 -3.162487e-03 9.713480e-04
-5.086115e+00 -3.237134e-01 1.001717e+00 1.002787e+00 9.990425e-01 1.001520e+00 1.196441e+00 1 0 -1.289297e-03 4.913412e-03 7.475696e-03 1.594911e-03 2.562285e-03
-5.000000e+00 -2.143592e-08 9.995367e-01 1.003878e+00 1.001668e+00 9.980493e-01 1.199436e+00 1 0 -3.369657e-03 1.275076e-03 8.357811e-03 1.111217e-02 7.082735e-03
-6.035077e+00 -1.757812e+00 9.990462e-01 1.010819e+00 9.957022e-01 9.988218e-01 1.199294e+00 1 0 -1.339178e-02 1.174379e-02 9.164327e-03 1.024026e-02 -2.579466e-03
-5.999545e+00 -1.419632e+00 9.986858e-01 1.013612e+00 9.982365e-01 9.983677e-01 1.202536e+00 1 0 -1.468947e-02 6.626575e-03 6.934492e-03 3.369698e-03 3.079169e-04
-5.889768e+00 -7.878450e-01 1.000596e+00 1.012611e+00 9.969860e-01 1.001147e+00 1.200670e+00 1 0 -2.377920e-02 -1.743113e-03 1.352106e-03 -7.474992e-03 3.095219e-03
-5.740769e+00 -1.658199e-01 1.003123e+00 1.008533e+00 9.928077e-01 1.004763e+00 1.195090e+00 1 0 -1.686943e-02 1.031756e-03 3.028570e-03 -2.238069e-03 1.996813e-03
-5.654654e+00 1.599319e-01 1.000340e+00 1.008919e+00 9.949139e-01 1.001035e+00 1.197133e+00 1 0 -1.017447e-02 1.016176e-02 8.476173e-03 1.402238e-02 -1.685584e-03
-6.380423e+00 -1.694954e+00 1.005547e+00 1.014550e+00 9.946345e-01 1.007881e+00 1.199386e+00 1 0 5.469266e-03 1.599906e-03 -3.183668e-03 2.141741e-03 -4.783573e-03
-6.344891e+00 -1.355460e+00 1.004893e+00 1.016094e+00 9.957219e-01 1.006972e+00 1.201110e+00 1 0 8.181365e-03 5.231664e-03 7.284912e-03 2.175855e-03 2.053248e-03
-6.235114e+00 -7.198151e-01 1.002037e+00 1.018916e+00 9.960347e-01 1.003273e+00 1.203499e+00 1 0 -1.143773e-02 2.748327e-03 1.727360e-03 -2.405431e-03 -1.020967e-03
-6.086115e+00 -9.307486e-02 1.002743e+00 1.016499e+00 9.950195e-01 1.004031e+00 1.201410e+00 1 0 -3.275086e-02 1.916826e-03 -8.117012e-03 3.030252e-03 -1.003384e-02
-6.000000e+00 2.351141e-01 1.002513e+00 1.014591e+00 9.962038e-01 1.003003e+00 1.201436e+00 1 0 -2.312098e-02 1.654312e-03 -2.179670e-03 2.355227e-03 -3.833982e-03
VARIABLES = "X", "Y", "ro", "u", "v", "pre", "Ma", "PART", "IMEX", "Ux", "Uy", "Vx", "Vy", "Vort" 
ZONE I=5, J=5, DATAPACKING=POINT
-1.619577e+00 -8.340342e+00 9.996645e-01 1.000174e+00 1.009676e+00 9.994661e-01 1.201247e+00 1 0 -4.044398e-03 -8.116476e-03 -2.520881e-03 -5.271293e-02 5.595595e-03
-1.601887e+00 -7.992639e+00 1.006739e+00 9.966954e-01 9.996231e-01 1.009483e+00 1.191407e+00 1 0 5.895012e-04 -6.945078e-03 -4.227992e-03 -1.895697e-02 2.717086e-03
-1.619577e+00 -7.340342e+00 1.003793e+00 9.961900e-01 9.963140e-01 1.005289e+00 1.189862e+00 1 0 4.649417e-03 4.797706e-03 6.357761e-03 6.833602e-03 1.560055e-03
-1.700730e+00 -6.695957e+00 9.940354e-01 9.998812e-01 1.002373e+00 9.915780e-01 1.198059e+00 1 0 4.484689e-03 5.189120e-03 7.288247e-04 5.027517e-03 -4.460296e-03
-1.764886e+00 -6.358085e+00 9.947480e-01 1.000456e+00 1.000067e+00 9.926763e-01 1.196788e+00 1 0 6.183691e-03 -1.247618e-03 2.595509e-03 -1.898658e-02 3.843127e-03
-1.964923e+00 -8.377606e+00 9.983880e-01 1.001545e+00 1.011814e+00 9.976771e-01 1.203656e+00 1 0 -6.540019e-04 -8.346346e-03 -5.710079e-04 -3.522029e-02 7.775338e-03
-1.947233e+00 -8.030770e+00 1.004430e+00 9.979658e-01 1.002723e+00 1.006264e+00 1.194553e+00 1 0 -4.979723e-03 -9.063142e-03 -7.681046e-03 -2.370225e-02 1.382096e-03
-1.964923e+00 -7.377606e+00 1.005222e+00 9.953253e-01 9.948131e-01 1.007264e+00 1.188129e+00 1 0 -1.384922e-04 1.689518e-03 1.781459e-03 1.785508e-03 9.194028e-05
-2.046076e+00 -6.729187e+00 9.949304e-01 9.986199e-01 1.001166e+00 9.928828e-01 1.196333e+00 1 0 1.428298e-03 5.656163e-03 3.767026e-03 9.937981e-03 -1.889137e-03
-2.110232e+00 -6.388065e+00 9.944471e-01 9.992719e-01 1.000366e+00 9.922413e-01 1.196340e+00 1 0 1.175672e-03 -5.171645e-03 -1.337769e-04 -1.582169e-02 5.037868e-03
-2.619577e+00 -8.398872e+00 9.984876e-01 1.000623e+00 1.011203e+00 9.979054e-01 1.202664e+00 1 0 2.510652e-03 9.553630e-03 4.653902e-03 1.504131e-03 -4.899728e-03
-2.601887e+00 -8.053835e+00 9.987360e-01 1.001647e+00 1.007241e+00 9.982351e-01 1.200846e+00 1 0 -3.903368e-03 -3.989564e-03 -3.007989e-03 -1.900269e-02 9.815752e-04
-2.619577e+00 -7.398872e+00 1.003042e+00 9.972924e-01 9.959304e-01 1.004248e+00 1.190464e+00 1 0 -5.254851e-03 -4.387128e-03 -4.597261e-03 -9.253790e-03 -2.101331e-04
-2.700730e+00 -6.742169e+00 9.978227e-01 9.989814e-01 9.975458e-01 9.969655e-01 1.193666e+00 1 0 -1.976537e-03 6.894278e-03 6.341604e-03 1.154089e-02 -5.526742e-04
-2.764886e+00 -6.394473e+00 9.944786e-01 1.000758e+00 1.000656e+00 9.922871e-01 1.197394e+00 1 0 -4.175196e-03 -2.528732e-03 8.138519e-04 3.123340e-03 3.342584e-03
-3.274231e+00 -8.353597e+00 9.977145e-01 1.000669e+00 1.007083e+00 9.968086e-01 1.200412e+00 1 0 -2.412645e-03 1.068915e-02 7.694232e-03 9.097999e-03 -2.994920e-03
-3.256541e+00 -8.010307e+00 9.952392e-01 1.002750e+00 1.006504e+00 9.933371e-01 1.201910e+00 1 0 -6.493605e-04 1.722976e-03 2.552944e-03 -7.212732e-03 8.299673e-04
-3.274231e+00 -7.353597e+00 9.986300e-01 1.001326e+00 9.989934e-01 9.981004e-01 1.195737e+00 1 0 -7.191421e-03 -4.089475e-03 -4.875745e-03 -1.286072e-02 -7.862700e-04
-3.355384e+00 -6.688952e+00 1.001383e+00 1.000550e+00 9.944394e-01 1.001923e+00 1.191918e+00 1 0 -1.723038e-03 2.310524e-03 2.695429e-03 3.740602e-03 3.849047e-04
-3.419540e+00 -6.335074e+00 9.973383e-01 1.002461e+00 9.993463e-01 9.962481e-01 1.196964e+00 1 0 2.223773e-03 9.709561e-03 7.182601e-03 3.041872e-02 -2.526960e-03
-3.619577e+00 -8.305046e+00 9.970748e-01 1.002706e+00 1.005182e+00 9.959326e-01 1.200632e+00 1 0 -6.129648e-03 6.388457e-03 7.114070e-03 1.477949e-02 7.256129e-04
-3.601887e+00 -7.962557e+00 9.939567e-01 1.003602e+00 1.005621e+00 9.915470e-01 1.202199e+00 1 0 -5.451959e-03 1.864040e-03 5.045314e-04 -5.567552e-03 -1.359508e-03
-3.619577e+00 -7.305046e+00 9.970428e-01 1.003632e+00 9.994248e-01 9.958716e-01 1.197762e+00 1 0 -6.288621e-03 -2.568498e-03 -9.144770e-04 -1.049891e-02 1.654021e-03
-3.700730e+00 -6.636808e+00 1.001406e+00 1.001046e+00 9.946241e-01 1.001951e+00 1.192323e+00 1 0 -1.270411e-03 -3.968077e-03 -4.044519e-03 -6.341330e-04 -7.644193e-05
-3.764886e+00 -6.280185e+00 9.991914e-01 1.000888e+00 9.982651e-01 9.989061e-01 1.194894e+00 1 0 1.136963e-02 1.128226e-02 9.706061e-03 3.799126e-02 -1.576197e-03
VARIABLES = "X", "Y", "ro", "u", "v", "pre", "Ma", "PART", "IMEX", "Ux", "Uy", "Vx", "Vy", "Vort" 
ZONE I=5, J=5, DATAPACKING=POINT
-1.764886e+00 -6.358085e+00 9.941235e-01 1.000254e+00 1.000771e+00 9.918165e-01 1.197231e+00 1 0 7.068954e-03 -1.352801e-03 -9.013491e-04 7.709526e-04 4.514515e-04
-1.840068e+00 -6.020757e+00 9.965391e-01 9.988148e-01 9.978395e-01 9.952390e-01 1.194008e+00 1 0 3.043753e-03 -4.412805e-03 -3.460830e-03 -1.153907e-02 9.519755e-04
-2.000000e+00 -5.380423e+00 9.999684e-01 9.979363e-01 9.969153e-01 9.999922e-01 1.192138e+00 1 0 1.346126e-03 4.576318e-03 6.093653e-03 1.228410e-02 1.517335e-03
-2.159932e+00 -4.736250e+00 9.958529e-01 1.003030e+00 1.007937e+00 9.941611e-01 1.202808e+00 1 0 2.169968e-03 7.583190e-03 5.164301e-03 1.628110e-02 -2.418889e-03
-2.235114e+00 -4.394473e+00 9.982383e-01 1.003168e+00 1.009492e+00 9.974174e-01 1.203295e+00 1 0 -3.923157e-06 -1.203385e-02 -1.085781e-02 -1.113042e-02 1.176034e-03
-2.110232e+00 -6.388065e+00 9.938425e-01 9.988440e-01 1.001105e+00 9.913484e-01 1.196702e+00 1 0 8.912899e-04 5.256693e-03 -8.368525e-04 7.388963e-03 -6.093546e-03
-2.185414e+00 -6.046865e+00 9.951206e-01 9.990907e-01 9.995119e-01 9.932660e-01 1.195508e+00 1 0 -3.271035e-03 -4.419412e-03 -3.726318e-03 -1.077302e-02 6.930934e-04
-2.345346e+00 -5.398113e+00 1.001848e+00 9.969170e-01 9.954010e-01 1.002582e+00 1.190202e+00 1 0 1.907336e-03 8.592526e-04 6.918382e-04 2.956159e-03 -1.674144e-04
-2.505278e+00 -4.745344e+00 9.998172e-01 1.000318e+00 1.004599e+00 9.997633e-01 1.198202e+00 1 0 1.178389e-02 1.020922e-02 1.131516e-02 2.427139e-02 1.105942e-03
-2.580460e+00 -4.399489e+00 9.973192e-01 1.001864e+00 1.011248e+00 9.960203e-01 1.203862e+00 1 0 7.677546e-03 2.006951e-03 -9.675165e-04 6.732855e-03 -2.974468e-03
-2.764886e+00 -6.394473e+00 9.948580e-01 1.000379e+00 1.000370e+00 9.928300e-01 1.196896e+00 1 0 -4.145425e-03 7.949467e-03 1.919458e-03 -4.077328e-04 -6.030009e-03
-2.840068e+00 -6.045558e+00 9.943899e-01 1.002339e+00 1.000865e+00 9.921355e-01 1.198503e+00 1 0 -4.393570e-03 -3.785872e-04 3.665437e-04 1.081308e-03 7.451309e-04
-3.000000e+00 -5.380423e+00 1.000077e+00 9.981754e-01 9.994027e-01 1.000122e+00 1.193755e+00 1 0 -6.465701e-03 -1.213253e-02 -1.230723e-02 -7.162860e-03 -1.747007e-04
-3.159932e+00 -4.711449e+00 1.006611e+00 9.927462e-01 9.998805e-01 1.009235e+00 1.189281e+00 1 0 7.163811e-03 2.745106e-04 1.594058e-03 1.148135e-02 1.319547e-03
-3.235114e+00 -4.358085e+00 1.001963e+00 9.949231e-01 1.007554e+00 1.002809e+00 1.196228e+00 1 0 1.229059e-02 1.953692e-02 1.429781e-02 3.473192e-02 -5.239111e-03
-3.419540e+00 -6.335074e+00 9.971450e-01 1.002629e+00 9.997380e-01 9.959605e-01 1.197356e+00 1 0 -1.234323e-03 -4.713023e-03 -2.474149e-03 -1.044744e-02 2.238874e-03
-3.494722e+00 -5.979039e+00 9.975284e-01 1.002487e+00 9.998225e-01 9.965488e-01 1.197198e+00 1 0 5.897740e-03 3.591451e-03 3.171711e-03 9.705299e-03 -4.197405e-04
-3.654654e+00 -5.299270e+00 9.956869e-01 1.001893e+00 1.007216e+00 9.939577e-01 1.201720e+00 1 0 -3.738931e-03 -7.565790e-03 -7.226129e-03 4.109068e-03 3.396614e-04
-3.814586e+00 -4.616481e+00 1.004810e+00 9.945017e-01 1.004256e+00 1.006772e+00 1.193336e+00 1 0 -1.599532e-02 -1.413992e-02 -1.444830e-02 -1.459484e-02 -3.083870e-04
-3.889768e+00 -4.256946e+00 1.008887e+00 9.928243e-01 1.001159e+00 1.012411e+00 1.189567e+00 1 0 -6.008194e-03 2.416028e-03 5.170822e-03 2.826995e-03 2.754794e-03
-3.764886e+00 -6.280185e+00 9.972332e-01 1.001747e+00 1.000731e+00 9.962299e-01 1.197312e+00 1 0 5.407496e-03 -7.572374e-03 -4.330868e-03 -3.416482e-03 3.241505e-03
-3.840068e+00 -5.921046e+00 9.996694e-01 9.992740e-01 9.996145e-01 9.994888e-01 1.194672e+00 1 0 1.392225e-02 1.298358e-03 2.285215e-04 6.063717e-03 -1.069837e-03
-4.000000e+00 -5.235114e+00 9.980625e-01 1.000972e+00 1.007812e+00 9.973423e-01 1.200918e+00 1 0 1.093723e-02 6.112748e-03 8.259532e-03 1.290502e-02 2.146784e-03
-4.159932e+00 -4.546810e+00 1.001680e+00 1.000802e+00 1.008106e+00 1.002262e+00 1.200211e+00 1 0 -2.229620e-02 -1.088055e-02 -1.167650e-02 -1.445618e-02 -7.959569e-04
-4.235114e+00 -4.184922e+00 1.007040e+00 9.973115e-01 1.001990e+00 1.009927e+00 1.193105e+00 1 0 -2.153962e-02 -2.100127e-02 -1.734906e-02 -2.918169e-02 3.652213e-03
VARIABLES = "X", "Y", "ro", "u", "v", "pre", "Ma", "PART", "IMEX", "Ux", "Uy", "Vx", "Vy", "Vort" 
ZONE I=5, J=5, DATAPACKING=POINT
-2.235114e+00 -4.394473e+00 9.985251e-01 1.002644e+00 1.009762e+00 9.978289e-01 1.203069e+00 1 0 -4.090226e-03 7.354356e-03 -4.691231e-03 3.404050e-03 -1.204559e-02
-2.299270e+00 -4.051477e+00 9.986680e-01 1.003774e+00 1.011173e+00 9.979615e-01 1.204596e+00 1 0 2.551116e-03 -2.467840e-03 -2.072621e-03 2.686934e-03 3.952194e-04
-2.380423e+00 -3.398872e+00 1.001787e+00 9.990386e-01 1.008182e+00 1.002559e+00 1.199095e+00 1 0 -5.668027e-03 -7.750022e-03 -5.518490e-03 -1.256335e-02 2.231532e-03
-2.398113e+00 -2.744527e+00 1.002336e+00 9.979465e-01 1.000965e+00 1.003497e+00 1.193889e+00 1 0 5.795022e-03 4.863959e-03 9.410959e-03 -1.839966e-03 4.547000e-03
-2.380423e+00 -2.398872e+00 9.980981e-01 1.000648e+00 1.005213e+00 9.974970e-01 1.199095e+00 1 0 2.176719e-03 9.033931e-03 1.086392e-02 2.584033e-02 1.829984e-03
-2.580460e+00 -4.399489e+00 9.984426e-01 1.002045e+00 1.009969e+00 9.973519e-01 1.203074e+00 1 0 6.538347e-03 -1.921366e-03 1.283017e-03 -9.602905e-03 3.204383e-03
-2.644616e+00 -4.053004e+00 9.991398e-01 1.001821e+00 1.011238e+00 9.988763e-01 1.203205e+00 1 0 8.137581e-03 2.590059e-03 2.134582e-03 6.953473e-03 -4.554778e-04
-2.725769e+00 -3.395982e+00 9.981617e-01 1.001289e+00 1.010453e+00 9.972997e-01 1.202777e+00 1 0 -6.931275e-03 -4.680477e-03 -4.891165e-03 -1.216908e-02 -2.106882e-04
-2.743459e+00 -2.740675e+00 1.002253e+00 9.981984e-01 1.000675e+00 1.003544e+00 1.193788e+00 1 0 -7.641783e-03 -1.252974e-03 -3.747466e-03 -8.775746e-03 -2.494492e-03
-2.725769e+00 -2.395982e+00 1.000859e+00 9.998115e-01 1.002153e+00 1.001163e+00 1.196222e+00 1 0 4.205210e-04 1.002645e-02 1.105809e-02 2.084645e-02 1.031643e-03
-3.235114e+00 -4.358085e+00 1.002200e+00 9.952236e-01 1.006990e+00 1.003207e+00 1.195971e+00 1 0 1.058774e-02 1.195697e-03 6.900865e-03 -2.618763e-03 5.705168e-03
-3.299270e+00 -4.005265e+00 1.002626e+00 9.964580e-01 1.007661e+00 1.003669e+00 1.197087e+00 1 0 7.029504e-03 9.241856e-03 8.554567e-03 5.131123e-03 -6.872894e-04
-3.380423e+00 -3.340342e+00 9.974836e-01 1.003112e+00 1.008866e+00 9.964926e-01 1.202990e+00 1 0 3.962025e-03 8.567629e-03 8.534083e-03 -1.632998e-03 -3.354661e-05
-3.398113e+00 -2.683331e+00 9.973356e-01 1.004523e+00 1.003936e+00 9.961643e-01 1.200989e+00 1 0 -6.980094e-03 -4.204830e-03 -5.145390e-03 -1.198571e-02 -9.405600e-04
-3.380423e+00 -2.340342e+00 1.000554e+00 1.002244e+00 9.993454e-01 1.000909e+00 1.195968e+00 1 0 -7.518776e-03 -7.055799e-03 -5.165065e-03 -1.272608e-02 1.890734e-03
-3.889768e+00 -4.256946e+00 1.008422e+00 9.927885e-01 1.001957e+00 1.011697e+00 1.190170e+00 1 0 -3.291279e-03 1.118979e-02 8.424926e-03 1.128035e-02 -2.764866e-03
-3.953924e+00 -3.899037e+00 1.005646e+00 9.957009e-01 1.002807e+00 1.007943e+00 1.192983e+00 1 0 -2.841531e-03 4.746569e-03 5.138711e-03 1.074208e-03 3.921422e-04
-4.035077e+00 -3.227926e+00 1.001895e+00 9.984526e-01 1.002767e+00 1.002642e+00 1.195515e+00 1 0 8.631123e-03 5.615261e-03 5.628247e-03 9.869189e-04 1.298620e-05
-4.052767e+00 -2.569604e+00 9.979268e-01 1.003101e+00 1.003265e+00 9.971322e-01 1.199510e+00 1 0 1.244592e-02 7.866452e-03 6.225221e-03 3.325711e-05 -1.641231e-03
-4.035077e+00 -2.227926e+00 9.965472e-01 1.005419e+00 1.003087e+00 9.951645e-01 1.201146e+00 1 0 2.451575e-03 3.474874e-03 -3.809648e-05 -8.061221e-04 -3.512970e-03
-4.235114e+00 -4.184922e+00 1.008382e+00 9.967076e-01 1.000916e+00 1.011947e+00 1.191706e+00 1 0 -1.478012e-02 -3.220511e-03 -3.530612e-03 -5.247037e-03 -3.101008e-04
-4.299270e+00 -3.825132e+00 1.003731e+00 9.976600e-01 1.002141e+00 1.005220e+00 1.194228e+00 1 0 -5.784231e-03 1.092243e-03 1.783843e-04 4.433512e-03 -9.138586e-04
-4.380423e+00 -3.151813e+00 9.998754e-01 9.977359e-01 1.003028e+00 9.998976e-01 1.195676e+00 1 0 -1.073652e-02 -1.880006e-03 -7.294330e-03 -3.039914e-03 -5.414324e-03
-4.398113e+00 -2.493037e+00 1.002941e+00 9.984101e-01 1.000216e+00 1.003890e+00 1.193843e+00 1 0 1.891490e-02 4.923783e-03 8.619365e-03 -4.810145e-03 3.695582e-03
-4.380423e+00 -2.151813e+00 1.003350e+00 1.001579e+00 9.986715e-01 1.004583e+00 1.194646e+00 1 0 3.413415e-02 1.098011e-02 2.176530e-02 -9.832522e-03 1.078519e-02
VARIABLES = "X", "Y", "ro", "u", "v", "pre", "Ma", "PART", "IMEX", "Ux", "Uy", "Vx", "Vy", "Vort" 
ZONE I=5, J=5, DATAPACKING=POINT
-2.380423e+00 -2.398872e+00 1.000410e+00 1.000530e+00 1.004528e+00 1.000700e+00 1.198080e+00 1 0 1.027015e-02 7.938968e-03 5.787639e-03 -3.713204e-02 -2.151329e-03
-2.344891e+00 -2.052756e+00 1.000165e+00 1.004425e+00 9.980590e-01 9.997767e-01 1.196952e+00 1 0 -7.430254e-03 1.643705e-02 -6.322709e-03 -1.374146e-02 -2.275976e-02
-2.235114e+00 -1.394473e+00 1.004394e+00 1.026056e+00 9.685500e-01 1.005303e+00 1.191961e+00 1 0 1.009072e-01 3.290901e-02 -1.348333e-01 -6.340457e-02 -1.677423e-01
-2.086115e+00 -7.318967e-01 1.000985e+00 1.063706e+00 8.773888e-01 1.003843e+00 1.163697e+00 1 0 2.561158e-01 -1.983116e-02 -2.575049e-01 -1.160678e-01 -2.376737e-01
-2.000000e+00 -3.804226e-01 9.905754e-01 1.067413e+00 8.104794e-01 9.890215e-01 1.133600e+00 1 0 2.607235e-01 -1.240713e-01 -2.370845e-01 -1.361323e-01 -1.130132e-01
-2.725769e+00 -2.395982e+00 1.001891e+00 9.992811e-01 1.002154e+00 1.002090e+00 1.195969e+00 1 0 -1.906234e-04 1.267339e-02 8.674483e-03 -2.088189e-02 -3.998909e-03
-2.690237e+00 -2.051800e+00 1.001375e+00 1.003448e+00 9.996164e-01 1.002300e+00 1.196510e+00 1 0 6.806057e-03 8.514373e-03 -1.505507e-03 1.075506e-04 -1.001988e-02
-2.580460e+00 -1.399489e+00 1.003058e+00 1.009865e+00 9.925648e-01 1.001545e+00 1.197629e+00 1 0 2.030184e-02 1.004221e-02 -3.179576e-02 -2.788406e-02 -4.183797e-02
-2.431461e+00 -7.449752e-01 1.006097e+00 1.021045e+00 9.466290e-01 1.004228e+00 1.177845e+00 1 0 5.474905e-02 -1.156649e-03 -1.452278e-01 -7.018771e-02 -1.440711e-01
-2.345346e+00 -3.981130e-01 1.005805e+00 1.019893e+00 9.048833e-01 1.006805e+00 1.151753e+00 1 0 6.627872e-02 -6.309506e-02 -2.315694e-01 -6.124692e-02 -1.684744e-01
-3.380423e+00 -2.340342e+00 1.000364e+00 1.002319e+00 9.995440e-01 1.000782e+00 1.196093e+00 1 0 -7.335524e-03 -5.984239e-03 -3.220594e-03 5.229389e-03 2.763645e-03
-3.344891e+00 -1.999603e+00 1.000063e+00 1.001477e+00 9.998356e-01 1.000304e+00 1.195869e+00 1 0 -3.282007e-03 2.123603e-03 -1.438255e-03 -1.934647e-03 -3.561859e-03
-3.235114e+00 -1.358085e+00 1.002222e+00 1.005675e+00 9.963239e-01 1.004134e+00 1.195296e+00 1 0 5.971283e-03 8.029331e-03 1.270922e-03 -6.920538e-03 -6.758410e-03
-3.086115e+00 -7.185270e-01 1.001768e+00 1.010191e+00 9.930998e-01 1.002021e+00 1.197087e+00 1 0 1.052153e-02 -2.619844e-04 -1.490757e-02 -1.015524e-04 -1.464558e-02
-3.000000e+00 -3.804226e-01 1.000603e+00 1.009460e+00 9.911458e-01 9.980156e-01 1.197190e+00 1 0 1.100271e-03 -7.781628e-03 -3.822640e-02 -7.054300e-03 -3.044477e-02
-4.035077e+00 -2.227926e+00 9.966259e-01 1.005290e+00 1.003155e+00 9.952108e-01 1.201129e+00 1 0 3.168846e-03 7.386394e-03 8.497400e-04 -2.711886e-03 -6.536654e-03
-3.999545e+00 -1.889861e+00 9.964482e-01 1.006075e+00 1.001823e+00 9.952284e-01 1.200686e+00 1 0 -5.688194e-03 -1.719950e-03 -4.397666e-03 -4.292592e-03 -2.677716e-03
-3.889768e+00 -1.256946e+00 1.000223e+00 1.002301e+00 9.973179e-01 1.000737e+00 1.194698e+00 1 0 -3.841863e-03 -5.641585e-03 -3.771456e-03 -8.754427e-03 1.870129e-03
-3.740769e+00 -6.298244e-01 1.003424e+00 1.000852e+00 9.912927e-01 1.005909e+00 1.189076e+00 1 0 3.447929e-03 2.447235e-03 -1.153275e-05 -6.123396e-03 -2.458768e-03
-3.654654e+00 -2.992696e-01 1.000293e+00 1.003305e+00 9.915416e-01 1.002767e+00 1.190698e+00 1 0 9.349903e-03 1.047547e-02 3.409692e-04 1.600979e-02 -1.013450e-02
-4.380423e+00 -2.151813e+00 1.004197e+00 1.001543e+00 9.980117e-01 1.005905e+00 1.193950e+00 1 0 3.735277e-02 1.234280e-02 3.045156e-02 1.927383e-02 1.810877e-02
-4.344891e+00 -1.814691e+00 9.970638e-01 1.005626e+00 1.002256e+00 9.956962e-01 1.200764e+00 1 0 9.633791e-03 6.889557e-03 2.714762e-03 6.944037e-04 -4.174795e-03
-4.235114e+00 -1.184922e+00 9.996050e-01 1.007810e+00 9.965319e-01 1.000673e+00 1.197203e+00 1 0 -2.940954e-02 6.657993e-03 -3.866189e-04 -1.089743e-02 -7.044612e-03
-4.086115e+00 -5.626149e-01 1.003673e+00 1.008121e+00 9.963249e-01 1.007537e+00 1.195607e+00 1 0 -4.211128e-02 1.086351e-02 -2.033984e-02 1.788197e-02 -3.120335e-02
-4.000000e+00 -2.351141e-01 1.001665e+00 1.007097e+00 1.001923e+00 1.002486e+00 1.200132e+00 1 0 -3.728043e-02 -1.683242e-03 -3.156661e-02 1.996539e-02 -2.988337e-02
VARIABLES = "X", "Y", "ro", "u", "v", "pre", "Ma", "PART", "IMEX", "Ux", "Uy", "Vx", "Vy", "Vort" 
ZONE I=5, J=5, DATAPACKING=POINT
3.804226e-01 -7.905297e+00 1.007737e+00 1.000199e+00 9.989364e-01 1.010427e+00 1.193121e+00 1 0 6.072955e-03 2.241497e-03 2.331521e-03 1.484437e-02 9.002340e-05
3.981130e-01 -7.555637e+00 1.002991e+00 9.995379e-01 1.001898e+00 1.004114e+00 1.195419e+00 1 0 -8.599649e-04 -4.955364e-03 3.792179e-03 5.746713e-03 8.747543e-03
3.804226e-01 -6.905297e+00 9.996652e-01 9.965030e-01 1.001224e+00 9.994856e-01 1.193981e+00 1 0 -6.777397e-03 -2.699920e-03 -4.139976e-03 -7.948508e-03 -1.440056e-03
2.992696e-01 -6.270574e+00 1.001200e+00 9.967406e-01 9.967247e-01 1.001707e+00 1.191021e+00 1 0 -8.722824e-03 -2.110206e-04 -1.105488e-03 1.116648e-03 -8.944673e-04
2.351141e-01 -5.941124e+00 9.967261e-01 9.966570e-01 1.001824e+00 9.958131e-01 1.194872e+00 1 0 -1.408912e-02 -2.933082e-03 -7.292538e-03 3.384884e-02 -4.359456e-03
3.507662e-02 -7.991185e+00 1.008511e+00 9.985557e-01 9.976407e-01 1.011675e+00 1.191089e+00 1 0 2.285478e-03 3.345407e-03 -4.896724e-04 6.879196e-03 -3.835080e-03
5.276701e-02 -7.641395e+00 1.005129e+00 9.987114e-01 1.000408e+00 1.007087e+00 1.193541e+00 1 0 4.236762e-03 -1.665486e-03 2.196864e-03 1.059060e-02 3.862349e-03
3.507660e-02 -6.991185e+00 9.992753e-01 9.978748e-01 1.003225e+00 9.989784e-01 1.196068e+00 1 0 -2.179946e-03 8.153194e-05 -2.509942e-03 -5.986495e-03 -2.591474e-03
-4.607639e-02 -6.356925e+00 1.000146e+00 9.990262e-01 9.963838e-01 1.000170e+00 1.192472e+00 1 0 -3.455875e-03 2.216370e-03 2.553653e-03 -5.490344e-03 3.372829e-04
-1.102319e-01 -6.027682e+00 9.958225e-01 1.000026e+00 9.995958e-01 9.945320e-01 1.195778e+00 1 0 -5.830519e-03 6.356016e-03 4.994810e-04 3.217428e-02 -5.856535e-03
-6.195774e-01 -8.151813e+00 1.005242e+00 9.979465e-01 9.999956e-01 1.007266e+00 1.192799e+00 1 0 -3.612834e-04 -2.899764e-03 -1.007942e-03 -3.214732e-02 1.891823e-03
-6.018870e-01 -7.802345e+00 1.009014e+00 9.965746e-01 9.973437e-01 1.012568e+00 1.189501e+00 1 0 1.834664e-03 -6.600187e-04 1.982505e-03 6.161541e-03 2.642523e-03
-6.195774e-01 -7.151813e+00 9.999913e-01 9.983673e-01 1.003053e+00 1.000008e+00 1.196071e+00 1 0 -6.914730e-04 3.474590e-03 3.936114e-03 2.229371e-03 4.615240e-04
-7.007304e-01 -6.515824e+00 9.998744e-01 9.988810e-01 9.976596e-01 9.997345e-01 1.193245e+00 1 0 1.367841e-03 -9.455304e-04 -2.672844e-03 -1.386119e-02 -1.727313e-03
-7.648859e-01 -6.184922e+00 1.001189e+00 9.992690e-01 9.952094e-01 1.001786e+00 1.191576e+00 1 0 1.141097e-03 1.111850e-02 1.342740e-03 3.948559e-03 -9.775760e-03
-1.274231e+00 -8.287116e+00 1.000445e+00 9.995235e-01 1.006591e+00 1.000509e+00 1.198851e+00 1 0 -2.150341e-03 -6.208129e-03 4.604519e-04 -5.984471e-02 6.668581e-03
-1.256541e+00 -7.938657e+00 1.008338e+00 9.965125e-01 9.974345e-01 1.011717e+00 1.189620e+00 1 0 -1.078073e-04 -4.124798e-03 -2.235138e-03 -1.127208e-02 1.889660e-03
-1.274231e+00 -7.287116e+00 1.001599e+00 9.976462e-01 9.986450e-01 1.002231e+00 1.192636e+00 1 0 1.885941e-03 4.893943e-03 5.929200e-03 8.956273e-03 1.035256e-03
-1.355384e+00 -6.646284e+00 9.958437e-01 9.991279e-01 1.002020e+00 9.940558e-01 1.196991e+00 1 0 -1.694340e-03 -1.527139e-03 -4.076699e-03 -3.947722e-03 -2.549560e-03
-1.419540e+00 -6.311312e+00 9.997305e-01 9.985599e-01 9.975217e-01 9.996046e-01 1.192962e+00 1 0 -2.962830e-03 8.571942e-04 -3.813468e-03 -2.445767e-02 -4.670662e-03
-1.619577e+00 -8.340342e+00 9.995693e-01 1.000523e+00 1.009539e+00 9.993674e-01 1.201375e+00 1 0 1.195212e-03 -9.379524e-03 1.596137e-03 -5.179896e-02 1.097566e-02
-1.601887e+00 -7.992639e+00 1.006616e+00 9.967395e-01 9.996836e-01 1.009297e+00 1.191507e+00 1 0 1.200801e-03 -7.393748e-03 -5.234830e-03 -1.849272e-02 2.158918e-03
-1.619577e+00 -7.340342e+00 1.003797e+00 9.961660e-01 9.963935e-01 1.005305e+00 1.189889e+00 1 0 5.164738e-03 4.804127e-03 4.369987e-03 6.280194e-03 -4.341396e-04
-1.700730e+00 -6.695957e+00 9.942172e-01 9.997682e-01 1.002173e+00 9.918347e-01 1.197826e+00 1 0 -2.187206e-03 3.951217e-03 3.390120e-03 5.548232e-03 -5.610975e-04
-1.764886e+00 -6.358085e+00 9.944845e-01 1.000424e+00 1.000206e+00 9.923369e-01 1.196898e+00 1 0 -7.608968e-03 -3.751682e-03 -3.180074e-03 -1.813371e-02 5.716085e-04
VARIABLES = "X", "Y", "ro", "u", "v", "pre", "Ma", "PART", "IMEX", "Ux", "Uy", "Vx", "Vy", "Vort" 
ZONE I=5, J=5, DATAPACKING=POINT
2.351141e-01 -5.941124e+00 9.974590e-01 9.972357e-01 1.001987e+00 9.970354e-01 1.195021e+00 1 0 -1.528986e-02 -5.839099e-03 1.664652e-03 4.555331e-03 7.503751e-03
1.599319e-01 -5.614526e+00 9.937984e-01 9.958488e-01 1.003580e+00 9.912586e-01 1.196426e+00 1 0 -1.104543e-02 -5.723948e-03 -1.642090e-03 4.767307e-03 4.081858e-03
-2.143592e-08 -5.000000e+00 9.971987e-01 9.959101e-01 1.003470e+00 9.957354e-01 1.195744e+00 1 0 -1.446742e-02 -1.049480e-03 -5.189764e-03 -8.596527e-03 -4.140284e-03
-1.599320e-01 -4.385474e+00 1.004992e+00 9.976376e-01 9.984227e-01 1.006884e+00 1.191753e+00 1 0 -9.086431e-03 -2.159185e-04 -6.318036e-03 -1.060944e-03 -6.102118e-03
-2.351141e-01 -4.058876e+00 1.003468e+00 9.980873e-01 1.004352e+00 1.005979e+00 1.195198e+00 1 0 -1.326727e-02 -1.820460e-03 4.114259e-04 5.285155e-02 2.231885e-03
-1.102319e-01 -6.027682e+00 9.960221e-01 1.000853e+00 9.995582e-01 9.951406e-01 1.196004e+00 1 0 -3.392631e-03 -4.753048e-03 6.567939e-03 9.379082e-03 1.132099e-02
-1.854141e-01 -5.701148e+00 9.930256e-01 9.989901e-01 1.002593e+00 9.901138e-01 1.197934e+00 1 0 -3.353376e-03 -3.786928e-03 2.219419e-03 1.017779e-02 6.006348e-03
-3.453460e-01 -5.086115e+00 9.929518e-01 9.992369e-01 1.005496e+00 9.900210e-01 1.199835e+00 1 0 -6.441560e-03 -1.500963e-04 -3.007651e-03 -3.259411e-03 -2.857555e-03
-5.052780e-01 -4.470214e+00 1.000544e+00 9.990291e-01 1.000916e+00 1.000227e+00 1.195386e+00 1 0 -1.273055e-03 -1.280345e-03 -6.444454e-03 -8.013260e-03 -5.164108e-03
-5.804601e-01 -4.142673e+00 1.002361e+00 9.998583e-01 1.001827e+00 1.004235e+00 1.195120e+00 1 0 -4.844477e-03 1.375540e-02 -3.463976e-03 2.450423e-02 -1.721937e-02
-7.648859e-01 -6.184922e+00 1.000655e+00 1.000198e+00 9.953581e-01 1.001182e+00 1.192262e+00 1 0 5.306345e-03 -7.542425e-03 7.186694e-05 7.123288e-03 7.614292e-03
-8.400681e-01 -5.856118e+00 9.990368e-01 9.980257e-01 9.982490e-01 9.986847e-01 1.193213e+00 1 0 4.465152e-03 7.889738e-04 4.583133e-03 1.199598e-02 3.794160e-03
-1.000000e+00 -5.235114e+00 9.921272e-01 1.000695e+00 1.005168e+00 9.889978e-01 1.200630e+00 1 0 6.172476e-04 3.777489e-03 2.978719e-03 9.488781e-03 -7.987694e-04
-1.159932e+00 -4.611738e+00 9.941339e-01 9.994956e-01 1.006636e+00 9.913214e-01 1.200600e+00 1 0 -5.430088e-04 -4.437882e-03 -6.594627e-03 -6.269408e-03 -2.156745e-03
-1.235114e+00 -4.280185e+00 9.990146e-01 1.000306e+00 1.004198e+00 9.986790e-01 1.198124e+00 1 0 -5.970610e-03 2.463262e-02 -6.235277e-03 -7.055872e-03 -3.086790e-02
-1.419540e+00 -6.311312e+00 9.990956e-01 9.989778e-01 9.980849e-01 9.986858e-01 1.193718e+00 1 0 6.347946e-04 -1.146426e-02 -6.933981e-03 -8.088054e-03 4.530280e-03
-1.494722e+00 -5.977479e+00 1.001256e+00 9.964416e-01 9.957044e-01 1.001915e+00 1.190144e+00 1 0 -2.017683e-03 -2.744058e-03 -9.462307e-04 -3.521146e-03 1.797828e-03
-1.654654e+00 -5.344891e+00 9.979147e-01 9.985284e-01 1.000032e+00 9.971114e-01 1.194850e+00 1 0 3.103921e-03 6.688336e-03 7.478035e-03 1.710368e-02 7.896986e-04
-1.814586e+00 -4.708822e+00 9.944684e-01 1.001441e+00 1.009225e+00 9.921091e-01 1.203040e+00 1 0 -4.556505e-03 1.657535e-03 7.827261e-05 7.267095e-03 -1.579262e-03
-1.889768e+00 -4.370956e+00 9.982409e-01 1.002410e+00 1.008692e+00 9.973151e-01 1.202427e+00 1 0 -3.995973e-03 4.860689e-03 -3.538657e-03 -7.258834e-03 -8.399346e-03
-1.764886e+00 -6.358085e+00 9.938513e-01 1.000186e+00 1.000887e+00 9.915231e-01 1.197273e+00 1 0 -5.688340e-03 -3.466089e-03 -6.010431e-03 -1.148877e-04 -2.544342e-03
-1.840068e+00 -6.020757e+00 9.962723e-01 9.988148e-01 9.979257e-01 9.948129e-01 1.194156e+00 1 0 -1.083357e-02 -8.200445e-03 -1.019769e-02 -1.358099e-02 -1.997247e-03
-2.000000e+00 -5.380423e+00 1.000107e+00 9.976287e-01 9.968015e-01 1.000213e+00 1.191837e+00 1 0 -1.602972e-03 3.840512e-03 6.568317e-03 1.238497e-02 2.727805e-03
-2.159932e+00 -4.736250e+00 9.959878e-01 1.003057e+00 1.007859e+00 9.943265e-01 1.202759e+00 1 0 -5.120821e-03 6.484336e-03 5.529256e-03 1.608246e-02 -9.550803e-04
-2.235114e+00 -4.394473e+00 9.984791e-01 1.003197e+00 1.009089e+00 9.978695e-01 1.202943e+00 1 0 4.300371e-04 -1.299520e-02 9.722409e-04 -9.861044e-03 1.396745e-02
VARIABLES = "X", "Y", "ro", "u", "v", "pre", "Ma", "PART", "IMEX", "Ux", "Uy", "Vx", "Vy", "Vort" 
ZONE I=5, J=5, DATAPACKING=POINT
-2.351141e-01 -4.058876e+00 1.004161e+00 9.982011e-01 1.006230e+00 1.007774e+00 1.195737e+00 1 0 -1.899240e-02 2.149596e-03 1.129540e-02 5.979100e-03 9.145802e-03
-2.992696e-01 -3.729426e+00 1.002704e+00 9.981480e-01 1.004117e+00 1.004195e+00 1.195699e+00 1 0 -4.203050e-03 -2.178088e-03 -3.589713e-03 -1.262406e-03 -1.411626e-03
-3.804226e-01 -3.094703e+00 1.001929e+00 1.010048e+00 1.011011e+00 1.002866e+00 1.207249e+00 1 0 -3.254266e-03 5.253703e-02 6.700918e-03 8.973005e-03 -4.583611e-02
-3.981130e-01 -2.444363e+00 9.969906e-01 1.088714e+00 9.883768e-01 9.946413e-01 1.244213e+00 1 0 6.276737e-02 2.081947e-01 4.122605e-02 -9.603583e-02 -1.669686e-01
-3.804226e-01 -2.094703e+00 1.007070e+00 1.184925e+00 9.426199e-01 1.013741e+00 1.275453e+00 1 0 1.018036e-01 3.578378e-01 9.102841e-02 -1.242333e-01 -2.668094e-01
-5.804601e-01 -4.142673e+00 1.001427e+00 1.001051e+00 1.003489e+00 1.004168e+00 1.196307e+00 1 0 -3.987406e-03 -2.674886e-03 -9.199357e-04 2.202322e-02 1.754950e-03
-6.446156e-01 -3.812270e+00 1.002074e+00 9.982723e-01 1.004397e+00 1.002878e+00 1.196349e+00 1 0 3.782836e-03 -3.654298e-03 2.012274e-04 8.421566e-05 3.855525e-03
-7.257686e-01 -3.176149e+00 1.000423e+00 1.006836e+00 1.009477e+00 1.001660e+00 1.204234e+00 1 0 1.539962e-03 3.378741e-02 2.298663e-03 8.887595e-03 -3.148875e-02
-7.434590e-01 -2.525476e+00 9.962290e-01 1.053748e+00 9.915160e-01 9.927536e-01 1.224983e+00 1 0 5.633322e-02 1.323934e-01 8.512416e-05 -8.594456e-02 -1.323083e-01
-7.257686e-01 -2.176149e+00 1.005484e+00 1.123277e+00 9.459011e-01 1.009283e+00 1.238767e+00 1 0 8.710181e-02 3.252453e-01 -1.324300e-02 -1.435443e-01 -3.384883e-01
-1.235114e+00 -4.280185e+00 9.977019e-01 1.002577e+00 1.004899e+00 9.973074e-01 1.199934e+00 1 0 1.398091e-03 -1.397369e-02 -8.792281e-03 9.428686e-03 5.181410e-03
-1.299270e+00 -3.946116e+00 1.002711e+00 9.966958e-01 1.005100e+00 1.003732e+00 1.195704e+00 1 0 1.087754e-04 -7.565665e-03 -3.006905e-03 -3.122396e-03 4.558760e-03
-1.380423e+00 -3.305046e+00 1.004742e+00 1.000890e+00 1.005992e+00 1.007523e+00 1.197688e+00 1 0 6.077602e-03 1.430802e-02 4.500696e-03 5.627037e-03 -9.807321e-03
-1.398113e+00 -2.653249e+00 9.992734e-01 1.014213e+00 1.002787e+00 9.980957e-01 1.206118e+00 1 0 3.086018e-02 4.072248e-02 -3.651247e-03 -2.776294e-02 -4.437373e-02
-1.380423e+00 -2.305046e+00 9.982179e-01 1.041967e+00 9.844147e-01 9.967478e-01 1.212376e+00 1 0 5.940696e-02 1.720742e-01 -3.787282e-02 -7.630920e-02 -2.099470e-01
-1.889768e+00 -4.370956e+00 9.974606e-01 1.002771e+00 1.009753e+00 9.960803e-01 1.203554e+00 1 0 8.366546e-04 -3.683869e-03 -4.694900e-03 5.987896e-03 -1.011032e-03
-1.953924e+00 -4.031339e+00 1.000680e+00 1.000719e+00 1.008952e+00 1.000941e+00 1.200861e+00 1 0 -9.060876e-03 -7.703457e-03 -6.680166e-03 -6.061975e-03 1.023291e-03
-2.035077e+00 -3.383054e+00 1.005741e+00 9.975850e-01 1.005153e+00 1.008102e+00 1.195471e+00 1 0 3.254045e-04 -2.151736e-03 -4.640994e-03 -6.239613e-03 -2.489259e-03
-2.052767e+00 -2.729657e+00 1.002896e+00 1.000414e+00 1.001845e+00 1.004494e+00 1.195627e+00 1 0 9.134453e-03 1.324756e-02 5.491226e-03 -3.030200e-03 -7.756334e-03
-2.035077e+00 -2.383054e+00 9.985929e-01 1.007664e+00 1.002158e+00 9.972177e-01 1.201930e+00 1 0 2.456657e-02 2.645179e-02 -1.171825e-02 1.023502e-02 -3.817004e-02
-2.235114e+00 -4.394473e+00 9.986540e-01 1.002654e+00 1.009415e+00 9.983324e-01 1.202642e+00 1 0 -7.553545e-04 8.635960e-03 5.252525e-03 6.796522e-03 -3.383435e-03
-2.299270e+00 -4.051477e+00 9.987770e-01 1.003815e+00 1.011217e+00 9.979722e-01 1.204706e+00 1 0 -6.316643e-03 -4.143135e-03 -5.195280e-03 3.264810e-03 -1.052144e-03
-2.380423e+00 -3.398872e+00 1.001703e+00 9.989519e-01 1.008552e+00 1.002560e+00 1.199214e+00 1 0 -8.809486e-03 -8.310901e-03 -1.244274e-02 -1.308120e-02 -4.131839e-03
-2.398113e+00 -2.744527e+00 1.002283e+00 9.973792e-01 1.001526e+00 1.003168e+00 1.194050e+00 1 0 6.241793e-03 4.033690e-03 -3.171719e-03 -4.395125e-04 -7.205409e-03
-2.380423e+00 -2.398872e+00 9.973643e-01 1.000095e+00 1.006433e+00 9.967853e-01 1.199484e+00 1 0 1.817834e-02 1.241346e-02 -1.337679e-02 2.883183e-02 -2.579026e-02
VARIABLES = "X", "Y", "ro", "u", "v", "pre", "Ma", "PART", "IMEX", "Ux", "Uy", "Vx", "Vy", "Vort" 
ZONE I=5, J=5, DATAPACKING=POINT
-3.804226e-01 -2.094703e+00 1.005595e+00 1.188598e+00 9.517553e-01 1.014221e+00 1.281428e+00 1 0 1.314591e-01 1.456037e-01 9.041029e-02 -1.107990e-01 -5.519343e-02
-3.448907e-01 -1.740658e+00 9.829242e-01 1.315214e+00 8.914895e-01 9.806081e-01 1.344434e+00 1 0 1.967273e-01 4.743711e-01 1.179817e-01 -2.002387e-01 -3.563894e-01
-2.351141e-01 -1.058876e+00 9.045311e-01 1.636246e+00 7.578064e-01 8.702275e-01 1.553739e+00 1 0 3.214802e-01 2.531355e-01 4.448383e-01 -2.863659e-01 1.917028e-01
-8.611542e-02 -3.669786e-01 6.791213e-01 1.598766e+00 6.188242e-01 5.890915e-01 1.555671e+00 1 0 3.340912e-01 -6.122780e-01 1.069539e+00 -4.093354e-01 1.681817e+00
0.000000e+00 0.000000e+00 5.288084e-01 1.269947e+00 6.062045e-01 4.128047e-01 1.346086e+00 1 0 2.694600e-01 -1.287358e+00 1.347658e+00 -1.797785e-01 2.635016e+00
-7.257686e-01 -2.176149e+00 1.003304e+00 1.133542e+00 9.525270e-01 1.008408e+00 1.248178e+00 1 0 1.444787e-01 2.487731e-02 -1.533456e-02 -8.726456e-02 -4.021188e-02
-6.902367e-01 -1.822742e+00 9.868921e-01 1.207139e+00 8.949278e-01 9.852694e-01 1.271051e+00 1 0 2.069265e-01 3.473969e-01 -7.898472e-03 -2.037761e-01 -3.552954e-01
-5.804601e-01 -1.142673e+00 9.453387e-01 1.496163e+00 7.037349e-01 9.288240e-01 1.409750e+00 1 0 3.584026e-01 2.726377e-01 1.032229e-01 -3.703575e-01 -1.694148e-01
-4.314614e-01 -4.524607e-01 7.964486e-01 1.520154e+00 4.429453e-01 7.234380e-01 1.404098e+00 1 0 3.608669e-01 -4.461005e-01 3.241727e-01 -4.200670e-01 7.702733e-01
-3.453460e-01 -8.611542e-02 6.835407e-01 1.286453e+00 3.685314e-01 5.763800e-01 1.231642e+00 1 0 2.283777e-01 -8.933668e-01 3.120041e-01 -2.651264e-02 1.205371e+00
-1.380423e+00 -2.305046e+00 9.981273e-01 1.050563e+00 9.851449e-01 9.971127e-01 1.217815e+00 1 0 1.028357e-01 -2.596547e-02 -3.057853e-02 -9.526405e-02 -4.613058e-03
-1.344891e+00 -1.953848e+00 9.962505e-01 1.068298e+00 9.486041e-01 9.944275e-01 1.208557e+00 1 0 1.122724e-01 1.315074e-01 -6.508319e-02 -1.187047e-01 -1.965906e-01
-1.235114e+00 -1.280185e+00 9.826247e-01 1.229926e+00 7.893090e-01 9.848717e-01 1.233709e+00 1 0 3.247796e-01 2.079937e-01 -1.627974e-01 -3.272770e-01 -3.707912e-01
-1.086115e+00 -5.976172e-01 9.410267e-01 1.326439e+00 5.001412e-01 9.258465e-01 1.207870e+00 1 0 3.611170e-01 -1.614803e-01 -2.435701e-01 -3.627473e-01 -8.208982e-02
-1.000000e+00 -2.351141e-01 9.096213e-01 1.225280e+00 3.825800e-01 8.725712e-01 1.107649e+00 1 0 2.824240e-01 -6.218678e-01 -2.221430e-01 -9.755369e-02 3.997247e-01
-2.035077e+00 -2.383054e+00 1.000074e+00 1.007417e+00 1.002761e+00 9.982148e-01 1.202432e+00 1 0 3.101116e-02 4.171003e-02 -8.391436e-03 -3.825942e-02 -5.010147e-02
-1.999545e+00 -2.035041e+00 9.972724e-01 1.019370e+00 9.889256e-01 9.962333e-01 1.200950e+00 1 0 3.672951e-02 2.717224e-02 -3.435794e-02 -4.060962e-02 -6.153019e-02
-1.889768e+00 -1.370956e+00 9.961785e-01 1.059140e+00 9.279251e-01 9.922428e-01 1.192442e+00 1 0 1.398678e-01 6.807412e-02 -1.521317e-01 -1.291457e-01 -2.202058e-01
-1.740769e+00 -7.006894e-01 9.857068e-01 1.121075e+00 7.641940e-01 9.836906e-01 1.147847e+00 1 0 2.443145e-01 -1.635405e-02 -3.882253e-01 -2.347281e-01 -3.718712e-01
-1.654654e+00 -3.448907e-01 9.855800e-01 1.105403e+00 6.362337e-01 9.879003e-01 1.076664e+00 1 0 1.926464e-01 -2.351104e-01 -4.814123e-01 -2.422991e-01 -2.463018e-01
-2.380423e+00 -2.398872e+00 1.000234e+00 1.000579e+00 1.005440e+00 1.001402e+00 1.198130e+00 1 0 7.859470e-03 7.619845e-03 -1.544756e-04 -4.048122e-02 -7.774321e-03
-2.344891e+00 -2.052756e+00 9.983415e-01 1.003855e+00 9.984592e-01 9.965940e-01 1.197665e+00 1 0 5.785048e-02 8.747363e-03 -1.666300e-02 -1.469172e-02 -2.541036e-02
-2.235114e+00 -1.394473e+00 1.005826e+00 1.029611e+00 9.652146e-01 1.009914e+00 1.190341e+00 1 0 4.446954e-02 5.312203e-02 -5.193912e-02 -8.507342e-02 -1.050611e-01
-2.086115e+00 -7.318967e-01 1.003646e+00 1.070942e+00 8.767688e-01 1.011632e+00 1.165124e+00 1 0 5.750623e-02 2.601495e-02 -1.844534e-01 -1.137134e-01 -2.104683e-01
-2.000000e+00 -3.804226e-01 9.929040e-01 1.070725e+00 8.213978e-01 9.912159e-01 1.141505e+00 1 0 4.009025e-02 -8.224679e-02 -4.685941e-01 -3.454876e-02 -3.863473e-01
