VARIABLES = "X", "Y", "ro", "u", "v", "pre", "Ma", "PART", "IMEX", "Ux", "Uy", "Vx", "Vy", "Vort" 
ZONE I=5, J=5, DATAPACKING=POINT
-6.000000e+00 2.351141e-01 1.001473e+00 1.014889e+00 9.934877e-01 1.002142e+00 1.199902e+00 0 0 -2.280988e-03 -3.677657e-03 1.469519e-02 2.043166e-03 1.837284e-02
-5.913885e+00 5.626149e-01 1.001284e+00 1.013469e+00 9.959326e-01 1.002095e+00 1.200407e+00 0 0 -1.279538e-03 -4.801046e-03 1.685320e-02 8.222816e-04 2.165425e-02
-5.764886e+00 1.184922e+00 1.002070e+00 1.010135e+00 9.970902e-01 1.003008e+00 1.199011e+00 0 0 -4.316979e-03 -4.428168e-03 1.941227e-02 -4.183286e-03 2.384044e-02
-5.655109e+00 1.814691e+00 1.004183e+00 1.006561e+00 9.963246e-01 1.005676e+00 1.196080e+00 0 0 1.468694e-04 -6.700969e-03 6.591816e-03 -3.904194e-03 1.329279e-02
-5.619577e+00 2.151813e+00 1.006561e+00 1.003911e+00 9.941659e-01 1.009211e+00 1.192525e+00 0 0 4.407890e-03 -8.158113e-03 -7.357182e-03 -1.402590e-02 8.009306e-04
-6.345346e+00 2.992696e-01 1.004067e+00 1.012712e+00 9.945733e-01 1.006225e+00 1.198344e+00 0 0 8.694015e-03 -2.267923e-03 -6.043722e-03 1.089611e-02 -3.775799e-03
-6.259231e+00 6.298243e-01 1.003518e+00 1.012375e+00 9.957230e-01 1.005449e+00 1.198956e+00 0 0 4.984637e-03 -3.008037e-03 -4.306771e-03 1.482869e-03 -1.298735e-03
-6.110232e+00 1.256946e+00 1.007045e+00 1.010851e+00 9.952004e-01 1.010231e+00 1.196990e+00 0 0 -1.759843e-03 -2.871161e-03 4.849605e-04 -1.331877e-04 3.356121e-03
-6.000455e+00 1.889861e+00 1.007328e+00 1.007780e+00 9.964228e-01 1.010595e+00 1.195822e+00 0 0 -6.440732e-03 -6.050701e-03 -2.506967e-03 3.480109e-03 3.543734e-03
-5.964923e+00 2.227925e+00 1.006337e+00 1.005003e+00 9.972302e-01 1.009143e+00 1.194907e+00 0 0 -7.887447e-03 -7.504528e-03 -1.038029e-02 8.997983e-04 -2.875763e-03
-7.000000e+00 3.804226e-01 1.007026e+00 1.007369e+00 9.982670e-01 1.009597e+00 1.197083e+00 0 0 6.515982e-03 1.141509e-03 -4.180217e-04 6.339429e-03 -1.559531e-03
-6.913885e+00 7.185270e-01 1.006692e+00 1.008539e+00 9.983389e-01 1.009329e+00 1.197786e+00 0 0 5.631923e-03 1.929600e-03 -7.239379e-04 -1.938145e-03 -2.653538e-03
-6.764886e+00 1.358085e+00 1.008781e+00 1.009715e+00 9.974249e-01 1.012248e+00 1.197462e+00 0 0 5.525318e-03 -1.193652e-03 -5.321971e-03 2.393837e-03 -4.128319e-03
-6.655109e+00 1.999603e+00 1.005123e+00 1.008357e+00 1.000830e+00 1.006875e+00 1.199682e+00 0 0 5.333403e-03 -4.559507e-03 -7.642837e-03 9.347872e-03 -3.083330e-03
-6.619577e+00 2.340342e+00 1.002516e+00 1.006841e+00 1.003652e+00 1.003263e+00 1.201053e+00 0 0 2.870051e-03 -5.846432e-03 -6.439383e-03 5.972841e-03 -5.929512e-04
-7.654654e+00 3.981130e-01 1.004832e+00 1.002548e+00 9.971302e-01 1.006693e+00 1.193935e+00 0 0 1.022563e-02 1.914359e-03 1.413817e-03 -3.269808e-03 -5.005424e-04
-7.568539e+00 7.449752e-01 1.005816e+00 1.003913e+00 9.970669e-01 1.007952e+00 1.194553e+00 0 0 1.079371e-02 -9.818390e-04 2.064922e-03 2.740445e-03 3.046761e-03
-7.419540e+00 1.399489e+00 1.004180e+00 1.002908e+00 1.001303e+00 1.005875e+00 1.196736e+00 0 0 1.431487e-02 -6.305458e-03 -4.943918e-03 8.767823e-03 1.361540e-03
-7.309763e+00 2.051800e+00 1.003778e+00 1.001083e+00 1.005168e+00 1.005496e+00 1.197941e+00 0 0 1.230915e-02 -2.399605e-03 -1.381361e-03 2.822328e-03 1.018244e-03
-7.274231e+00 2.395982e+00 1.005942e+00 1.001382e+00 1.005143e+00 1.008421e+00 1.197656e+00 0 0 9.158888e-03 5.752083e-04 2.695211e-03 -4.966604e-03 2.120002e-03
-8.000000e+00 3.804226e-01 1.002449e+00 9.981261e-01 9.974979e-01 1.002572e+00 1.192540e+00 0 0 8.941791e-03 1.197429e-03 -6.388740e-04 -1.023044e-02 -1.836303e-03
-7.913885e+00 7.318967e-01 1.003963e+00 9.988397e-01 9.970560e-01 1.004833e+00 1.192259e+00 0 0 1.544053e-02 -4.010725e-03 -1.789376e-03 5.369025e-03 2.221349e-03
-7.764886e+00 1.394473e+00 1.001880e+00 9.978050e-01 1.002196e+00 1.002173e+00 1.195058e+00 0 0 1.118523e-02 -3.447874e-03 -2.113575e-05 6.541020e-03 3.426738e-03
-7.655109e+00 2.052756e+00 1.006108e+00 9.983149e-01 1.003648e+00 1.008280e+00 1.195116e+00 0 0 9.755399e-05 3.088568e-03 9.243014e-03 -2.555928e-03 6.154447e-03
-7.619577e+00 2.398872e+00 1.009489e+00 9.996865e-01 1.003253e+00 1.013210e+00 1.194787e+00 0 0 -1.373139e-03 5.268903e-03 6.035901e-03 -2.559451e-04 7.669979e-04
VARIABLES = "X", "Y", "ro", "u", "v", "pre", "Ma", "PART", "IMEX", "Ux", "Uy", "Vx", "Vy", "Vort" 
ZONE I=5, J=5, DATAPACKING=POINT
-5.619577e+00 2.151813e+00 1.006693e+00 1.004235e+00 9.935136e-01 1.009417e+00 1.192289e+00 0 0 2.763392e-03 -1.644818e-02 -6.632790e-03 2.665278e-03 9.815389e-03
-5.601887e+00 2.493037e+00 1.006461e+00 9.996883e-01 9.959773e-01 1.009151e+00 1.191050e+00 0 0 -3.337375e-03 -8.539582e-03 1.392257e-03 7.940434e-03 9.931838e-03
-5.619577e+00 3.151813e+00 1.001775e+00 9.989089e-01 9.999443e-01 1.002434e+00 1.194151e+00 0 0 -1.533199e-02 3.009596e-03 3.379631e-03 3.347945e-03 3.700349e-04
-5.700730e+00 3.825132e+00 1.001523e+00 1.001661e+00 1.000878e+00 1.002123e+00 1.196388e+00 0 0 -2.854843e-03 1.119846e-03 -4.329616e-03 1.170560e-03 -5.449462e-03
-5.764886e+00 4.184922e+00 1.002361e+00 1.001262e+00 1.002632e+00 1.003319e+00 1.196984e+00 0 0 4.664818e-03 -2.564562e-04 -3.755619e-03 1.161442e-02 -3.499163e-03
-5.964923e+00 2.227925e+00 1.006408e+00 1.005243e+00 9.970197e-01 1.009243e+00 1.194908e+00 0 0 -9.003315e-03 -1.465329e-02 -1.033002e-02 2.439436e-03 4.323271e-03
-5.947233e+00 2.569604e+00 1.005831e+00 1.002177e+00 9.976961e-01 1.008311e+00 1.193685e+00 0 0 -9.527887e-03 -2.679713e-03 -4.295897e-03 1.787187e-03 -1.616185e-03
-5.964923e+00 3.227925e+00 1.005369e+00 1.003248e+00 9.993184e-01 1.007523e+00 1.195485e+00 0 0 -8.904051e-03 1.803976e-03 1.580611e-03 3.622272e-03 -2.233658e-04
-6.046076e+00 3.899037e+00 1.006831e+00 1.002523e+00 1.002456e+00 1.009585e+00 1.196568e+00 0 0 -2.035593e-03 -5.283841e-03 -5.249580e-03 5.283284e-03 3.426048e-05
-6.110232e+00 4.256946e+00 1.006730e+00 1.000362e+00 1.005186e+00 1.009469e+00 1.196921e+00 0 0 7.929189e-04 -5.419267e-03 -4.656587e-03 1.224617e-02 7.626802e-04
-6.619577e+00 2.340342e+00 1.003096e+00 1.006723e+00 1.003240e+00 1.004068e+00 1.200603e+00 0 0 3.240771e-03 -7.399444e-03 -8.525124e-03 -1.386484e-02 -1.125680e-03
-6.601887e+00 2.683331e+00 1.007011e+00 1.005321e+00 9.997722e-01 1.009719e+00 1.196669e+00 0 0 1.377706e-03 -2.541486e-03 -3.067348e-03 -7.018057e-03 -5.258626e-04
-6.619577e+00 3.340342e+00 1.014031e+00 1.003744e+00 1.000008e+00 1.019702e+00 1.194138e+00 0 0 7.364889e-03 -2.546593e-03 -1.763714e-03 7.336078e-03 7.828787e-04
-6.700730e+00 4.005265e+00 1.013429e+00 1.001358e+00 1.006717e+00 1.018860e+00 1.196855e+00 0 0 3.669080e-03 -2.990076e-03 -3.378990e-03 7.866612e-03 -3.889138e-04
-6.764886e+00 4.358085e+00 1.012501e+00 1.000214e+00 1.007658e+00 1.017550e+00 1.196960e+00 0 0 -2.229716e-03 -5.352205e-03 -2.367936e-04 -4.188178e-03 5.115411e-03
-7.274231e+00 2.395982e+00 1.006435e+00 1.001181e+00 1.004821e+00 1.009108e+00 1.197229e+00 0 0 8.768010e-03 4.260741e-03 1.678219e-03 -1.431402e-02 -2.582522e-03
-7.256541e+00 2.740675e+00 1.010808e+00 1.000814e+00 1.001895e+00 1.015172e+00 1.194272e+00 0 0 8.474180e-03 -6.061713e-03 -5.245837e-03 -4.693936e-03 8.158767e-04
-7.274231e+00 3.395982e+00 1.015209e+00 9.967285e-01 1.002093e+00 1.021370e+00 1.190920e+00 0 0 7.852489e-03 -2.273467e-03 -2.771755e-03 4.045634e-03 -4.982885e-04
-7.355384e+00 4.053004e+00 1.010880e+00 9.989807e-01 1.005377e+00 1.015254e+00 1.195256e+00 0 0 1.196687e-03 9.140022e-03 9.429869e-03 4.867215e-03 2.898467e-04
-7.419540e+00 4.399489e+00 1.007058e+00 1.002436e+00 1.005217e+00 1.009877e+00 1.198127e+00 0 0 -4.028745e-03 1.059053e-02 6.142130e-03 -5.118375e-03 -4.448396e-03
-7.619577e+00 2.398872e+00 1.009391e+00 9.998114e-01 1.003277e+00 1.013101e+00 1.194882e+00 0 0 -2.747320e-03 1.687469e-03 4.775006e-03 1.845478e-03 3.087536e-03
-7.601887e+00 2.744527e+00 1.011001e+00 9.988931e-01 1.003917e+00 1.015350e+00 1.194346e+00 0 0 1.406635e-04 -4.643033e-03 -5.476993e-03 1.147949e-03 -8.339601e-04
-7.619577e+00 3.398872e+00 1.011526e+00 9.969344e-01 1.002809e+00 1.016108e+00 1.192383e+00 0 0 -1.466607e-02 -5.566538e-04 -1.138279e-03 -4.016904e-03 -5.816253e-04
-7.700730e+00 4.051477e+00 1.007468e+00 1.000043e+00 1.001033e+00 1.010488e+00 1.194083e+00 0 0 -1.040137e-02 6.717473e-03 1.228177e-02 3.251342e-03 5.564300e-03
-7.764886e+00 4.394473e+00 1.001762e+00 1.003431e+00 1.003020e+00 1.002478e+00 1.198656e+00 0 0 8.615827e-04 1.417519e-02 6.338708e-03 1.073020e-02 -7.836487e-03
VARIABLES = "X", "Y", "ro", "u", "v", "pre", "Ma", "PART", "IMEX", "Ux", "Uy", "Vx", "Vy", "Vort" 
ZONE I=5, J=5, DATAPACKING=POINT
-5.764886e+00 4.184922e+00 1.001394e+00 1.001830e+00 1.003322e+00 1.001966e+00 1.197966e+00 0 0 2.825978e-03 -1.214534e-02 -6.368976e-03 5.541575e-03 5.776361e-03
-5.840068e+00 4.546810e+00 1.006722e+00 9.963112e-01 1.002977e+00 1.009414e+00 1.193215e+00 0 0 -5.578414e-03 -1.469128e-02 -1.037972e-02 -5.989413e-03 4.311560e-03
-6.000000e+00 5.235114e+00 1.011191e+00 9.922648e-01 1.001198e+00 1.015684e+00 1.188696e+00 0 0 -1.435485e-03 2.053778e-03 1.659599e-03 5.816605e-04 -3.941794e-04
-6.159932e+00 5.921046e+00 1.002341e+00 9.976676e-01 1.002519e+00 1.003299e+00 1.194773e+00 0 0 -1.339279e-03 9.937574e-03 6.149608e-03 2.793804e-03 -3.787966e-03
-6.235114e+00 6.280185e+00 9.982122e-01 1.000552e+00 1.002052e+00 9.975073e-01 1.197208e+00 0 0 -3.630428e-03 3.327328e-03 3.581812e-03 -3.620863e-03 2.544846e-04
-6.110232e+00 4.256946e+00 1.005697e+00 1.000508e+00 1.005948e+00 1.008026e+00 1.197705e+00 0 0 2.634232e-03 -3.432750e-03 -3.275234e-03 1.681631e-02 1.575154e-04
-6.185414e+00 4.616481e+00 1.007871e+00 9.977190e-01 1.006858e+00 1.011050e+00 1.196092e+00 0 0 -8.310581e-03 -1.091295e-02 -1.139650e-02 -8.328835e-03 -4.835502e-04
-6.345346e+00 5.299270e+00 1.010377e+00 9.942473e-01 1.000683e+00 1.014549e+00 1.189751e+00 0 0 -9.784052e-03 -1.094710e-03 -9.900182e-04 -7.403396e-03 1.046917e-04
-6.505278e+00 5.979039e+00 1.002336e+00 9.989872e-01 9.996426e-01 1.003273e+00 1.193852e+00 0 0 -2.309198e-03 9.688766e-03 9.696024e-03 5.219311e-03 7.257437e-06
-6.580460e+00 6.335074e+00 9.977233e-01 1.001896e+00 1.000659e+00 9.968045e-01 1.197307e+00 0 0 -3.109814e-03 2.826201e-03 4.237499e-03 4.637240e-04 1.411298e-03
-6.764886e+00 4.358085e+00 1.012667e+00 9.997947e-01 1.007891e+00 1.017778e+00 1.196815e+00 0 0 -9.766981e-04 8.016045e-03 1.982432e-03 8.967981e-03 -6.033613e-03
-6.840068e+00 4.711449e+00 1.007738e+00 1.002564e+00 1.008662e+00 1.010867e+00 1.200081e+00 0 0 -6.367675e-03 3.689878e-03 4.571904e-03 -1.639782e-03 8.820262e-04
-7.000000e+00 5.380423e+00 1.005001e+00 1.003039e+00 1.002633e+00 1.007009e+00 1.197422e+00 0 0 -1.490030e-02 -5.825631e-03 -6.307273e-03 -1.430079e-02 -4.816421e-04
-7.159932e+00 6.045558e+00 1.005395e+00 1.002207e+00 9.957477e-01 1.007558e+00 1.192730e+00 0 0 -6.985044e-03 7.536079e-04 1.139923e-03 -3.932839e-03 3.863148e-04
-7.235114e+00 6.394473e+00 1.001294e+00 1.004395e+00 9.965463e-01 1.001818e+00 1.195488e+00 0 0 -4.237310e-03 9.578043e-03 8.697604e-03 1.036327e-02 -8.804393e-04
-7.419540e+00 4.399489e+00 1.007364e+00 1.002760e+00 1.005040e+00 1.010312e+00 1.198138e+00 0 0 -5.654039e-03 2.080590e-03 6.546653e-03 -1.125776e-02 4.466063e-03
-7.494722e+00 4.745344e+00 1.003816e+00 1.004674e+00 1.003420e+00 1.005332e+00 1.199161e+00 0 0 1.169900e-03 8.255452e-03 7.258521e-03 2.285925e-03 -9.969311e-04
-7.654654e+00 5.398113e+00 9.985363e-01 1.009330e+00 1.004377e+00 9.979519e-01 1.203776e+00 0 0 -2.127828e-03 3.320664e-03 3.624005e-03 -1.286587e-03 3.033416e-04
-7.814586e+00 6.046866e+00 1.001337e+00 1.008885e+00 9.981885e-01 1.001885e+00 1.199145e+00 0 0 -1.273356e-02 -6.773790e-03 -6.912446e-03 -1.734721e-02 -1.386565e-04
-7.889768e+00 6.388065e+00 1.004181e+00 1.007928e+00 9.928191e-01 1.005853e+00 1.194715e+00 0 0 -5.567691e-03 -2.313465e-03 -8.575453e-04 -1.033063e-02 1.455919e-03
-7.764886e+00 4.394473e+00 1.001573e+00 1.004004e+00 1.002613e+00 1.002212e+00 1.198801e+00 0 0 2.570993e-03 -3.607027e-04 6.913805e-03 3.838908e-03 7.274507e-03
-7.840068e+00 4.736250e+00 1.000777e+00 1.003372e+00 1.002445e+00 1.001084e+00 1.198521e+00 0 0 6.298088e-03 2.543673e-03 -1.207910e-03 -3.735934e-03 -3.751583e-03
-8.000000e+00 5.380423e+00 9.968838e-01 1.008109e+00 1.000815e+00 9.956419e-01 1.201318e+00 0 0 6.094082e-03 1.340662e-02 1.632009e-02 4.215714e-03 2.913473e-03
-8.159932e+00 6.020757e+00 9.937172e-01 1.013499e+00 1.001019e+00 9.911879e-01 1.205463e+00 0 0 -1.036551e-02 -3.523459e-03 -6.188458e-03 -6.133374e-03 -2.664998e-03
-8.235114e+00 6.358085e+00 9.997395e-01 1.009698e+00 9.964632e-01 9.996255e-01 1.199005e+00 0 0 -9.420343e-04 -2.291413e-02 -1.964358e-02 -2.908028e-02 3.270552e-03
VARIABLES = "X", "Y", "ro", "u", "v", "pre", "Ma", "PART", "IMEX", "Ux", "Uy", "Vx", "Vy", "Vort" 
ZONE I=5, J=5, DATAPACKING=POINT
-6.235114e+00 6.280185e+00 9.981006e-01 1.000514e+00 1.002162e+00 9.973564e-01 1.197275e+00 0 0 -1.982057e-03 7.158294e-03 5.622274e-03 -1.032059e-03 -1.536020e-03
-6.299270e+00 6.636808e+00 9.979163e-01 1.001783e+00 9.997117e-01 9.970727e-01 1.196628e+00 0 0 -5.723825e-03 -5.901101e-04 1.793824e-03 -9.562032e-03 2.383934e-03
-6.380423e+00 7.305046e+00 1.001691e+00 1.000877e+00 9.929504e-01 1.002376e+00 1.191142e+00 0 0 -6.225778e-03 -1.479927e-03 -9.442250e-04 -7.722871e-03 5.357021e-04
-6.398113e+00 7.962557e+00 9.999626e-01 1.001405e+00 9.914126e-01 9.999544e-01 1.190956e+00 0 0 3.935275e-03 1.935654e-03 1.762531e-03 2.903905e-03 -1.731232e-04
-6.380423e+00 8.305046e+00 9.983230e-01 1.001815e+00 9.929680e-01 9.976421e-01 1.192529e+00 0 0 3.932288e-03 -1.255302e-03 1.079828e-04 3.304049e-03 1.363285e-03
-6.580460e+00 6.335074e+00 9.979927e-01 1.001756e+00 1.000298e+00 9.971808e-01 1.196943e+00 0 0 -2.733899e-03 6.030994e-03 4.912740e-03 -2.886453e-03 -1.118254e-03
-6.644616e+00 6.688952e+00 9.969604e-01 1.003628e+00 9.986701e-01 9.957445e-01 1.197336e+00 0 0 -4.893873e-03 2.416447e-03 2.718185e-03 -6.188495e-03 3.017379e-04
-6.725769e+00 7.353597e+00 9.977287e-01 1.003373e+00 9.935935e-01 9.968325e-01 1.193966e+00 0 0 -7.973535e-03 -3.943624e-03 -4.213417e-03 -6.986048e-03 -2.697937e-04
-6.743459e+00 8.010307e+00 9.985493e-01 1.000639e+00 9.918602e-01 9.979650e-01 1.191106e+00 0 0 -2.721152e-05 -3.466083e-03 -3.544411e-03 2.178338e-03 -7.832782e-05
-6.725769e+00 8.353597e+00 9.991208e-01 1.000053e+00 9.933169e-01 9.987595e-01 1.191489e+00 0 0 4.351140e-03 5.461267e-04 -7.281304e-04 4.918600e-03 -1.274257e-03
-7.235114e+00 6.394473e+00 1.001602e+00 1.004348e+00 9.962072e-01 1.002251e+00 1.195183e+00 0 0 -4.299499e-03 7.345420e-03 6.813763e-03 -1.974336e-03 -5.316573e-04
-7.299270e+00 6.742169e+00 9.975846e-01 1.006613e+00 9.960547e-01 9.966150e-01 1.197421e+00 0 0 -3.338011e-03 3.790188e-03 3.736358e-03 1.096885e-03 -5.383063e-05
-7.380423e+00 7.398872e+00 9.929058e-01 1.006454e+00 9.965414e-01 9.900725e-01 1.198745e+00 0 0 -6.725245e-04 -4.756739e-03 -4.834090e-03 1.213204e-04 -7.735099e-05
-7.398113e+00 8.053835e+00 9.974785e-01 1.001514e+00 9.963707e-01 9.964740e-01 1.194570e+00 0 0 -1.913224e-03 -8.756501e-03 -8.598369e-03 -9.275595e-04 1.581320e-04
-7.380423e+00 8.398872e+00 1.002463e+00 9.988533e-01 9.957580e-01 1.003445e+00 1.191426e+00 0 0 -4.572037e-04 -5.083067e-03 -6.783790e-03 -1.669630e-03 -1.700722e-03
-7.889768e+00 6.388065e+00 1.003622e+00 1.007826e+00 9.935500e-01 1.005064e+00 1.195223e+00 0 0 -5.797428e-03 -1.268052e-03 -2.464811e-03 7.025040e-03 -1.196760e-03
-7.953924e+00 6.729187e+00 1.000630e+00 1.007080e+00 9.953140e-01 1.000885e+00 1.196528e+00 0 0 3.466171e-03 -3.554683e-03 -3.105797e-03 5.712209e-03 4.488857e-04
-8.035077e+00 7.377606e+00 9.985798e-01 1.003919e+00 9.994123e-01 9.980141e-01 1.197562e+00 0 0 7.714967e-03 -3.898389e-03 -4.241441e-03 4.789955e-03 -3.430523e-04
-8.052767e+00 8.030770e+00 1.001138e+00 1.001380e+00 1.001092e+00 1.001582e+00 1.196441e+00 0 0 3.591471e-03 -4.331604e-03 -4.378860e-03 6.353707e-04 -4.725570e-05
-8.035077e+00 8.377606e+00 1.002663e+00 9.993612e-01 1.001423e+00 1.003733e+00 1.195060e+00 0 0 5.950724e-04 -7.537756e-03 -8.814147e-03 2.514742e-03 -1.276392e-03
-8.235114e+00 6.358085e+00 9.995473e-01 1.009840e+00 9.966539e-01 9.993441e-01 1.199257e+00 0 0 -3.323419e-03 -2.005639e-02 -1.746115e-02 -5.473958e-03 2.595238e-03
-8.299270e+00 6.695957e+00 1.002803e+00 1.004829e+00 9.972591e-01 1.003953e+00 1.195799e+00 0 0 1.181426e-02 -8.399651e-03 -8.742331e-03 3.333553e-03 -3.426800e-04
-8.380423e+00 7.340342e+00 1.004437e+00 1.001193e+00 1.000664e+00 1.006209e+00 1.195285e+00 0 0 8.222450e-03 -2.295797e-03 -3.461672e-03 3.308091e-03 -1.165875e-03
-8.398113e+00 7.992639e+00 1.004405e+00 9.994985e-01 1.001691e+00 1.006171e+00 1.194890e+00 0 0 8.158378e-03 -2.620829e-03 -1.464122e-05 1.749666e-03 2.606188e-03
-8.380423e+00 8.340342e+00 1.002617e+00 9.989445e-01 1.003500e+00 1.003698e+00 1.196048e+00 0 0 1.504947e-03 9.164062e-04 -2.972287e-03 1.152816e-02 -3.888693e-03
VARIABLES = "X", "Y", "ro", "u", "v", "pre", "Ma", "PART", "IMEX", "Ux", "Uy", "Vx", "Vy", "Vort" 
ZONE I=5, J=5, DATAPACKING=POINT
-4.000000e+00 -2.351141e-01 1.001415e+00 1.006102e+00 9.957303e-01 1.002894e+00 1.195457e+00 0 0 4.154153e-03 -3.262471e-03 3.285510e-02 -2.556074e-02 3.611757e-02
-3.913885e+00 9.307482e-02 1.000905e+00 1.006685e+00 9.929836e-01 1.003618e+00 1.193442e+00 0 0 2.604697e-02 -5.324846e-03 2.725847e-02 -1.246806e-02 3.258332e-02
-3.764886e+00 7.198151e-01 9.975896e-01 1.006215e+00 9.918122e-01 9.988751e-01 1.193312e+00 0 0 1.888571e-02 -6.969323e-03 5.835872e-02 -1.117131e-02 6.532804e-02
-3.655109e+00 1.355460e+00 9.988157e-01 1.003078e+00 9.912287e-01 9.987414e-01 1.191892e+00 0 0 1.097012e-02 -7.323197e-03 3.913845e-02 -1.022922e-02 4.646165e-02
-3.619577e+00 1.694954e+00 1.001961e+00 1.001127e+00 9.876705e-01 1.003245e+00 1.187800e+00 0 0 1.276829e-02 -5.362501e-03 1.936206e-02 -1.990355e-02 2.472456e-02
-4.345346e+00 -1.599320e-01 1.001465e+00 1.004321e+00 9.969385e-01 1.002921e+00 1.195121e+00 0 0 3.897112e-03 -2.800392e-03 -1.347151e-02 2.890274e-03 -1.067112e-02
-4.259231e+00 1.658199e-01 1.001748e+00 1.003143e+00 9.940830e-01 1.003397e+00 1.192602e+00 0 0 2.796132e-03 -4.339109e-03 -1.596081e-02 -7.850855e-03 -1.162170e-02
-4.110232e+00 7.878449e-01 1.002508e+00 1.001568e+00 9.884334e-01 1.004219e+00 1.188265e+00 0 0 4.699307e-03 -2.493961e-03 -1.065406e-02 -1.000878e-03 -8.160099e-03
-4.000455e+00 1.419632e+00 1.002048e+00 1.000531e+00 9.893343e-01 1.003114e+00 1.188559e+00 0 0 -4.323284e-04 -2.166085e-03 -7.097645e-03 2.609276e-03 -4.931560e-03
-3.964923e+00 1.757812e+00 1.003693e+00 9.996525e-01 9.880560e-01 1.004996e+00 1.187133e+00 0 0 -3.120982e-03 -1.338488e-03 -1.118029e-02 -1.209850e-02 -9.841807e-03
-5.000000e+00 -2.143592e-08 9.996424e-01 1.003672e+00 1.001599e+00 9.981084e-01 1.199300e+00 0 0 -2.672976e-03 2.834757e-03 5.191999e-03 -1.565033e-03 2.357242e-03
-4.913885e+00 3.237134e-01 9.995299e-01 1.003992e+00 1.000347e+00 9.983236e-01 1.198547e+00 0 0 -4.379519e-03 5.014428e-04 -1.386012e-04 -6.519175e-03 -6.400440e-04
-4.764886e+00 9.411241e-01 9.977287e-01 1.003183e+00 9.965377e-01 9.965530e-01 1.195773e+00 0 0 -6.023884e-03 5.445812e-04 -4.511873e-03 -3.099103e-03 -5.056454e-03
-4.655109e+00 1.568650e+00 9.961973e-01 1.003526e+00 9.948861e-01 9.942675e-01 1.195450e+00 0 0 -4.593589e-03 1.187278e-03 -3.346100e-03 -3.129934e-03 -4.533378e-03
-4.619577e+00 1.905297e+00 9.983685e-01 1.002989e+00 9.925333e-01 9.973128e-01 1.193200e+00 0 0 -4.647972e-03 -6.261866e-03 -3.225317e-03 -1.013598e-02 3.036550e-03
-5.654654e+00 1.599319e-01 9.999235e-01 1.008950e+00 9.948814e-01 1.000602e+00 1.197142e+00 0 0 -1.120654e-02 6.855488e-03 7.490315e-03 4.447389e-03 6.348276e-04
-5.568539e+00 4.852157e-01 1.000099e+00 1.009051e+00 9.958393e-01 1.000070e+00 1.198195e+00 0 0 -1.121112e-02 1.002776e-03 3.880739e-03 -9.006385e-04 2.877963e-03
-5.419540e+00 1.104225e+00 9.981518e-01 1.006996e+00 9.951496e-01 9.969964e-01 1.197225e+00 0 0 -6.647035e-03 -2.115213e-03 -9.480967e-04 -7.171073e-04 1.167116e-03
-5.309763e+00 1.732015e+00 9.965610e-01 1.005025e+00 9.943476e-01 9.955425e-01 1.195482e+00 0 0 -2.513121e-03 -3.316431e-03 -2.603320e-03 -3.414696e-03 7.131114e-04
-5.274231e+00 2.068581e+00 1.000088e+00 1.003252e+00 9.916763e-01 1.000468e+00 1.191992e+00 0 0 -2.345291e-03 -7.982061e-03 -5.434203e-03 -1.358691e-02 2.547858e-03
-6.000000e+00 2.351141e-01 1.003209e+00 1.014339e+00 9.952864e-01 1.003721e+00 1.200729e+00 0 0 -2.014788e-02 5.319368e-03 -1.155797e-04 1.868311e-03 -5.434948e-03
-5.913885e+00 5.626149e-01 1.001891e+00 1.013553e+00 9.974554e-01 1.002719e+00 1.201350e+00 0 0 -1.384222e-02 -9.763141e-04 -6.263707e-03 7.273946e-03 -5.287393e-03
-5.764886e+00 1.184922e+00 1.002141e+00 1.010052e+00 9.987435e-01 1.003090e+00 1.199937e+00 0 0 -1.432372e-02 -2.598414e-03 -1.373154e-02 1.808447e-03 -1.113313e-02
-5.655109e+00 1.814691e+00 1.005121e+00 1.006883e+00 9.972264e-01 1.006389e+00 1.196944e+00 0 0 -1.076688e-02 -3.923117e-03 -1.252491e-02 -2.665462e-03 -8.601794e-03
-5.619577e+00 2.151813e+00 1.007363e+00 1.004653e+00 9.946543e-01 1.009976e+00 1.193283e+00 0 0 -7.281296e-03 -5.632831e-03 -1.813138e-02 -1.489471e-02 -1.249855e-02
VARIABLES = "X", "Y", "ro", "u", "v", "pre", "Ma", "PART", "IMEX", "Ux", "Uy", "Vx", "Vy", "Vort" 
ZONE I=5, J=5, DATAPACKING=POINT
-3.619577e+00 1.694954e+00 1.001975e+00 1.001415e+00 9.876130e-01 1.003280e+00 1.187927e+00 0 0 1.164572e-02 -8.340621e-03 2.413588e-02 -3.981078e-03 3.247650e-02
-3.601887e+00 2.037443e+00 1.000794e+00 9.990279e-01 9.885535e-01 1.001707e+00 1.187282e+00 0 0 5.818096e-03 -4.608432e-03 8.957969e-03 5.710950e-03 1.356640e-02
-3.619577e+00 2.694954e+00 9.967253e-01 9.994680e-01 9.932563e-01 9.954436e-01 1.191653e+00 0 0 -1.028108e-02 3.951765e-03 3.104620e-03 6.954904e-03 -8.471452e-04
-3.700730e+00 3.363192e+00 9.966162e-01 1.002146e+00 9.959015e-01 9.950750e-01 1.194992e+00 0 0 -4.398511e-03 -5.346177e-04 -1.034439e-03 -7.498640e-04 -4.998209e-04
-3.764886e+00 3.719815e+00 1.000573e+00 1.000536e+00 9.938972e-01 1.000758e+00 1.191798e+00 0 0 3.553253e-03 -8.209601e-03 -1.402840e-02 -2.157327e-02 -5.818800e-03
-3.964923e+00 1.757812e+00 1.003897e+00 9.998804e-01 9.877759e-01 1.005239e+00 1.187081e+00 0 0 -2.962359e-03 -4.037666e-03 -7.653666e-03 6.603587e-03 -3.616000e-03
-3.947233e+00 2.099634e+00 1.001469e+00 9.996060e-01 9.898665e-01 1.001811e+00 1.188748e+00 0 0 -6.526283e-03 2.986641e-03 -4.610281e-03 5.111139e-03 -7.596922e-03
-3.964923e+00 2.757811e+00 9.970864e-01 1.002879e+00 9.930142e-01 9.957669e-01 1.193579e+00 0 0 -6.303822e-03 3.882712e-03 1.372968e-03 5.771249e-03 -2.509744e-03
-4.046076e+00 3.429006e+00 9.966320e-01 1.002521e+00 9.973571e-01 9.952316e-01 1.196000e+00 0 0 1.510454e-03 -6.413585e-03 -6.141374e-03 4.287303e-03 2.722116e-04
-4.110232e+00 3.787845e+00 1.000185e+00 9.988159e-01 9.978179e-01 1.000287e+00 1.193156e+00 0 0 2.226777e-03 -1.359295e-02 -1.429044e-02 -1.113593e-02 -6.974991e-04
-4.619577e+00 1.905297e+00 9.983072e-01 1.002647e+00 9.927818e-01 9.972412e-01 1.193149e+00 0 0 -2.012163e-03 2.916070e-03 -2.845508e-03 -5.850669e-03 -5.761577e-03
-4.601887e+00 2.246329e+00 9.996433e-01 1.003738e+00 9.911577e-01 9.992178e-01 1.192456e+00 0 0 -1.030328e-03 1.572245e-03 1.682441e-03 -1.523910e-03 1.101958e-04
-4.619577e+00 2.905297e+00 9.985017e-01 1.002472e+00 9.947917e-01 9.979463e-01 1.193934e+00 0 0 6.912457e-03 -4.328749e-03 -3.464039e-03 1.097407e-02 8.647099e-04
-4.700730e+00 3.579882e+00 9.968118e-01 9.986733e-01 1.002304e+00 9.956074e-01 1.196538e+00 0 0 4.870880e-03 -4.481076e-03 -3.919048e-03 6.383653e-03 5.620278e-04
-4.764886e+00 3.941124e+00 9.994217e-01 9.971090e-01 1.002746e+00 9.991572e-01 1.195305e+00 0 0 -2.240790e-03 -4.368005e-03 -2.846053e-03 -4.791788e-03 1.521952e-03
-5.274231e+00 2.068581e+00 1.000050e+00 1.003133e+00 9.915590e-01 1.000407e+00 1.191864e+00 0 0 -2.145147e-03 -2.335407e-03 -3.190882e-03 -1.165149e-02 -8.554758e-04
-5.256541e+00 2.409543e+00 1.003274e+00 1.001096e+00 9.914408e-01 1.004734e+00 1.189917e+00 0 0 4.056352e-03 -8.440669e-03 -5.847749e-03 8.010937e-03 2.592919e-03
-5.274231e+00 3.068581e+00 1.000160e+00 9.967234e-01 9.994188e-01 1.000234e+00 1.192880e+00 0 0 3.020890e-03 -2.417827e-03 -2.790815e-03 1.074267e-02 -3.729876e-04
-5.355384e+00 3.743231e+00 9.983130e-01 9.981774e-01 1.002481e+00 9.976268e-01 1.196036e+00 0 0 -5.006650e-03 4.794004e-03 4.527601e-03 -7.239337e-04 -2.664035e-04
-5.419540e+00 4.104225e+00 1.000197e+00 1.000180e+00 1.001606e+00 1.000278e+00 1.196248e+00 0 0 -4.775471e-03 5.537217e-03 1.513187e-03 1.682562e-04 -4.024030e-03
-5.619577e+00 2.151813e+00 1.007581e+00 1.005045e+00 9.938370e-01 1.010328e+00 1.192954e+00 0 0 -1.113310e-02 -1.538426e-02 -1.164209e-02 5.298209e-03 3.742173e-03
-5.601887e+00 2.493037e+00 1.006569e+00 1.000122e+00 9.967836e-01 1.009191e+00 1.191830e+00 0 0 -3.176751e-03 -1.004495e-02 -1.769830e-02 8.360622e-03 -7.653348e-03
-5.619577e+00 3.151813e+00 1.002128e+00 9.986992e-01 9.999118e-01 1.002896e+00 1.193941e+00 0 0 -1.831368e-02 2.699545e-03 4.472581e-03 1.803269e-03 1.773036e-03
-5.700730e+00 3.825132e+00 1.001827e+00 1.001822e+00 1.000448e+00 1.002557e+00 1.196150e+00 0 0 -1.397934e-02 3.686514e-05 4.770674e-03 3.409806e-03 4.733809e-03
-5.764886e+00 4.184922e+00 1.002187e+00 1.001515e+00 1.002720e+00 1.003067e+00 1.197234e+00 0 0 9.848405e-04 -1.183565e-03 -6.256571e-03 1.304612e-02 -5.073006e-03
VARIABLES = "X", "Y", "ro", "u", "v", "pre", "Ma", "PART", "IMEX", "Ux", "Uy", "Vx", "Vy", "Vort" 
ZONE I=5, J=5, DATAPACKING=POINT
-3.764886e+00 3.719815e+00 1.001235e+00 1.000769e+00 9.925466e-01 1.001686e+00 1.190976e+00 0 0 4.370610e-03 -1.413406e-02 -9.596674e-03 6.363876e-03 4.537385e-03
-3.840068e+00 4.078954e+00 1.002473e+00 9.969331e-01 9.972113e-01 1.003529e+00 1.191102e+00 0 0 3.035378e-04 -5.355959e-03 -2.907139e-03 1.003283e-02 2.448819e-03
-4.000000e+00 4.764886e+00 1.002469e+00 9.978425e-01 1.002187e+00 1.003441e+00 1.194670e+00 0 0 -5.547053e-04 5.344430e-03 2.316113e-03 5.532418e-03 -3.028317e-03
-4.159932e+00 5.453190e+00 1.003511e+00 1.000497e+00 1.004687e+00 1.004912e+00 1.197494e+00 0 0 2.352919e-03 1.956473e-05 -2.806026e-03 1.519149e-04 -2.825591e-03
-4.235114e+00 5.815078e+00 1.007874e+00 9.988022e-01 1.003222e+00 1.011074e+00 1.194547e+00 0 0 -2.754076e-03 -8.675562e-03 -9.240798e-03 -1.400075e-02 -5.652362e-04
-4.110232e+00 3.787845e+00 1.000658e+00 9.987751e-01 9.970678e-01 1.000955e+00 1.192568e+00 0 0 2.441185e-03 -1.519172e-02 -1.427542e-02 -1.320968e-03 9.162963e-04
-4.185414e+00 4.149440e+00 1.003590e+00 9.960226e-01 9.985345e-01 1.005049e+00 1.191111e+00 0 0 1.115128e-03 -9.205841e-04 -8.559801e-04 2.915099e-03 6.460398e-05
-4.345346e+00 4.840068e+00 1.004220e+00 9.986803e-01 1.001135e+00 1.005910e+00 1.194115e+00 0 0 -7.444469e-04 4.965037e-03 4.803976e-03 6.613359e-03 -1.610608e-04
-4.505278e+00 5.532309e+00 1.004678e+00 9.997958e-01 1.005574e+00 1.006559e+00 1.197323e+00 0 0 2.172393e-03 -2.300601e-03 -2.224569e-03 4.101948e-03 7.603257e-05
-4.580460e+00 5.895775e+00 1.007435e+00 9.980605e-01 1.005391e+00 1.010425e+00 1.195526e+00 0 0 1.309834e-03 -4.735573e-03 -8.593583e-03 -1.066968e-02 -3.858010e-03
-4.764886e+00 3.941124e+00 9.994369e-01 9.969733e-01 1.003083e+00 9.991606e-01 1.195433e+00 0 0 -2.592562e-03 -4.387936e-03 -8.053351e-03 -2.383621e-02 -3.665414e-03
-4.840068e+00 4.305218e+00 1.005400e+00 9.966835e-01 9.975774e-01 1.007555e+00 1.190523e+00 0 0 -2.319879e-03 4.480365e-04 9.413221e-04 -6.768839e-03 4.932855e-04
-5.000000e+00 5.000000e+00 1.007430e+00 9.977590e-01 1.000308e+00 1.010435e+00 1.192298e+00 0 0 5.668311e-03 2.126520e-03 1.617153e-03 1.154549e-02 -5.093668e-04
-5.159932e+00 5.694782e+00 1.005314e+00 9.973838e-01 1.007403e+00 1.007435e+00 1.196843e+00 0 0 3.761996e-03 -3.687439e-04 1.408157e-04 5.325421e-03 5.095596e-04
-5.235114e+00 6.058876e+00 1.004843e+00 9.973429e-01 1.007405e+00 1.006773e+00 1.196932e+00 0 0 -1.984719e-05 3.659395e-03 -1.911186e-04 -3.878731e-03 -3.850514e-03
-5.419540e+00 4.104225e+00 9.999095e-01 1.000589e+00 1.001985e+00 9.998754e-01 1.196787e+00 0 0 -8.686125e-03 -6.029448e-03 -2.216277e-03 -1.485535e-02 3.813171e-03
-5.494722e+00 4.467691e+00 1.006004e+00 9.974044e-01 9.985879e-01 1.008409e+00 1.191411e+00 0 0 -8.522220e-04 -9.936507e-03 -9.628998e-03 -5.218072e-03 3.075086e-04
-5.654654e+00 5.159932e+00 1.010204e+00 9.932214e-01 1.001527e+00 1.014295e+00 1.189694e+00 0 0 6.440402e-03 7.983767e-04 1.081471e-03 8.515386e-03 2.830947e-04
-5.814586e+00 5.850560e+00 1.003974e+00 9.962757e-01 1.005590e+00 1.005577e+00 1.195403e+00 0 0 2.251571e-05 7.884484e-03 7.828402e-03 2.652374e-03 -5.608224e-05
-5.889768e+00 6.212155e+00 1.000265e+00 9.991108e-01 1.004483e+00 1.000387e+00 1.197307e+00 0 0 -2.405484e-03 7.458975e-03 6.399783e-03 -3.968929e-03 -1.059193e-03
-5.764886e+00 4.184922e+00 1.001185e+00 1.002137e+00 1.003407e+00 1.001661e+00 1.198257e+00 0 0 -2.151152e-03 -1.505691e-02 -1.002647e-02 7.126939e-03 5.030436e-03
-5.840068e+00 4.546810e+00 1.006455e+00 9.961387e-01 1.003391e+00 1.009033e+00 1.193428e+00 0 0 1.493579e-03 -1.376601e-02 -1.995199e-02 -8.349630e-03 -6.185976e-03
-6.000000e+00 5.235114e+00 1.011347e+00 9.921733e-01 1.001076e+00 1.015903e+00 1.188532e+00 0 0 -1.312890e-03 2.628275e-03 3.677219e-03 3.398270e-04 1.048943e-03
-6.159932e+00 5.921046e+00 1.002265e+00 9.978157e-01 1.002311e+00 1.003195e+00 1.194753e+00 0 0 -4.667397e-03 9.140949e-03 1.135128e-02 4.305257e-03 2.210327e-03
-6.235114e+00 6.280185e+00 9.981090e-01 1.000595e+00 1.001957e+00 9.973669e-01 1.197199e+00 0 0 -3.531160e-03 3.000736e-03 5.662056e-03 -2.716930e-03 2.661320e-03
VARIABLES = "X", "Y", "ro", "u", "v", "pre", "Ma", "PART", "IMEX", "Ux", "Uy", "Vx", "Vy", "Vort" 
ZONE I=5, J=5, DATAPACKING=POINT
-4.235114e+00 5.815078e+00 1.007914e+00 9.990530e-01 1.003000e+00 1.011138e+00 1.194549e+00 0 0 -5.036051e-03 -1.960984e-02 -9.586819e-03 -2.840107e-02 1.002302e-02
-4.299270e+00 6.174868e+00 1.013917e+00 9.953241e-01 9.994344e-01 1.019529e+00 1.188813e+00 0 0 -1.398381e-03 -3.012742e-03 -1.715625e-04 1.291312e-03 2.841179e-03
-4.380423e+00 6.848187e+00 1.008619e+00 9.974637e-01 1.003080e+00 1.012078e+00 1.193514e+00 0 0 3.047742e-03 5.320510e-03 4.543176e-03 2.785141e-03 -7.773341e-04
-4.398113e+00 7.506963e+00 1.003374e+00 9.998432e-01 1.001459e+00 1.004731e+00 1.195199e+00 0 0 -4.511095e-04 3.449437e-03 3.477156e-03 -1.665036e-03 2.771888e-05
-4.380423e+00 7.848187e+00 9.976146e-01 1.002170e+00 1.004301e+00 9.966743e-01 1.199662e+00 0 0 1.069291e-03 1.428855e-02 1.306537e-02 2.621193e-02 -1.223176e-03
-4.580460e+00 5.895775e+00 1.007446e+00 9.983105e-01 1.005188e+00 1.010442e+00 1.195550e+00 0 0 -2.106951e-03 -1.758724e-02 -1.508993e-02 -3.259544e-02 2.497304e-03
-4.644616e+00 6.256769e+00 1.013286e+00 9.948135e-01 1.000084e+00 1.018629e+00 1.189053e+00 0 0 9.086758e-04 -2.453632e-03 -2.673852e-03 -3.915334e-03 -2.202191e-04
-4.725769e+00 6.931419e+00 1.007994e+00 9.971972e-01 1.001247e+00 1.011214e+00 1.192398e+00 0 0 1.654224e-03 6.221355e-03 6.633740e-03 1.362182e-03 4.123850e-04
-4.743459e+00 7.590457e+00 1.002587e+00 1.000683e+00 9.998638e-01 1.003633e+00 1.194932e+00 0 0 -1.283031e-03 5.274222e-03 4.961835e-03 -9.871087e-04 -3.123869e-04
-4.725769e+00 7.931419e+00 9.976709e-01 1.003345e+00 1.002143e+00 9.967413e-01 1.199068e+00 0 0 1.053274e-04 1.340555e-02 1.150023e-02 1.856792e-02 -1.905325e-03
-5.235114e+00 6.058876e+00 1.004457e+00 9.977376e-01 1.007847e+00 1.006224e+00 1.197528e+00 0 0 -3.403739e-03 -1.076502e-02 -6.532411e-03 -2.944068e-02 4.232610e-03
-5.299270e+00 6.420118e+00 1.008491e+00 9.954302e-01 1.000368e+00 1.011912e+00 1.190703e+00 0 0 -4.591205e-03 -2.348357e-03 -2.279183e-03 -1.317625e-02 6.917396e-05
-5.380423e+00 7.094703e+00 1.005705e+00 9.977470e-01 9.967391e-01 1.008008e+00 1.190572e+00 0 0 -2.230553e-04 6.287609e-03 6.450377e-03 -1.108915e-03 1.627680e-04
-5.398113e+00 7.753671e+00 1.002799e+00 1.001995e+00 9.959838e-01 1.003914e+00 1.193363e+00 0 0 4.925654e-04 6.452948e-03 6.242285e-03 -1.625079e-04 -2.106634e-04
-5.380423e+00 8.094703e+00 1.000194e+00 1.004533e+00 9.969928e-01 1.000264e+00 1.196107e+00 0 0 2.252527e-03 9.019525e-03 9.848767e-03 6.798712e-03 8.292420e-04
-5.889768e+00 6.212155e+00 1.000034e+00 9.993304e-01 1.004837e+00 1.000069e+00 1.197703e+00 0 0 -2.791877e-03 3.261041e-03 5.065363e-03 -1.201788e-02 1.804322e-03
-5.953924e+00 6.570994e+00 1.000587e+00 9.995592e-01 9.997852e-01 1.000826e+00 1.194694e+00 0 0 -7.696419e-03 -1.990787e-03 -2.496688e-03 -1.340032e-02 -5.059012e-04
-6.035077e+00 7.242188e+00 1.003533e+00 9.994168e-01 9.934048e-01 1.004945e+00 1.190107e+00 0 0 -3.310640e-03 1.346756e-03 1.748317e-03 -5.330888e-03 4.015616e-04
-6.052767e+00 7.900366e+00 1.001934e+00 1.001805e+00 9.923249e-01 1.002711e+00 1.191272e+00 0 0 2.295230e-03 4.556793e-03 4.425277e-03 1.222312e-03 -1.315152e-04
-6.035077e+00 8.242188e+00 1.000370e+00 1.002982e+00 9.928678e-01 1.000521e+00 1.192674e+00 0 0 4.008238e-03 -2.969839e-04 2.364613e-03 -1.506500e-03 2.661597e-03
-6.235114e+00 6.280185e+00 9.978976e-01 1.000591e+00 1.002129e+00 9.970777e-01 1.197347e+00 0 0 -1.859378e-03 6.758083e-03 7.403750e-03 8.267026e-04 6.456673e-04
-6.299270e+00 6.636808e+00 9.979252e-01 1.001754e+00 9.998942e-01 9.970828e-01 1.196720e+00 0 0 -5.111970e-03 -5.387343e-04 -2.105418e-03 -1.005058e-02 -1.566684e-03
-6.380423e+00 7.305046e+00 1.001774e+00 1.000902e+00 9.930013e-01 1.002493e+00 1.191167e+00 0 0 -5.225981e-03 -1.405070e-03 -1.956181e-03 -8.107566e-03 -5.511102e-04
-6.398113e+00 7.962557e+00 1.000023e+00 1.001257e+00 9.913873e-01 1.000044e+00 1.190835e+00 0 0 1.157464e-03 1.546538e-03 1.409063e-03 3.124233e-03 -1.374757e-04
-6.380423e+00 8.305046e+00 9.982989e-01 1.001557e+00 9.931193e-01 9.976065e-01 1.192471e+00 0 0 2.259130e-03 -9.215831e-04 -3.053167e-03 4.439507e-03 -2.131584e-03
VARIABLES = "X", "Y", "ro", "u", "v", "pre", "Ma", "PART", "IMEX", "Ux", "Uy", "Vx", "Vy", "Vort" 
ZONE I=5, J=5, DATAPACKING=POINT
-2.000000e+00 -3.804226e-01 9.921144e-01 1.063827e+00 8.095022e-01 9.905580e-01 1.130686e+00 0 0 2.623802e-01 -5.062097e-02 -2.657757e-01 -1.597474e-01 -2.151547e-01
-1.913885e+00 -2.783502e-02 9.890934e-01 1.047695e+00 7.337447e-01 9.895532e-01 1.080769e+00 0 0 1.018523e-01 -1.390204e-01 -3.980009e-01 -8.879974e-02 -2.589805e-01
-1.764886e+00 6.419145e-01 9.918253e-01 9.390590e-01 6.818258e-01 9.920298e-01 9.806851e-01 0 0 -2.587203e-01 -1.151296e-01 -4.782763e-01 1.351832e-01 -3.631467e-01
-1.655109e+00 1.309705e+00 9.967051e-01 8.740237e-01 7.817637e-01 9.942479e-01 9.922811e-01 0 0 -3.001671e-01 2.257448e-02 -2.905594e-01 2.555427e-01 -3.131339e-01
-1.619577e+00 1.659658e+00 1.002908e+00 8.825843e-01 8.547872e-01 1.001772e+00 1.039000e+00 0 0 -2.586418e-01 7.175281e-02 -1.540800e-01 1.930316e-01 -2.258328e-01
-2.345346e+00 -3.981130e-01 1.005491e+00 1.016312e+00 9.060193e-01 1.006595e+00 1.150070e+00 0 0 6.061635e-02 1.899519e-02 -2.281445e-01 -3.950627e-02 -2.471397e-01
-2.259231e+00 -5.008560e-02 9.983060e-01 1.023414e+00 8.645763e-01 9.979968e-01 1.132451e+00 0 0 5.255912e-02 -2.470831e-02 -3.048973e-01 -4.086667e-02 -2.801890e-01
-2.110232e+00 6.119352e-01 9.968921e-01 9.875024e-01 8.229213e-01 9.957564e-01 1.087016e+00 0 0 -5.785194e-02 -6.839570e-02 -3.505548e-01 7.176761e-02 -2.821591e-01
-2.000455e+00 1.274196e+00 1.001347e+00 9.451545e-01 8.686398e-01 9.999924e-01 1.085648e+00 0 0 -1.381024e-01 -1.204689e-02 -2.379988e-01 1.443402e-01 -2.259519e-01
-1.964923e+00 1.622394e+00 1.005193e+00 9.449639e-01 9.077935e-01 1.004514e+00 1.107831e+00 0 0 -1.306458e-01 3.947966e-02 -1.567640e-01 1.188733e-01 -1.962436e-01
-3.000000e+00 -3.804226e-01 1.001902e+00 1.009457e+00 9.894787e-01 9.993699e-01 1.196165e+00 0 0 -3.170618e-03 -9.271135e-03 -4.076121e-02 -2.053262e-02 -3.149008e-02
-2.913885e+00 -4.120471e-02 1.005774e+00 1.005116e+00 9.802702e-01 1.005835e+00 1.186551e+00 0 0 8.823403e-03 -1.659196e-02 -6.851387e-02 -1.115622e-02 -5.192192e-02
-2.764886e+00 6.055272e-01 1.008644e+00 9.965845e-01 9.664000e-01 1.010797e+00 1.171996e+00 0 0 -5.297822e-03 -9.406623e-03 -1.024719e-01 9.932829e-03 -9.306532e-02
-2.655109e+00 1.256552e+00 1.006643e+00 9.917821e-01 9.692397e-01 1.008105e+00 1.171162e+00 0 0 -3.011014e-02 -1.865008e-03 -7.828184e-02 2.528178e-02 -7.641683e-02
-2.619577e+00 1.601128e+00 1.006396e+00 9.892770e-01 9.740575e-01 1.008498e+00 1.172128e+00 0 0 -2.902296e-02 -7.744065e-03 -4.968869e-02 1.517921e-02 -4.194463e-02
-3.654654e+00 -2.992696e-01 9.992988e-01 1.003584e+00 9.926486e-01 1.001802e+00 1.191504e+00 0 0 1.093499e-02 2.056888e-03 -1.053030e-03 9.319587e-03 -3.109918e-03
-3.568539e+00 3.216105e-02 9.982806e-01 1.005597e+00 9.919146e-01 9.985621e-01 1.193601e+00 0 0 -6.506702e-03 8.624319e-03 -2.169347e-04 -5.221042e-03 -8.841254e-03
-3.419540e+00 6.649256e-01 1.001210e+00 1.007641e+00 9.896620e-01 1.000963e+00 1.193813e+00 0 0 -1.583147e-02 6.534513e-04 -2.666483e-03 -1.052802e-05 -3.319934e-03
-3.309763e+00 1.305320e+00 1.000717e+00 1.002545e+00 9.890092e-01 1.001406e+00 1.189800e+00 0 0 -7.405670e-03 -1.003530e-02 -5.810152e-03 -4.486633e-03 4.225148e-03
-3.274231e+00 1.646403e+00 1.002323e+00 9.994213e-01 9.852811e-01 1.003844e+00 1.185217e+00 0 0 -8.312588e-03 -4.867933e-03 -5.354052e-03 -1.641886e-02 -4.861183e-04
-4.000000e+00 -2.351141e-01 1.004066e+00 1.006089e+00 1.000229e+00 1.004840e+00 1.198548e+00 0 0 -3.091332e-02 1.718453e-02 -2.764414e-02 -2.509904e-02 -4.482867e-02
-3.913885e+00 9.307482e-02 1.001764e+00 1.008324e+00 9.958269e-01 1.005050e+00 1.195773e+00 0 0 2.214096e-03 7.136912e-04 -1.401824e-02 -1.476443e-03 -1.473193e-02
-3.764886e+00 7.198151e-01 9.956135e-01 1.005601e+00 9.957133e-01 9.973272e-01 1.195001e+00 0 0 3.240434e-02 -1.337869e-02 -2.393333e-02 5.658908e-03 -1.055464e-02
-3.655109e+00 1.355460e+00 9.991722e-01 1.002177e+00 9.942376e-01 9.987911e-01 1.193323e+00 0 0 4.845415e-03 -4.084745e-03 -1.948554e-02 -4.798893e-03 -1.540080e-02
-3.619577e+00 1.694954e+00 1.002487e+00 1.000999e+00 9.899777e-01 1.003948e+00 1.188988e+00 0 0 -1.753190e-03 -2.876075e-03 -2.093188e-02 -1.731270e-02 -1.805580e-02
VARIABLES = "X", "Y", "ro", "u", "v", "pre", "Ma", "PART", "IMEX", "Ux", "Uy", "Vx", "Vy", "Vort" 
ZONE I=5, J=5, DATAPACKING=POINT
-1.619577e+00 1.659658e+00 1.001221e+00 8.801096e-01 8.550620e-01 9.996496e-01 1.037886e+00 0 0 -2.699620e-01 1.177068e-01 -1.687732e-01 2.681794e-01 -2.864800e-01
-1.601887e+00 2.007361e+00 1.000608e+00 9.199434e-01 9.262291e-01 9.973102e-01 1.105128e+00 0 0 -1.814775e-01 1.159493e-01 -7.960021e-02 1.606703e-01 -1.955495e-01
-1.619577e+00 2.659658e+00 9.958362e-01 9.744011e-01 9.862972e-01 9.923204e-01 1.173837e+00 0 0 -3.734802e-02 4.529351e-02 -1.371895e-02 3.655187e-02 -5.901246e-02
-1.700730e+00 3.304043e+00 9.989630e-01 9.866496e-01 9.932556e-01 9.995202e-01 1.182896e+00 0 0 1.824145e-03 1.808607e-03 3.121066e-03 -1.836075e-04 1.312459e-03
-1.764886e+00 3.641915e+00 9.994312e-01 9.884877e-01 9.955007e-01 9.998460e-01 1.185421e+00 0 0 -1.126651e-02 1.237318e-02 3.328824e-03 1.917423e-02 -9.044352e-03
-1.964923e+00 1.622394e+00 1.003851e+00 9.440460e-01 9.084682e-01 1.002740e+00 1.107906e+00 0 0 -1.343232e-01 5.132364e-02 -1.601813e-01 1.626170e-01 -2.115050e-01
-1.947233e+00 1.969230e+00 1.001800e+00 9.605078e-01 9.505539e-01 9.997810e-01 1.143246e+00 0 0 -8.506376e-02 4.795449e-02 -7.773767e-02 9.847650e-02 -1.256922e-01
-1.964923e+00 2.622394e+00 9.973589e-01 9.828587e-01 9.886334e-01 9.957693e-01 1.179137e+00 0 0 -2.258967e-02 1.829429e-02 -8.952356e-03 2.467794e-02 -2.724665e-02
-2.046076e+00 3.270813e+00 9.983490e-01 9.889977e-01 9.931558e-01 9.982986e-01 1.184596e+00 0 0 -1.083242e-02 2.731277e-03 -9.762070e-04 -1.912601e-03 -3.707484e-03
-2.110232e+00 3.611935e+00 9.985166e-01 9.918504e-01 9.943536e-01 9.980199e-01 1.187280e+00 0 0 -9.700296e-03 1.345820e-02 1.468817e-03 1.410487e-02 -1.198939e-02
-2.619577e+00 1.601128e+00 1.006016e+00 9.891148e-01 9.742558e-01 1.007993e+00 1.172221e+00 0 0 -2.905595e-02 -3.900621e-03 -4.890255e-02 2.829364e-02 -4.500193e-02
-2.601887e+00 1.946165e+00 1.004211e+00 9.893916e-01 9.817291e-01 1.005853e+00 1.177017e+00 0 0 -2.190998e-02 5.534773e-03 -2.168955e-02 2.030856e-02 -2.722433e-02
-2.619577e+00 2.601128e+00 9.971727e-01 9.937674e-01 9.920930e-01 9.964285e-01 1.187222e+00 0 0 -1.264987e-02 4.985657e-03 -2.692035e-03 1.058037e-02 -7.677692e-03
-2.700730e+00 3.257831e+00 9.959396e-01 9.961933e-01 9.946857e-01 9.944429e-01 1.190673e+00 0 0 -9.063919e-03 4.577767e-04 -2.906900e-03 -3.264325e-03 -3.364677e-03
-2.764886e+00 3.605527e+00 9.995433e-01 9.968158e-01 9.929464e-01 9.992950e-01 1.189260e+00 0 0 -6.540794e-03 -1.952911e-03 2.194317e-03 -1.938089e-03 4.147229e-03
-3.274231e+00 1.646403e+00 1.002190e+00 9.993858e-01 9.854329e-01 1.003631e+00 1.185333e+00 0 0 -8.583792e-03 -1.581222e-03 -3.766244e-03 -3.833990e-03 -2.185022e-03
-3.256541e+00 1.989693e+00 1.000546e+00 9.989044e-01 9.859296e-01 1.001384e+00 1.185694e+00 0 0 -7.519560e-03 -5.514541e-04 -1.555504e-03 6.552969e-03 -1.004050e-03
-3.274231e+00 2.646403e+00 9.952141e-01 9.993114e-01 9.927081e-01 9.933520e-01 1.191581e+00 0 0 -3.514656e-03 1.524366e-03 8.272788e-04 1.079481e-02 -6.970870e-04
-3.355384e+00 3.311048e+00 9.958510e-01 1.000524e+00 9.960104e-01 9.940963e-01 1.194213e+00 0 0 -5.197904e-03 2.047412e-05 -1.152291e-03 -3.913075e-03 -1.172765e-03
-3.419540e+00 3.664926e+00 1.001202e+00 1.000262e+00 9.922186e-01 1.001686e+00 1.190456e+00 0 0 -4.014241e-03 -4.006612e-03 -4.564127e-03 -2.163601e-02 -5.575150e-04
-3.619577e+00 1.694954e+00 1.002552e+00 1.001280e+00 9.899019e-01 1.004107e+00 1.189057e+00 0 0 -3.446136e-03 -6.493092e-03 -1.746601e-02 -3.889757e-03 -1.097292e-02
-3.601887e+00 2.037443e+00 1.000829e+00 9.990105e-01 9.899505e-01 1.001975e+00 1.187964e+00 0 0 8.335529e-03 -4.549849e-03 -1.760743e-02 3.976377e-03 -1.305758e-02
-3.619577e+00 2.694954e+00 9.964859e-01 9.995890e-01 9.934888e-01 9.951984e-01 1.191868e+00 0 0 3.653739e-03 5.313396e-03 -3.095583e-03 5.363283e-03 -8.408978e-03
-3.700730e+00 3.363192e+00 9.965772e-01 1.002444e+00 9.958088e-01 9.949865e-01 1.195145e+00 0 0 -4.911697e-03 -6.047651e-04 1.521116e-03 -2.662233e-04 2.125881e-03
-3.764886e+00 3.719815e+00 1.000329e+00 1.000773e+00 9.938574e-01 1.000374e+00 1.192000e+00 0 0 7.189314e-04 -8.215757e-03 -1.296783e-02 -2.157727e-02 -4.752074e-03
VARIABLES = "X", "Y", "ro", "u", "v", "pre", "Ma", "PART", "IMEX", "Ux", "Uy", "Vx", "Vy", "Vort" 
ZONE I=5, J=5, DATAPACKING=POINT
-1.764886e+00 3.641915e+00 9.991137e-01 9.884753e-01 9.953616e-01 9.994759e-01 1.185362e+00 0 0 -1.272753e-02 9.158526e-03 3.361564e-03 1.784004e-02 -5.796962e-03
-1.840068e+00 3.979243e+00 9.981472e-01 9.932221e-01 9.998841e-01 9.971716e-01 1.191698e+00 0 0 -1.168468e-02 1.186393e-02 4.594544e-03 1.077772e-02 -7.269383e-03
-2.000000e+00 4.619577e+00 9.959723e-01 1.000294e+00 1.002518e+00 9.942767e-01 1.197930e+00 0 0 -3.144127e-03 4.825302e-03 4.864577e-03 1.093812e-04 3.927492e-05
-2.159932e+00 5.263750e+00 9.997469e-01 1.000103e+00 9.988437e-01 9.997902e-01 1.194574e+00 0 0 7.863709e-03 -2.885841e-03 -4.801436e-03 -1.074949e-02 -1.915595e-03
-2.235114e+00 5.605527e+00 1.006575e+00 9.983873e-01 9.952961e-01 1.009185e+00 1.189914e+00 0 0 9.995914e-03 -2.022237e-03 -3.029900e-03 -7.064618e-03 -1.007663e-03
-2.110232e+00 3.611935e+00 9.979817e-01 9.919811e-01 9.945019e-01 9.972797e-01 1.187569e+00 0 0 -8.769937e-03 7.048926e-03 -7.687588e-06 1.756440e-02 -7.056613e-03
-2.185414e+00 3.953135e+00 9.978075e-01 9.956586e-01 9.979215e-01 9.966638e-01 1.192076e+00 0 0 -7.099005e-03 1.000136e-02 5.215428e-03 6.865032e-03 -4.785936e-03
-2.345346e+00 4.601887e+00 9.958726e-01 1.000864e+00 1.000704e+00 9.942625e-01 1.197133e+00 0 0 -4.556343e-04 2.128027e-03 3.961025e-03 5.111519e-03 1.832997e-03
-2.505278e+00 5.254656e+00 1.000031e+00 9.982524e-01 1.001121e+00 1.000091e+00 1.194820e+00 0 0 4.850631e-03 -7.374027e-03 -8.086575e-03 -8.270280e-03 -7.125479e-04
-2.580460e+00 5.600511e+00 1.008770e+00 9.953602e-01 9.966278e-01 1.012232e+00 1.188403e+00 0 0 6.519554e-03 -6.055643e-03 -4.101792e-03 -1.523769e-02 1.953851e-03
-2.764886e+00 3.605527e+00 9.991482e-01 9.963256e-01 9.937153e-01 9.987478e-01 1.189516e+00 0 0 -5.579965e-03 1.063522e-02 2.864130e-03 8.901260e-03 -7.771091e-03
-2.840068e+00 3.954442e+00 9.992099e-01 9.996611e-01 9.947945e-01 9.988086e-01 1.192158e+00 0 0 -4.380866e-03 4.110282e-03 3.498415e-03 4.407667e-03 -6.118677e-04
-3.000000e+00 4.619577e+00 9.984790e-01 9.994629e-01 1.000556e+00 9.979098e-01 1.195581e+00 0 0 3.963592e-03 -2.696052e-03 -2.406492e-03 1.232108e-02 2.895600e-04
-3.159932e+00 5.288551e+00 1.000847e+00 9.968563e-01 1.005728e+00 1.001169e+00 1.196592e+00 0 0 -1.822051e-03 -4.322594e-03 -4.676785e-03 -6.260085e-03 -3.541905e-04
-3.235114e+00 5.641915e+00 1.009218e+00 9.951126e-01 9.988218e-01 1.012908e+00 1.189433e+00 0 0 -6.474468e-03 -9.948804e-03 -6.968135e-03 -3.798463e-02 2.980669e-03
-3.419540e+00 3.664926e+00 1.001548e+00 1.000200e+00 9.917872e-01 1.002170e+00 1.190081e+00 0 0 -4.695414e-03 2.595131e-03 1.584778e-03 1.813331e-03 -1.010354e-03
-3.494722e+00 4.020961e+00 1.001692e+00 9.996887e-01 9.948385e-01 1.002395e+00 1.191543e+00 0 0 5.261269e-03 -3.683671e-03 -2.708092e-03 1.114947e-02 9.755791e-04
-3.654654e+00 4.700730e+00 1.001435e+00 9.971111e-01 1.002874e+00 1.002026e+00 1.194872e+00 0 0 1.089928e-03 3.968989e-04 4.741855e-04 9.824000e-03 7.728664e-05
-3.814586e+00 5.383519e+00 1.002367e+00 9.996744e-01 1.005634e+00 1.003292e+00 1.197854e+00 0 0 -4.749332e-03 2.867246e-03 2.815267e-03 -3.695382e-03 -5.197855e-05
-3.889768e+00 5.743054e+00 1.007756e+00 9.993551e-01 1.001095e+00 1.010885e+00 1.193646e+00 0 0 -5.343324e-03 -1.049388e-02 -1.102339e-02 -3.208834e-02 -5.295046e-04
-3.764886e+00 3.719815e+00 1.000890e+00 1.001191e+00 9.924378e-01 1.001156e+00 1.191274e+00 0 0 -1.147223e-03 -1.889332e-02 -5.175208e-03 9.363330e-03 1.371811e-02
-3.840068e+00 4.078954e+00 1.002359e+00 9.964969e-01 9.974018e-01 1.003387e+00 1.190972e+00 0 0 9.479732e-03 -3.990586e-03 -7.991894e-03 8.685292e-03 -4.001308e-03
-4.000000e+00 4.764886e+00 1.002430e+00 9.979214e-01 1.001978e+00 1.003377e+00 1.194607e+00 0 0 -4.955129e-03 5.509526e-03 7.653496e-03 6.286059e-03 2.143970e-03
-4.159932e+00 5.453190e+00 1.003364e+00 1.000676e+00 1.004471e+00 1.004705e+00 1.197506e+00 0 0 1.639906e-03 -1.203083e-03 1.347470e-03 1.492277e-03 2.550553e-03
-4.235114e+00 5.815078e+00 1.008030e+00 9.984559e-01 1.003268e+00 1.011307e+00 1.194322e+00 0 0 6.526373e-03 -8.049282e-03 -1.048612e-02 -1.140787e-02 -2.436837e-03
VARIABLES = "X", "Y", "ro", "u", "v", "pre", "Ma", "PART", "IMEX", "Ux", "Uy", "Vx", "Vy", "Vort" 
ZONE I=5, J=5, DATAPACKING=POINT
-2.235114e+00 5.605527e+00 1.005541e+00 9.983610e-01 9.961016e-01 1.007727e+00 1.190627e+00 0 0 9.866141e-03 -1.591012e-03 -6.154886e-03 2.910455e-02 -4.563874e-03
-2.299270e+00 5.948523e+00 1.004987e+00 9.975703e-01 1.003638e+00 1.006918e+00 1.194809e+00 0 0 6.209257e-03 2.441752e-04 4.921727e-03 1.698900e-02 4.677552e-03
-2.380423e+00 6.601128e+00 1.003877e+00 9.984892e-01 1.006481e+00 1.005451e+00 1.197270e+00 0 0 -5.536876e-03 2.141050e-03 2.997330e-03 -4.249988e-03 8.562794e-04
-2.398113e+00 7.255473e+00 1.003092e+00 9.994478e-01 1.005442e+00 1.004315e+00 1.197426e+00 0 0 -5.359730e-03 4.186111e-05 -6.472235e-04 8.604480e-03 -6.890846e-04
-2.380423e+00 7.601128e+00 9.974292e-01 9.993206e-01 1.012268e+00 9.963638e-01 1.202822e+00 0 0 -6.262727e-03 4.664793e-03 -9.593437e-03 2.041342e-02 -1.425823e-02
-2.580460e+00 5.600511e+00 1.007818e+00 9.952312e-01 9.978609e-01 1.010888e+00 1.189291e+00 0 0 6.969983e-03 -3.660405e-04 -4.041780e-03 1.509604e-02 -3.675740e-03
-2.644616e+00 5.946996e+00 1.006916e+00 9.960418e-01 1.001978e+00 1.009657e+00 1.192429e+00 0 0 1.912402e-03 5.212959e-03 6.195151e-03 1.273120e-02 9.821920e-04
-2.725769e+00 6.604018e+00 1.003913e+00 9.995620e-01 1.005431e+00 1.005505e+00 1.197269e+00 0 0 -9.895287e-04 3.749051e-03 3.068190e-03 -1.313547e-03 -6.808605e-04
-2.743459e+00 7.259325e+00 1.004196e+00 1.000439e+00 1.005387e+00 1.005847e+00 1.197730e+00 0 0 -4.425608e-04 1.910052e-04 8.278801e-04 9.604837e-03 6.368750e-04
-2.725769e+00 7.604018e+00 9.969680e-01 1.001112e+00 1.013569e+00 9.957243e-01 1.204777e+00 0 0 -2.703336e-03 7.434393e-03 1.200969e-03 3.297013e-02 -6.233424e-03
-3.235114e+00 5.641915e+00 1.009419e+00 9.947738e-01 9.988665e-01 1.013198e+00 1.189207e+00 0 0 -5.001250e-03 2.407355e-03 -1.084284e-03 -1.517769e-02 -3.491639e-03
-3.299270e+00 5.994735e+00 1.009947e+00 9.968120e-01 9.982369e-01 1.013947e+00 1.189916e+00 0 0 -1.832657e-03 5.215092e-03 5.008887e-03 8.281297e-03 -2.062045e-04
-3.380423e+00 6.659658e+00 1.006194e+00 9.987736e-01 1.004137e+00 1.008690e+00 1.195490e+00 0 0 2.728882e-03 7.081016e-04 1.076840e-03 4.374975e-03 3.687384e-04
-3.398113e+00 7.316669e+00 1.005582e+00 9.992799e-01 1.004689e+00 1.007801e+00 1.196285e+00 0 0 2.850795e-03 2.870488e-03 2.480856e-03 4.913254e-03 -3.896311e-04
-3.380423e+00 7.659658e+00 9.986169e-01 1.001147e+00 1.010874e+00 9.980761e-01 1.202752e+00 0 0 2.335287e-03 5.465092e-03 1.139816e-02 3.754972e-02 5.933069e-03
-3.889768e+00 5.743054e+00 1.008820e+00 9.991169e-01 9.996981e-01 1.012390e+00 1.192413e+00 0 0 -6.734949e-03 -1.343481e-02 -1.179731e-02 -3.079671e-02 1.637501e-03
-3.953924e+00 6.100963e+00 1.013165e+00 9.969946e-01 9.980165e-01 1.018478e+00 1.189133e+00 0 0 2.837238e-03 -1.730987e-03 -2.216306e-03 6.583192e-03 -4.853185e-04
-4.035077e+00 6.772074e+00 1.008479e+00 9.972968e-01 1.004069e+00 1.011887e+00 1.194035e+00 0 0 1.289554e-03 1.646921e-03 1.800117e-03 3.863060e-03 1.531957e-04
-4.052767e+00 7.430396e+00 1.004267e+00 9.987880e-01 1.002831e+00 1.005974e+00 1.195183e+00 0 0 -9.847756e-04 3.918145e-03 3.595663e-03 -6.806737e-04 -3.224823e-04
-4.035077e+00 7.772074e+00 9.982989e-01 1.000828e+00 1.006216e+00 9.976239e-01 1.199848e+00 0 0 -4.046329e-04 7.819008e-03 1.254666e-02 2.880628e-02 4.727654e-03
-4.235114e+00 5.815078e+00 1.007841e+00 9.987290e-01 1.003413e+00 1.011051e+00 1.194611e+00 0 0 1.982638e-03 -1.798475e-02 -2.151678e-02 -2.897829e-02 -3.532036e-03
-4.299270e+00 6.174868e+00 1.013900e+00 9.950709e-01 9.996658e-01 1.019507e+00 1.188804e+00 0 0 6.289865e-03 -1.455730e-03 -4.247425e-03 -1.561286e-04 -2.791695e-03
-4.380423e+00 6.848187e+00 1.008749e+00 9.974780e-01 1.003025e+00 1.012256e+00 1.193461e+00 0 0 -8.350173e-04 5.410546e-03 6.253346e-03 2.926601e-03 8.427999e-04
-4.398113e+00 7.506963e+00 1.003516e+00 9.999719e-01 1.001448e+00 1.004929e+00 1.195236e+00 0 0 -3.450995e-03 3.489979e-03 3.630671e-03 -1.678657e-03 1.406925e-04
-4.380423e+00 7.848187e+00 9.977104e-01 1.002281e+00 1.004353e+00 9.968130e-01 1.199733e+00 0 0 -2.242707e-03 1.468749e-02 1.116870e-02 2.740894e-02 -3.518798e-03
VARIABLES = "X", "Y", "ro", "u", "v", "pre", "Ma", "PART", "IMEX", "Ux", "Uy", "Vx", "Vy", "Vort" 
ZONE I=5, J=5, DATAPACKING=POINT
0.000000e+00 0.000000e+00 5.353288e-01 1.280514e+00 6.065088e-01 4.202638e-01 1.351514e+00 0 0 8.076154e-02 -1.029713e+00 1.355415e+00 -4.118005e-01 2.385128e+00
8.611542e-02 3.669786e-01 4.998356e-01 7.374311e-01 6.840137e-01 3.906871e-01 9.615161e-01 0 0 -7.365793e-02 -1.484139e+00 1.591790e+00 3.288159e-02 3.075929e+00
2.351141e-01 1.058876e+00 7.382535e-01 2.483661e-01 9.330364e-01 6.663898e-01 8.588930e-01 0 0 6.189191e-03 -5.646115e-02 5.829495e-01 1.252288e-01 6.394106e-01
3.448907e-01 1.740658e+00 9.332819e-01 4.004537e-01 1.015768e+00 9.087243e-01 9.351716e-01 0 0 1.667533e-02 4.120446e-01 2.692011e-01 -1.084557e-02 -1.428434e-01
3.804226e-01 2.094703e+00 9.764314e-01 5.651781e-01 1.004969e+00 9.693040e-01 9.780316e-01 0 0 8.616424e-02 4.610586e-01 1.361330e-01 -7.875187e-02 -3.249257e-01
-3.453460e-01 -8.611542e-02 6.954989e-01 1.303401e+00 3.750987e-01 5.924651e-01 1.241964e+00 0 0 2.093585e-01 -6.816850e-01 4.396886e-01 -5.573885e-01 1.121374e+00
-2.592306e-01 2.804819e-01 6.255232e-01 9.069052e-01 3.426229e-01 5.258461e-01 8.936381e-01 0 0 -1.222718e-01 -1.239712e+00 4.766070e-01 1.587401e-01 1.716319e+00
-1.102319e-01 9.723178e-01 7.560080e-01 3.262353e-01 6.827790e-01 6.699131e-01 6.793944e-01 0 0 -3.464195e-01 -2.061863e-01 6.183057e-01 3.504586e-01 8.244921e-01
-4.552512e-04 1.654540e+00 9.333217e-01 3.894678e-01 8.882731e-01 8.990262e-01 8.352074e-01 0 0 -1.567337e-01 3.448043e-01 3.761479e-01 1.278775e-01 3.134353e-02
3.507660e-02 2.008815e+00 9.632984e-01 5.207621e-01 9.422393e-01 9.523346e-01 9.150922e-01 0 0 -5.199512e-02 3.756125e-01 1.906769e-01 1.164603e-01 -1.849356e-01
-1.000000e+00 -2.351141e-01 9.186373e-01 1.218639e+00 3.869595e-01 8.847269e-01 1.101129e+00 0 0 2.404784e-01 -3.088286e-01 -1.705638e-01 -3.402153e-01 1.382649e-01
-9.138846e-01 1.280771e-01 8.652582e-01 1.062862e+00 2.971395e-01 8.122604e-01 9.626740e-01 0 0 5.682994e-02 -6.088357e-01 -2.112896e-01 -3.623797e-02 3.975461e-01
-7.648859e-01 8.150783e-01 8.691485e-01 6.423033e-01 4.111215e-01 8.215417e-01 6.629348e-01 0 0 -3.715891e-01 -3.866136e-01 -3.485474e-04 3.512987e-01 3.862651e-01
-6.551093e-01 1.494617e+00 9.530322e-01 5.339084e-01 6.771350e-01 9.327669e-01 7.366549e-01 0 0 -3.665272e-01 1.465639e-01 8.604075e-02 3.773720e-01 -6.052317e-02
-6.195774e-01 1.848187e+00 9.695024e-01 5.948007e-01 8.088253e-01 9.628965e-01 8.514280e-01 0 0 -2.952877e-01 2.155028e-01 6.767724e-02 3.266298e-01 -1.478255e-01
-1.654654e+00 -3.448907e-01 9.843251e-01 1.100426e+00 6.376784e-01 9.872267e-01 1.073318e+00 0 0 1.635801e-01 -1.153615e-01 -4.810499e-01 -1.993918e-01 -3.656885e-01
-1.568539e+00 1.191739e-02 9.826525e-01 1.046769e+00 5.458769e-01 9.780861e-01 1.000076e+00 0 0 8.836408e-02 -2.521940e-01 -5.105715e-01 -4.996451e-02 -2.583775e-01
-1.419540e+00 6.886877e-01 9.832640e-01 8.613322e-01 5.366063e-01 9.790688e-01 8.595066e-01 0 0 -1.943760e-01 -2.172282e-01 -4.155548e-01 2.122819e-01 -1.983266e-01
-1.309763e+00 1.361392e+00 9.894479e-01 7.687545e-01 6.951198e-01 9.897781e-01 8.757922e-01 0 0 -3.466610e-01 4.439709e-02 -2.579197e-01 3.310874e-01 -3.023167e-01
-1.274231e+00 1.712884e+00 9.967109e-01 7.928688e-01 7.979251e-01 9.981591e-01 9.499961e-01 0 0 -3.291511e-01 1.415025e-01 -1.636178e-01 2.830843e-01 -3.051203e-01
-2.000000e+00 -3.804226e-01 9.965325e-01 1.067559e+00 8.185316e-01 9.944205e-01 1.138143e+00 0 0 4.485102e-02 1.542650e-03 -4.478617e-01 -1.161395e-01 -4.494044e-01
-1.913885e+00 -2.783502e-02 9.949912e-01 1.047327e+00 7.415219e-01 9.988985e-01 1.082427e+00 0 0 -7.799957e-02 -1.072490e-01 -5.545679e-01 -5.994431e-02 -4.473190e-01
-1.764886e+00 6.419145e-01 9.915174e-01 9.337047e-01 6.818352e-01 9.933661e-01 9.762231e-01 0 0 -2.210116e-01 -1.229435e-01 -4.570882e-01 1.239962e-01 -3.341447e-01
-1.655109e+00 1.309705e+00 9.962510e-01 8.719697e-01 7.834198e-01 9.921953e-01 9.927215e-01 0 0 -2.647859e-01 2.477076e-02 -3.285029e-01 2.697257e-01 -3.532736e-01
-1.619577e+00 1.659658e+00 1.001858e+00 8.815852e-01 8.588329e-01 9.997246e-01 1.041297e+00 0 0 -2.082506e-01 6.484812e-02 -2.474689e-01 2.016198e-01 -3.123170e-01
VARIABLES = "X", "Y", "ro", "u", "v", "pre", "Ma", "PART", "IMEX", "Ux", "Uy", "Vx", "Vy", "Vort" 
ZONE I=5, J=5, DATAPACKING=POINT
3.804226e-01 2.094703e+00 9.720247e-01 5.605209e-01 1.009539e+00 9.635913e-01 9.801687e-01 0 0 6.721033e-02 5.188001e-01 1.318233e-01 4.652003e-02 -3.869768e-01
3.981130e-01 2.444363e+00 9.830645e-01 7.444156e-01 1.010909e+00 9.787635e-01 1.063357e+00 0 0 2.854985e-02 4.810358e-01 8.415481e-02 -1.684596e-02 -3.968810e-01
3.804226e-01 3.094703e+00 9.989955e-01 9.615966e-01 1.001040e+00 9.951827e-01 1.175381e+00 0 0 -1.295622e-02 1.744256e-01 9.957959e-03 -4.084106e-03 -1.644676e-01
2.992696e-01 3.729426e+00 9.928082e-01 9.952166e-01 1.004077e+00 9.922692e-01 1.195143e+00 0 0 1.292090e-02 -2.706195e-02 -3.259990e-03 6.542885e-03 2.380196e-02
2.351141e-01 4.058876e+00 9.948514e-01 9.870150e-01 1.004436e+00 9.955193e-01 1.189766e+00 0 0 2.497361e-02 -4.067290e-03 -1.547858e-03 -4.112442e-03 2.519432e-03
3.507660e-02 2.008815e+00 9.646213e-01 5.161994e-01 9.401533e-01 9.547623e-01 9.111330e-01 0 0 -8.928795e-02 5.217673e-01 2.079051e-01 9.887800e-02 -3.138622e-01
5.276701e-02 2.358605e+00 9.799878e-01 7.045004e-01 9.735339e-01 9.757836e-01 1.017810e+00 0 0 -6.519828e-02 5.143053e-01 1.094075e-01 6.727187e-02 -4.048978e-01
3.507661e-02 3.008815e+00 9.957388e-01 9.487702e-01 9.978864e-01 9.902346e-01 1.166950e+00 0 0 -2.091407e-02 2.107102e-01 4.050200e-03 1.575339e-02 -2.066600e-01
-4.607637e-02 3.643075e+00 9.954586e-01 9.939558e-01 1.003741e+00 9.952992e-01 1.193962e+00 0 0 9.778611e-03 -2.814033e-02 -1.128071e-05 6.037556e-03 2.812905e-02
-1.102319e-01 3.972318e+00 9.946783e-01 9.829845e-01 1.004453e+00 9.959550e-01 1.187029e+00 0 0 1.009303e-02 -2.348234e-02 4.434751e-03 -6.530005e-03 2.791709e-02
-6.195774e-01 1.848187e+00 9.717046e-01 5.895668e-01 8.045507e-01 9.669291e-01 8.450716e-01 0 0 -3.289494e-01 3.726006e-01 7.076271e-02 2.965742e-01 -3.018379e-01
-6.018870e-01 2.197655e+00 9.858987e-01 7.316910e-01 9.020972e-01 9.843775e-01 9.824299e-01 0 0 -2.341973e-01 4.174932e-01 1.561560e-02 2.319538e-01 -4.018776e-01
-6.195774e-01 2.848187e+00 9.961857e-01 9.423294e-01 9.935976e-01 9.902973e-01 1.160779e+00 0 0 -5.882673e-02 1.951621e-01 -6.295713e-03 5.627956e-02 -2.014578e-01
-7.007304e-01 3.484176e+00 9.966010e-01 9.915455e-01 1.000682e+00 9.964091e-01 1.190711e+00 0 0 8.064544e-03 -1.287195e-02 9.862193e-03 -7.793493e-03 2.273415e-02
-7.648859e-01 3.815078e+00 9.934421e-01 9.844369e-01 1.000830e+00 9.939542e-01 1.186159e+00 0 0 -1.253622e-03 -1.818480e-02 4.670356e-03 1.021630e-02 2.285515e-02
-1.274231e+00 1.712884e+00 9.938604e-01 7.892071e-01 7.974099e-01 9.945874e-01 9.478510e-01 0 0 -3.422659e-01 1.901136e-01 -1.857473e-01 3.753629e-01 -3.758609e-01
-1.256541e+00 2.061343e+00 9.996652e-01 8.594572e-01 9.009054e-01 9.973247e-01 1.053544e+00 0 0 -2.452791e-01 2.108453e-01 -1.011548e-01 2.358402e-01 -3.120001e-01
-1.274231e+00 2.712884e+00 9.966413e-01 9.641145e-01 9.888743e-01 9.919248e-01 1.170000e+00 0 0 -5.534667e-02 9.334083e-02 -4.340286e-04 5.134991e-02 -9.377486e-02
-1.355384e+00 3.353716e+00 9.967492e-01 9.879215e-01 9.945232e-01 9.968730e-01 1.184670e+00 0 0 4.714723e-03 -3.451746e-03 8.740860e-03 -6.472751e-03 1.219261e-02
-1.419540e+00 3.688688e+00 9.979104e-01 9.874634e-01 9.970335e-01 9.984502e-01 1.185657e+00 0 0 -5.061012e-03 8.747984e-03 -6.434391e-04 3.154518e-02 -9.391423e-03
-1.619577e+00 1.659658e+00 1.000453e+00 8.792640e-01 8.588070e-01 9.980637e-01 1.040011e+00 0 0 -2.174928e-01 1.155488e-01 -2.538560e-01 2.650027e-01 -3.694048e-01
-1.601887e+00 2.007361e+00 9.997124e-01 9.190932e-01 9.276725e-01 9.963890e-01 1.105505e+00 0 0 -1.438477e-01 1.147297e-01 -1.070562e-01 1.558491e-01 -2.217859e-01
-1.619577e+00 2.659658e+00 9.953365e-01 9.738614e-01 9.857658e-01 9.916901e-01 1.173274e+00 0 0 -2.244210e-02 4.803406e-02 2.543131e-05 3.706117e-02 -4.800863e-02
-1.700730e+00 3.304043e+00 9.988482e-01 9.872544e-01 9.934696e-01 9.992735e-01 1.183463e+00 0 0 1.879325e-03 2.426792e-03 -2.230966e-03 3.694284e-04 -4.657758e-03
-1.764886e+00 3.641915e+00 9.992281e-01 9.886015e-01 9.956276e-01 9.996057e-01 1.185587e+00 0 0 -3.708930e-03 9.884175e-03 2.470404e-03 1.568176e-02 -7.413771e-03
VARIABLES = "X", "Y", "ro", "u", "v", "pre", "Ma", "PART", "IMEX", "Ux", "Uy", "Vx", "Vy", "Vort" 
ZONE I=5, J=5, DATAPACKING=POINT
2.351141e-01 4.058876e+00 9.939366e-01 9.850493e-01 1.005089e+00 9.945759e-01 1.189013e+00 0 0 1.824215e-02 2.480226e-02 -3.494073e-03 1.448521e-02 -2.829633e-02
1.599320e-01 4.385474e+00 9.981744e-01 9.955823e-01 1.005990e+00 9.967601e-01 1.197033e+00 0 0 9.033725e-03 3.228410e-02 1.965736e-04 -4.000735e-03 -3.208753e-02
2.143592e-08 5.000000e+00 1.000697e+00 1.004454e+00 1.001182e+00 1.000071e+00 1.198974e+00 0 0 -3.293327e-03 -3.085189e-03 3.010693e-03 -6.739296e-03 6.095882e-03
-1.599319e-01 5.614526e+00 9.979390e-01 9.987464e-01 9.993894e-01 9.981945e-01 1.193962e+00 0 0 6.106169e-04 -7.043795e-03 5.032013e-03 3.564680e-03 1.207581e-02
-2.351141e-01 5.941124e+00 9.981670e-01 9.995637e-01 1.000988e+00 9.979689e-01 1.195677e+00 0 0 2.828525e-03 1.553367e-02 -3.595853e-03 5.481700e-03 -1.912952e-02
-1.102319e-01 3.972318e+00 9.939633e-01 9.808790e-01 1.003881e+00 9.955165e-01 1.185275e+00 0 0 1.026704e-03 1.109842e-02 2.589339e-03 1.391083e-02 -8.509082e-03
-1.854140e-01 4.298852e+00 9.974126e-01 9.913565e-01 1.006364e+00 9.963554e-01 1.194533e+00 0 0 -2.746526e-03 3.521855e-02 4.291077e-04 -4.321916e-05 -3.478944e-02
-3.453460e-01 4.913885e+00 9.988444e-01 1.004817e+00 1.001138e+00 9.972153e-01 1.199768e+00 0 0 7.332816e-04 2.524433e-03 1.952968e-03 -1.145157e-02 -5.714647e-04
-5.052779e-01 5.529786e+00 9.979865e-01 9.982156e-01 9.975117e-01 9.982661e-01 1.192508e+00 0 0 7.099805e-03 -1.179794e-02 3.126199e-03 4.874773e-03 1.492414e-02
-5.804601e-01 5.857327e+00 9.990601e-01 9.968947e-01 1.001204e+00 9.993234e-01 1.193938e+00 0 0 5.423774e-03 1.124960e-02 -3.124323e-03 1.596787e-02 -1.437393e-02
-7.648859e-01 3.815078e+00 9.934383e-01 9.829444e-01 9.993285e-01 9.944197e-01 1.184090e+00 0 0 -8.675860e-03 1.053287e-02 2.438436e-03 1.650241e-02 -8.094434e-03
-8.400680e-01 4.143882e+00 9.958642e-01 9.920209e-01 1.004882e+00 9.944867e-01 1.194229e+00 0 0 -1.050018e-02 2.701751e-02 1.474210e-03 9.845182e-03 -2.554330e-02
-1.000000e+00 4.764886e+00 9.964372e-01 1.002301e+00 1.002904e+00 9.941025e-01 1.199746e+00 0 0 4.912746e-03 7.655796e-04 -1.369133e-03 -1.252328e-02 -2.134712e-03
-1.159932e+00 5.388262e+00 1.001709e+00 9.957633e-01 9.966092e-01 1.003120e+00 1.189832e+00 0 0 2.371334e-03 -1.069408e-02 -1.037344e-03 -2.086120e-03 9.656733e-03
-1.235114e+00 5.719815e+00 1.003896e+00 9.950648e-01 9.988636e-01 1.005813e+00 1.190467e+00 0 0 -5.141051e-03 7.682303e-03 3.210301e-03 1.744546e-02 -4.472002e-03
-1.419540e+00 3.688688e+00 9.979775e-01 9.869169e-01 9.968509e-01 9.987162e-01 1.185104e+00 0 0 -8.304928e-03 1.903501e-02 -3.524568e-04 1.938439e-02 -1.938747e-02
-1.494722e+00 4.022521e+00 9.977438e-01 9.940667e-01 1.002167e+00 9.965621e-01 1.193695e+00 0 0 -1.731943e-03 1.756833e-02 3.308916e-03 1.233387e-02 -1.425942e-02
-1.654654e+00 4.655109e+00 9.966291e-01 9.998405e-01 1.004224e+00 9.950242e-01 1.198626e+00 0 0 1.047026e-03 1.161854e-03 2.218400e-03 -3.990837e-03 1.056545e-03
-1.814586e+00 5.291178e+00 1.001956e+00 9.985564e-01 9.982510e-01 1.003044e+00 1.192673e+00 0 0 -7.093775e-03 -2.678585e-03 -1.100177e-03 -1.175409e-02 1.578408e-03
-1.889768e+00 5.629044e+00 1.005753e+00 9.995872e-01 9.950837e-01 1.008041e+00 1.190693e+00 0 0 -5.025594e-03 5.915763e-03 3.329659e-03 -2.027924e-03 -2.586103e-03
-1.764886e+00 3.641915e+00 9.988560e-01 9.885824e-01 9.954285e-01 9.991667e-01 1.185496e+00 0 0 -5.076163e-03 7.520976e-03 4.567381e-03 1.737008e-02 -2.953594e-03
-1.840068e+00 3.979243e+00 9.979665e-01 9.927167e-01 9.998628e-01 9.970002e-01 1.191379e+00 0 0 2.415553e-03 1.477169e-02 7.169308e-03 1.122826e-02 -7.602386e-03
-2.000000e+00 4.619577e+00 9.960095e-01 1.000270e+00 1.002342e+00 9.942973e-01 1.197820e+00 0 0 -4.788483e-03 5.726684e-03 8.975345e-03 8.091991e-04 3.248661e-03
-2.159932e+00 5.263750e+00 9.992128e-01 1.000545e+00 9.986502e-01 9.990432e-01 1.194849e+00 0 0 3.145291e-04 -5.022586e-03 1.981498e-04 -9.145280e-03 5.220736e-03
-2.235114e+00 5.605527e+00 1.006225e+00 9.983843e-01 9.953688e-01 1.008725e+00 1.190019e+00 0 0 1.481583e-02 -3.657554e-03 -5.081518e-03 -6.555944e-03 -1.423964e-03
VARIABLES = "X", "Y", "ro", "u", "v", "pre", "Ma", "PART", "IMEX", "Ux", "Uy", "Vx", "Vy", "Vort" 
ZONE I=5, J=5, DATAPACKING=POINT
-2.351141e-01 5.941124e+00 9.978745e-01 9.994685e-01 1.000811e+00 9.977157e-01 1.195491e+00 0 0 1.261958e-03 1.903318e-02 -4.141547e-03 1.095430e-02 -2.317473e-02
-2.992696e-01 6.270574e+00 1.000781e+00 1.002796e+00 1.004595e+00 1.000332e+00 1.199915e+00 0 0 9.381768e-03 4.182896e-03 -5.615979e-03 8.546907e-03 -9.798874e-03
-3.804226e-01 6.905297e+00 1.002134e+00 9.999182e-01 1.006564e+00 1.003065e+00 1.198552e+00 0 0 1.303733e-03 -7.262967e-03 -1.434892e-03 -4.241806e-03 5.828075e-03
-3.981130e-01 7.555637e+00 1.005581e+00 9.976534e-01 1.000512e+00 1.008108e+00 1.192635e+00 0 0 1.772571e-03 2.730895e-03 -2.133302e-03 -1.089524e-02 -4.864197e-03
-3.804226e-01 7.905297e+00 1.008132e+00 1.000235e+00 9.980192e-01 1.011087e+00 1.192440e+00 0 0 2.261463e-03 1.187548e-02 6.678174e-03 2.998331e-03 -5.197306e-03
-5.804601e-01 5.857327e+00 9.988411e-01 9.968845e-01 1.000840e+00 9.991658e-01 1.193677e+00 0 0 5.979549e-03 1.025789e-02 -3.034458e-03 1.571498e-02 -1.329235e-02
-6.446156e-01 6.187730e+00 1.002641e+00 9.995209e-01 1.004873e+00 1.003067e+00 1.197604e+00 0 0 5.809375e-03 7.336136e-03 -7.841289e-04 7.364344e-03 -8.120265e-03
-7.257686e-01 6.823851e+00 1.001333e+00 1.000399e+00 1.006629e+00 1.001868e+00 1.199114e+00 0 0 2.981232e-04 -3.332788e-03 1.867124e-03 -8.407088e-04 5.199912e-03
-7.434590e-01 7.474524e+00 1.003065e+00 9.975449e-01 1.002765e+00 1.004567e+00 1.194524e+00 0 0 1.938576e-04 -1.957309e-03 -5.068598e-03 -1.233275e-02 -3.111289e-03
-7.257686e-01 7.823851e+00 1.009135e+00 9.985923e-01 9.967046e-01 1.012598e+00 1.190378e+00 0 0 1.935289e-03 9.137320e-03 4.338603e-03 -1.845339e-02 -4.798717e-03
-1.235114e+00 5.719815e+00 1.003679e+00 9.947003e-01 9.988830e-01 1.005546e+00 1.190290e+00 0 0 -5.723462e-03 1.255371e-02 1.117419e-03 2.372010e-02 -1.143630e-02
-1.299270e+00 6.053884e+00 1.003025e+00 9.981339e-01 1.003362e+00 1.003919e+00 1.195594e+00 0 0 -3.613778e-03 5.242583e-03 1.388993e-03 6.398731e-03 -3.853590e-03
-1.380423e+00 6.694954e+00 1.000861e+00 9.990109e-01 1.005314e+00 1.001194e+00 1.197620e+00 0 0 4.418805e-03 -1.158004e-03 3.207199e-04 3.866936e-03 1.478724e-03
-1.398113e+00 7.346751e+00 9.992970e-01 9.975030e-01 1.007109e+00 9.991374e-01 1.198094e+00 0 0 8.150784e-04 -2.297574e-03 -2.913917e-03 -4.696406e-03 -6.163437e-04
-1.380423e+00 7.694954e+00 1.004846e+00 9.970440e-01 1.000949e+00 1.006720e+00 1.192919e+00 0 0 -2.300855e-04 4.584105e-03 -5.977676e-03 -3.924095e-02 -1.056178e-02
-1.889768e+00 5.629044e+00 1.004841e+00 9.993642e-01 9.956704e-01 1.006737e+00 1.191140e+00 0 0 -5.815293e-03 8.399774e-03 -6.576645e-04 3.107253e-02 -9.057439e-03
-1.953924e+00 5.968661e+00 1.002600e+00 9.999847e-01 1.002994e+00 1.003512e+00 1.196467e+00 0 0 1.568931e-03 -3.858350e-03 -2.975910e-03 1.411347e-02 8.824392e-04
-2.035077e+00 6.616946e+00 1.003461e+00 9.968929e-01 1.005996e+00 1.004867e+00 1.196130e+00 0 0 -9.976055e-05 -1.910725e-03 -2.199213e-03 -1.450815e-03 -2.884876e-04
-2.052767e+00 7.270343e+00 1.001213e+00 9.978198e-01 1.006732e+00 1.001717e+00 1.197659e+00 0 0 -2.857462e-03 2.719510e-03 3.517183e-03 5.900909e-03 7.976737e-04
-2.035077e+00 7.616946e+00 9.982276e-01 9.981439e-01 1.009514e+00 9.974540e-01 1.200290e+00 0 0 -4.019421e-03 5.466957e-03 -1.079210e-02 -5.053272e-03 -1.625906e-02
-2.235114e+00 5.605527e+00 1.005234e+00 9.982827e-01 9.961413e-01 1.007335e+00 1.190654e+00 0 0 1.439551e-02 -1.890358e-03 -8.048275e-03 3.055885e-02 -6.157917e-03
-2.299270e+00 5.948523e+00 1.005091e+00 9.973599e-01 1.003989e+00 1.007068e+00 1.194867e+00 0 0 1.451986e-02 1.664500e-03 -2.755493e-03 1.576958e-02 -4.419993e-03
-2.380423e+00 6.601128e+00 1.004155e+00 9.984517e-01 1.006568e+00 1.005835e+00 1.197237e+00 0 0 -1.001183e-02 2.089242e-03 3.174507e-04 -4.907953e-03 -1.771791e-03
-2.398113e+00 7.255473e+00 1.003247e+00 9.995186e-01 1.005336e+00 1.004532e+00 1.197369e+00 0 0 -7.240922e-03 2.869991e-04 2.394059e-03 8.287864e-03 2.107060e-03
-2.380423e+00 7.601128e+00 9.974904e-01 9.995602e-01 1.012017e+00 9.964651e-01 1.202789e+00 0 0 -3.260557e-03 5.918895e-03 -4.216590e-03 1.991116e-02 -1.013549e-02
