VARIABLES = "X", "Y", "ro", "u", "v", "pre", "Ma", "PART", "IMEX", "Ux", "Uy", "Vx", "Vy", "Vort" 
ZONE I=2, J=2, DATAPACKING=POINT
-7.000000e+00 -7.646447e+00 1.000000e+00 1.000000e+00 1.000000e+00 1.000000e+00 1.195229e+00 1 0 -4.746722e-11 2.044315e-10 -1.504518e-09 6.323406e-10 -1.708950e-09
-6.646447e+00 -6.563072e+00 1.000000e+00 1.000000e+00 1.000000e+00 1.000000e+00 1.195229e+00 1 0 -3.068247e-11 -2.104311e-10 3.018720e-10 -9.430506e-12 5.123031e-10
-8.000000e+00 -8.000000e+00 1.000000e+00 1.000000e+00 1.000000e+00 1.000000e+00 1.195229e+00 1 0 2.033448e-10 -4.230023e-10 5.805376e-10 -3.458465e-10 1.003540e-09
-7.646447e+00 -6.862937e+00 1.000000e+00 1.000000e+00 1.000000e+00 1.000000e+00 1.195229e+00 1 0 -1.693251e-10 7.781294e-10 -2.521107e-10 1.350248e-10 -1.030240e-09
VARIABLES = "X", "Y", "ro", "u", "v", "pre", "Ma", "PART", "IMEX", "Ux", "Uy", "Vx", "Vy", "Vort" 
ZONE I=2, J=2, DATAPACKING=POINT
-6.646447e+00 -6.563072e+00 1.000000e+00 1.000000e+00 1.000000e+00 1.000000e+00 1.195229e+00 1 0 -6.056202e-10 -2.324998e-10 4.107306e-10 -2.063498e-10 6.432304e-10
-6.500000e+00 -5.538060e+00 1.000000e+00 1.000000e+00 1.000000e+00 1.000000e+00 1.195229e+00 1 0 1.352107e-09 5.883014e-10 -6.434471e-10 4.037514e-10 -1.231748e-09
-7.646447e+00 -6.862937e+00 1.000000e+00 1.000000e+00 1.000000e+00 1.000000e+00 1.195229e+00 1 0 -6.993644e-10 2.773824e-09 -8.589995e-10 1.054804e-09 -3.632824e-09
-7.500000e+00 -5.808658e+00 1.000000e+00 1.000000e+00 1.000000e+00 1.000000e+00 1.195229e+00 1 0 1.548599e-09 -7.676267e-09 1.409902e-09 -1.880526e-09 9.086169e-09
VARIABLES = "X", "Y", "ro", "u", "v", "pre", "Ma", "PART", "IMEX", "Ux", "Uy", "Vx", "Vy", "Vort" 
ZONE I=2, J=2, DATAPACKING=POINT
-6.500000e+00 -5.538060e+00 1.000000e+00 1.000000e+00 1.000000e+00 1.000000e+00 1.195229e+00 1 0 5.611474e-09 2.670403e-09 1.202270e-10 6.949298e-10 -2.550176e-09
-6.646447e+00 -4.563072e+00 1.000000e+00 1.000000e+00 1.000000e+00 1.000000e+00 1.195229e+00 1 0 -1.170984e-08 -7.137784e-09 1.141466e-09 -9.380370e-10 8.279250e-09
-7.500000e+00 -5.808658e+00 1.000000e+00 1.000000e+00 1.000000e+00 1.000000e+00 1.195229e+00 1 0 5.115152e-09 -1.446547e-08 4.283047e-09 -7.086031e-09 1.874852e-08
-7.646447e+00 -4.862937e+00 1.000000e+00 1.000000e+00 1.000000e+00 1.000000e+00 1.195229e+00 1 0 -1.311835e-08 5.358522e-08 -4.987104e-09 1.343593e-08 -5.857232e-08
VARIABLES = "X", "Y", "ro", "u", "v", "pre", "Ma", "PART", "IMEX", "Ux", "Uy", "Vx", "Vy", "Vort" 
ZONE I=2, J=2, DATAPACKING=POINT
-6.646447e+00 -4.563072e+00 1.000000e+00 1.000000e+00 1.000000e+00 1.000000e+00 1.195229e+00 1 0 -3.418485e-08 -1.995876e-08 -9.178384e-09 -5.977534e-09 1.078038e-08
-7.000000e+00 -3.646447e+00 1.000000e+00 1.000000e+00 1.000000e+00 1.000000e+00 1.195229e+00 1 0 3.920299e-08 4.150502e-08 6.296453e-09 8.321509e-09 -3.520856e-08
-7.646447e+00 -4.862937e+00 1.000000e+00 1.000000e+00 1.000000e+00 1.000000e+00 1.195229e+00 1 0 -2.428234e-08 4.241656e-08 -1.088093e-08 4.011579e-08 -5.329748e-08
-8.000000e+00 -4.000000e+00 1.000000e+00 1.000000e+00 1.000000e+00 9.999999e-01 1.195229e+00 1 0 7.959089e-08 -2.123849e-07 2.583545e-08 -8.719494e-08 2.382204e-07
VARIABLES = "X", "Y", "ro", "u", "v", "pre", "Ma", "PART", "IMEX", "Ux", "Uy", "Vx", "Vy", "Vort" 
ZONE I=2, J=2, DATAPACKING=POINT
-7.000000e+00 -3.646447e+00 1.000000e+00 1.000000e+00 1.000000e+00 1.000000e+00 1.195229e+00 1 0 1.482052e-07 1.383010e-08 5.688867e-08 9.833042e-08 4.305857e-08
-7.353553e+00 -2.756908e+00 1.000000e+00 1.000000e+00 1.000000e+00 1.000000e+00 1.195229e+00 1 0 -6.453817e-07 -3.092273e-07 -2.689062e-07 -2.298278e-08 4.032105e-08
-8.000000e+00 -4.000000e+00 9.999999e-01 9.999999e-01 1.000000e+00 9.999999e-01 1.195229e+00 1 0 -1.024753e-07 3.909730e-07 -8.128465e-09 -1.244774e-07 -3.991014e-07
-8.353553e+00 -3.137063e+00 1.000000e+00 1.000000e+00 9.999999e-01 1.000000e+00 1.195229e+00 1 0 -1.251893e-07 6.050779e-07 7.780279e-07 2.548548e-07 1.729500e-07
VARIABLES = "X", "Y", "ro", "u", "v", "pre", "Ma", "PART", "IMEX", "Ux", "Uy", "Vx", "Vy", "Vort" 
ZONE I=2, J=2, DATAPACKING=POINT
-7.353553e+00 -2.756908e+00 1.000000e+00 1.000000e+00 1.000000e+00 1.000000e+00 1.195229e+00 1 0 -6.677856e-07 -4.097094e-07 -2.376653e-07 -1.161636e-07 1.720441e-07
-7.500000e+00 -1.808658e+00 9.999997e-01 9.999997e-01 1.000000e+00 9.999996e-01 1.195228e+00 1 0 -7.548953e-07 -4.677147e-07 -1.156679e-06 -3.671671e-07 -6.889638e-07
-8.353553e+00 -3.137063e+00 1.000000e+00 1.000000e+00 9.999999e-01 1.000000e+00 1.195229e+00 1 0 -1.263040e-07 9.705865e-07 6.642882e-07 7.010206e-07 -3.062983e-07
-8.500000e+00 -2.191342e+00 1.000001e+00 1.000001e+00 1.000000e+00 1.000001e+00 1.195229e+00 1 0 -2.518107e-06 1.567091e-07 5.866939e-07 6.647409e-07 4.299848e-07
VARIABLES = "X", "Y", "ro", "u", "v", "pre", "Ma", "PART", "IMEX", "Ux", "Uy", "Vx", "Vy", "Vort" 
ZONE I=2, J=2, DATAPACKING=POINT
-7.500000e+00 -1.808658e+00 9.999997e-01 9.999996e-01 9.999999e-01 9.999996e-01 1.195228e+00 1 0 -7.963865e-07 3.749428e-08 -1.016929e-06 4.829385e-08 -1.054424e-06
-7.353553e+00 -7.569078e-01 9.999997e-01 9.999996e-01 9.999999e-01 9.999996e-01 1.195228e+00 1 0 3.706538e-07 -4.155499e-09 -2.008697e-07 8.426334e-08 -1.967142e-07
-8.500000e+00 -2.191342e+00 1.000001e+00 1.000001e+00 1.000000e+00 1.000001e+00 1.195229e+00 1 0 -2.696811e-06 5.288363e-07 4.252662e-07 -2.593798e-07 -1.035700e-07
-8.353553e+00 -1.137063e+00 1.000001e+00 1.000001e+00 1.000000e+00 1.000002e+00 1.195229e+00 1 0 -5.115663e-06 1.219455e-06 -4.504715e-07 -4.180922e-07 -1.669926e-06
VARIABLES = "X", "Y", "ro", "u", "v", "pre", "Ma", "PART", "IMEX", "Ux", "Uy", "Vx", "Vy", "Vort" 
ZONE I=2, J=2, DATAPACKING=POINT
-7.353553e+00 -7.569078e-01 9.999997e-01 9.999997e-01 9.999999e-01 9.999996e-01 1.195228e+00 1 0 7.573290e-07 1.408500e-07 2.031799e-07 4.953953e-08 6.232988e-08
-7.000000e+00 3.535534e-01 9.999999e-01 9.999999e-01 1.000000e+00 9.999998e-01 1.195229e+00 1 0 -2.402811e-06 8.925953e-07 1.664582e-06 -5.508384e-07 7.719865e-07
-8.353553e+00 -1.137063e+00 1.000001e+00 1.000001e+00 1.000000e+00 1.000002e+00 1.195229e+00 1 0 -4.839475e-06 2.140463e-07 -7.189996e-07 3.640740e-08 -9.330460e-07
-8.000000e+00 5.358979e-08 1.000000e+00 9.999999e-01 1.000000e+00 1.000000e+00 1.195229e+00 1 0 2.620801e-06 -2.303155e-06 -1.949653e-06 8.223898e-07 3.535014e-07
VARIABLES = "X", "Y", "ro", "u", "v", "pre", "Ma", "PART", "IMEX", "Ux", "Uy", "Vx", "Vy", "Vort" 
ZONE I=2, J=2, DATAPACKING=POINT
-6.000000e+00 -7.500000e+00 1.000000e+00 1.000000e+00 1.000000e+00 1.000000e+00 1.195229e+00 1 0 2.940077e-09 -2.560132e-09 1.101233e-08 -4.565957e-09 1.357246e-08
-5.646447e+00 -6.519153e+00 1.000000e+00 1.000000e+00 1.000000e+00 1.000000e+00 1.195229e+00 1 0 -7.393845e-10 1.329724e-09 -1.365617e-09 -1.273437e-09 -2.695340e-09
-7.000000e+00 -7.646447e+00 1.000000e+00 1.000000e+00 1.000000e+00 1.000000e+00 1.195229e+00 1 0 -1.770133e-09 1.380130e-09 -3.098260e-09 1.996383e-09 -4.478390e-09
-6.646447e+00 -6.563072e+00 1.000000e+00 1.000000e+00 1.000000e+00 1.000000e+00 1.195229e+00 1 0 3.391797e-10 -5.521600e-10 4.611815e-10 3.936674e-10 1.013342e-09
VARIABLES = "X", "Y", "ro", "u", "v", "pre", "Ma", "PART", "IMEX", "Ux", "Uy", "Vx", "Vy", "Vort" 
ZONE I=2, J=2, DATAPACKING=POINT
-5.646447e+00 -6.519153e+00 1.000000e+00 1.000000e+00 1.000000e+00 1.000000e+00 1.195229e+00 1 0 -6.008993e-10 -2.558184e-12 -1.887745e-09 3.036005e-10 -1.885187e-09
-5.500000e+00 -5.538060e+00 1.000000e+00 1.000000e+00 1.000000e+00 1.000000e+00 1.195229e+00 1 0 1.410438e-10 1.718092e-10 5.113215e-10 3.980702e-10 3.395123e-10
-6.646447e+00 -6.563072e+00 1.000000e+00 1.000000e+00 1.000000e+00 1.000000e+00 1.195229e+00 1 0 3.310742e-10 -4.515698e-10 6.306694e-10 -3.399162e-10 1.082239e-09
-6.500000e+00 -5.538060e+00 1.000000e+00 1.000000e+00 1.000000e+00 1.000000e+00 1.195229e+00 1 0 -1.258788e-10 1.132119e-09 -1.998870e-10 2.003594e-10 -1.332006e-09
VARIABLES = "X", "Y", "ro", "u", "v", "pre", "Ma", "PART", "IMEX", "Ux", "Uy", "Vx", "Vy", "Vort" 
ZONE I=2, J=2, DATAPACKING=POINT
-5.500000e+00 -5.538060e+00 1.000000e+00 1.000000e+00 1.000000e+00 1.000000e+00 1.195229e+00 1 0 6.093536e-10 8.089529e-10 1.376157e-09 4.880793e-10 5.672046e-10
-5.646447e+00 -4.519153e+00 1.000000e+00 1.000000e+00 1.000000e+00 1.000000e+00 1.195229e+00 1 0 -4.539597e-10 -1.906323e-09 -1.800965e-09 -1.580253e-09 1.053581e-10
-6.500000e+00 -5.538060e+00 1.000000e+00 1.000000e+00 1.000000e+00 1.000000e+00 1.195229e+00 1 0 -9.088054e-10 1.763899e-09 -8.111262e-10 6.751659e-10 -2.575025e-09
-6.646447e+00 -4.563072e+00 1.000000e+00 1.000000e+00 1.000000e+00 1.000000e+00 1.195229e+00 1 0 1.181524e-09 -7.337396e-09 5.925670e-10 -1.733918e-09 7.929963e-09
VARIABLES = "X", "Y", "ro", "u", "v", "pre", "Ma", "PART", "IMEX", "Ux", "Uy", "Vx", "Vy", "Vort" 
ZONE I=2, J=2, DATAPACKING=POINT
-5.646447e+00 -4.519153e+00 1.000000e+00 1.000000e+00 1.000000e+00 1.000000e+00 1.195229e+00 1 0 -5.302212e-09 -4.945044e-09 -6.738000e-09 -4.313701e-09 -1.792956e-09
-6.000000e+00 -3.500000e+00 1.000000e+00 1.000000e+00 1.000000e+00 1.000000e+00 1.195229e+00 1 0 1.638679e-08 1.820363e-08 7.769047e-09 8.246964e-09 -1.043458e-08
-6.646447e+00 -4.563072e+00 1.000000e+00 1.000000e+00 1.000000e+00 1.000000e+00 1.195229e+00 1 0 7.224219e-09 -5.967366e-09 4.192758e-09 -3.536695e-09 1.016012e-08
-7.000000e+00 -3.646447e+00 1.000000e+00 1.000000e+00 1.000000e+00 1.000000e+00 1.195229e+00 1 0 -1.652037e-08 2.755119e-08 -6.786086e-09 1.201960e-08 -3.433728e-08
VARIABLES = "X", "Y", "ro", "u", "v", "pre", "Ma", "PART", "IMEX", "Ux", "Uy", "Vx", "Vy", "Vort" 
ZONE I=2, J=2, DATAPACKING=POINT
-6.000000e+00 -3.500000e+00 1.000000e+00 1.000000e+00 1.000000e+00 1.000000e+00 1.195229e+00 1 0 4.775750e-08 4.813704e-08 3.180062e-08 9.080089e-09 -1.633642e-08
-6.353553e+00 -2.519153e+00 1.000000e+00 1.000000e+00 1.000000e+00 1.000000e+00 1.195229e+00 1 0 5.298615e-08 -5.070370e-08 9.578476e-09 -3.080909e-08 6.028217e-08
-7.000000e+00 -3.646447e+00 1.000000e+00 1.000000e+00 1.000000e+00 1.000000e+00 1.195229e+00 1 0 -2.427510e-08 -9.581427e-08 -1.891908e-08 2.983542e-09 7.689519e-08
-7.353553e+00 -2.756908e+00 9.999999e-01 9.999999e-01 1.000000e+00 9.999999e-01 1.195229e+00 1 0 5.221327e-08 -7.200022e-08 -1.189685e-07 -4.224142e-08 -4.696824e-08
VARIABLES = "X", "Y", "ro", "u", "v", "pre", "Ma", "PART", "IMEX", "Ux", "Uy", "Vx", "Vy", "Vort" 
ZONE I=2, J=2, DATAPACKING=POINT
-6.353553e+00 -2.519153e+00 1.000000e+00 1.000000e+00 1.000000e+00 1.000000e+00 1.195229e+00 1 0 -2.429281e-07 -1.197160e-07 -1.453681e-07 1.515511e-08 -2.565206e-08
-6.500000e+00 -1.538060e+00 1.000000e+00 1.000000e+00 1.000000e+00 1.000000e+00 1.195229e+00 1 0 7.142757e-07 6.261146e-07 7.685445e-07 2.675638e-07 1.424299e-07
-7.353553e+00 -2.756908e+00 1.000000e+00 9.999999e-01 1.000000e+00 9.999999e-01 1.195229e+00 1 0 1.643700e-07 -8.403573e-08 -4.107115e-08 -1.412574e-07 4.296458e-08
-7.500000e+00 -1.808658e+00 9.999998e-01 9.999998e-01 9.999999e-01 9.999997e-01 1.195228e+00 1 0 3.056308e-07 -2.580301e-07 -2.363631e-07 -1.698012e-07 2.166695e-08
VARIABLES = "X", "Y", "ro", "u", "v", "pre", "Ma", "PART", "IMEX", "Ux", "Uy", "Vx", "Vy", "Vort" 
ZONE I=2, J=2, DATAPACKING=POINT
-6.500000e+00 -1.538060e+00 1.000000e+00 1.000000e+00 1.000000e+00 1.000000e+00 1.195229e+00 1 0 2.746964e-06 -5.802206e-07 9.572468e-07 2.992855e-07 1.537467e-06
-6.353553e+00 -5.191530e-01 9.999992e-01 9.999993e-01 1.000000e+00 9.999989e-01 1.195229e+00 1 0 -7.056954e-06 -1.040340e-06 2.852087e-06 -5.768721e-07 3.892427e-06
-7.500000e+00 -1.808658e+00 9.999997e-01 9.999997e-01 9.999999e-01 9.999996e-01 1.195228e+00 1 0 -3.648846e-07 1.984884e-07 -2.448499e-07 -9.335873e-08 -4.433384e-07
-7.353553e+00 -7.569078e-01 1.000000e+00 1.000000e+00 9.999998e-01 1.000000e+00 1.195229e+00 1 0 2.934735e-06 4.921652e-07 -8.060658e-07 2.603513e-07 -1.298231e-06
VARIABLES = "X", "Y", "ro", "u", "v", "pre", "Ma", "PART", "IMEX", "Ux", "Uy", "Vx", "Vy", "Vort" 
ZONE I=2, J=2, DATAPACKING=POINT
-6.353553e+00 -5.191530e-01 9.999987e-01 9.999988e-01 1.000000e+00 9.999982e-01 1.195228e+00 1 0 -1.370837e-05 5.548942e-06 2.232026e-06 -2.455455e-06 -3.316916e-06
-6.000000e+00 5.000000e-01 1.000003e+00 1.000002e+00 9.999990e-01 1.000005e+00 1.195228e+00 1 0 1.462557e-05 -1.759424e-07 -1.140290e-05 3.357367e-06 -1.122696e-05
-7.353553e+00 -7.569078e-01 1.000000e+00 1.000000e+00 9.999999e-01 1.000001e+00 1.195229e+00 1 0 4.936124e-06 -1.955886e-06 -7.246782e-07 1.012189e-06 1.231208e-06
-7.000000e+00 3.535534e-01 9.999984e-01 9.999992e-01 1.000001e+00 9.999978e-01 1.195229e+00 1 0 -4.301021e-06 -6.848393e-07 3.665383e-06 -9.952486e-07 4.350222e-06
VARIABLES = "X", "Y", "ro", "u", "v", "pre", "Ma", "PART", "IMEX", "Ux", "Uy", "Vx", "Vy", "Vort" 
ZONE I=2, J=2, DATAPACKING=POINT
-5.000000e+00 -7.646447e+00 1.000000e+00 1.000000e+00 1.000000e+00 1.000000e+00 1.195229e+00 1 0 -2.218499e-08 1.696157e-08 -6.056758e-08 2.237993e-08 -7.752914e-08
-4.646447e+00 -6.756908e+00 1.000000e+00 1.000000e+00 1.000000e+00 1.000000e+00 1.195229e+00 1 0 3.489317e-09 -5.238454e-09 9.179927e-09 1.546955e-08 1.441838e-08
-6.000000e+00 -7.500000e+00 1.000000e+00 1.000000e+00 1.000000e+00 1.000000e+00 1.195229e+00 1 0 1.056699e-08 -9.811674e-09 1.261996e-08 -9.633840e-09 2.243163e-08
-5.646447e+00 -6.519153e+00 1.000000e+00 1.000000e+00 1.000000e+00 1.000000e+00 1.195229e+00 1 0 -1.818526e-09 1.229956e-09 -3.154687e-09 -5.917874e-09 -4.384643e-09
VARIABLES = "X", "Y", "ro", "u", "v", "pre", "Ma", "PART", "IMEX", "Ux", "Uy", "Vx", "Vy", "Vort" 
ZONE I=2, J=2, DATAPACKING=POINT
-4.646447e+00 -6.756908e+00 1.000000e+00 1.000000e+00 1.000000e+00 1.000000e+00 1.195229e+00 1 0 5.587245e-09 2.423987e-10 1.205726e-08 -5.483806e-10 1.181486e-08
-4.500000e+00 -5.808658e+00 1.000000e+00 1.000000e+00 1.000000e+00 1.000000e+00 1.195229e+00 1 0 -3.105001e-09 -2.496597e-09 -4.374432e-09 -4.991369e-09 -1.877836e-09
-5.646447e+00 -6.519153e+00 1.000000e+00 1.000000e+00 1.000000e+00 1.000000e+00 1.195229e+00 1 0 -2.175647e-09 1.540910e-10 -2.938528e-09 6.218452e-10 -3.092619e-09
-5.500000e+00 -5.538060e+00 1.000000e+00 1.000000e+00 1.000000e+00 1.000000e+00 1.195229e+00 1 0 1.305495e-09 1.536186e-09 1.396177e-09 2.367276e-09 -1.400088e-10
VARIABLES = "X", "Y", "ro", "u", "v", "pre", "Ma", "PART", "IMEX", "Ux", "Uy", "Vx", "Vy", "Vort" 
ZONE I=2, J=2, DATAPACKING=POINT
-4.500000e+00 -5.808658e+00 1.000000e+00 1.000000e+00 1.000000e+00 1.000000e+00 1.195229e+00 1 0 -1.216191e-08 -7.815933e-09 -1.305741e-08 -6.115697e-09 -5.241474e-09
-4.646447e+00 -4.756908e+00 1.000000e+00 1.000000e+00 1.000000e+00 1.000000e+00 1.195229e+00 1 0 2.157130e-08 2.165653e-08 2.239019e-08 1.863916e-08 7.336576e-10
-5.500000e+00 -5.538060e+00 1.000000e+00 1.000000e+00 1.000000e+00 1.000000e+00 1.195229e+00 1 0 4.366977e-09 4.461092e-09 4.274896e-09 3.018071e-09 -1.861959e-10
-5.646447e+00 -4.519153e+00 1.000000e+00 1.000000e+00 1.000000e+00 1.000000e+00 1.195229e+00 1 0 -8.134709e-09 -1.272501e-08 -8.324280e-09 -1.019273e-08 4.400735e-09
VARIABLES = "X", "Y", "ro", "u", "v", "pre", "Ma", "PART", "IMEX", "Ux", "Uy", "Vx", "Vy", "Vort" 
ZONE I=2, J=2, DATAPACKING=POINT
-4.646447e+00 -4.756908e+00 1.000000e+00 1.000000e+00 1.000000e+00 1.000000e+00 1.195229e+00 1 0 9.159225e-08 6.271225e-08 8.405079e-08 4.930329e-08 2.133854e-08
-5.000000e+00 -3.646447e+00 1.000000e+00 1.000000e+00 1.000000e+00 1.000000e+00 1.195229e+00 1 0 -2.101020e-07 -1.916705e-07 -1.364711e-07 -1.302125e-07 5.519943e-08
-5.646447e+00 -4.519153e+00 1.000000e+00 1.000000e+00 1.000000e+00 1.000000e+00 1.195229e+00 1 0 -3.196211e-08 -2.870961e-08 -3.192740e-08 -2.432175e-08 -3.217791e-09
-6.000000e+00 -3.500000e+00 1.000000e+00 1.000000e+00 1.000000e+00 1.000000e+00 1.195229e+00 1 0 7.931691e-08 1.020672e-07 5.076561e-08 6.380440e-08 -5.130155e-08
VARIABLES = "X", "Y", "ro", "u", "v", "pre", "Ma", "PART", "IMEX", "Ux", "Uy", "Vx", "Vy", "Vort" 
ZONE I=2, J=2, DATAPACKING=POINT
-5.000000e+00 -3.646447e+00 9.999999e-01 9.999999e-01 1.000000e+00 9.999999e-01 1.195229e+00 1 0 -6.431313e-07 -4.603048e-07 -5.007784e-07 -3.104400e-07 -4.047364e-08
-5.353553e+00 -2.563072e+00 1.000000e+00 1.000000e+00 1.000000e+00 1.000000e+00 1.195229e+00 1 0 5.514190e-07 9.405838e-07 6.451623e-07 6.170800e-07 -2.954216e-07
-6.000000e+00 -3.500000e+00 1.000000e+00 1.000000e+00 1.000000e+00 1.000000e+00 1.195229e+00 1 0 2.300605e-07 2.326936e-07 1.914380e-07 1.257167e-07 -4.125562e-08
-6.353553e+00 -2.519153e+00 1.000000e+00 1.000000e+00 1.000000e+00 9.999999e-01 1.195229e+00 1 0 -1.736160e-07 -5.031057e-07 -2.867596e-07 -3.221334e-07 2.163461e-07
VARIABLES = "X", "Y", "ro", "u", "v", "pre", "Ma", "PART", "IMEX", "Ux", "Uy", "Vx", "Vy", "Vort" 
ZONE I=2, J=2, DATAPACKING=POINT
-5.353553e+00 -2.563072e+00 1.000000e+00 1.000000e+00 1.000000e+00 1.000001e+00 1.195229e+00 1 0 3.644198e-06 1.692912e-06 2.561677e-06 1.076454e-07 8.687655e-07
-5.500000e+00 -1.538060e+00 9.999994e-01 9.999992e-01 9.999992e-01 9.999992e-01 1.195228e+00 1 0 -9.147724e-06 -6.088278e-06 -6.655998e-06 -2.780932e-06 -5.677200e-07
-6.353553e+00 -2.519153e+00 9.999998e-01 9.999998e-01 9.999999e-01 9.999997e-01 1.195228e+00 1 0 -1.251347e-06 -7.838408e-07 -1.005139e-06 3.780939e-08 -2.212985e-07
-6.500000e+00 -1.538060e+00 1.000000e+00 1.000000e+00 1.000000e+00 1.000000e+00 1.195229e+00 1 0 3.442646e-06 3.101797e-06 2.201724e-06 1.115710e-06 -9.000734e-07
VARIABLES = "X", "Y", "ro", "u", "v", "pre", "Ma", "PART", "IMEX", "Ux", "Uy", "Vx", "Vy", "Vort" 
ZONE I=2, J=2, DATAPACKING=POINT
-5.500000e+00 -1.538060e+00 9.999979e-01 9.999975e-01 9.999989e-01 9.999971e-01 1.195227e+00 1 0 -2.565602e-05 4.540704e-06 -1.029951e-05 -2.665577e-06 -1.484022e-05
-5.353553e+00 -5.630719e-01 1.000008e+00 1.000006e+00 9.999968e-01 1.000011e+00 1.195229e+00 1 0 6.137787e-05 1.118881e-05 -2.091812e-05 4.144296e-06 -3.210692e-05
-6.500000e+00 -1.538060e+00 1.000001e+00 1.000001e+00 1.000000e+00 1.000001e+00 1.195229e+00 1 0 8.221996e-06 -1.891321e-06 3.105550e-06 1.185562e-06 4.996871e-06
-6.353553e+00 -5.191530e-01 9.999962e-01 9.999964e-01 1.000001e+00 9.999947e-01 1.195228e+00 1 0 -1.911257e-05 -7.727221e-06 4.937911e-06 -1.012952e-06 1.266513e-05
VARIABLES = "X", "Y", "ro", "u", "v", "pre", "Ma", "PART", "IMEX", "Ux", "Uy", "Vx", "Vy", "Vort" 
ZONE I=2, J=2, DATAPACKING=POINT
-5.353553e+00 -5.630719e-01 1.000015e+00 1.000011e+00 9.999981e-01 1.000020e+00 1.195231e+00 1 0 1.065512e-04 -5.116974e-05 -1.919630e-05 1.381909e-05 3.197343e-05
-5.000000e+00 3.535534e-01 9.999665e-01 9.999875e-01 1.000005e+00 9.999534e-01 1.195232e+00 1 0 -1.209828e-04 5.750752e-06 1.140803e-04 -3.086020e-05 1.083295e-04
-6.353553e+00 -5.191530e-01 9.999932e-01 9.999939e-01 1.000001e+00 9.999906e-01 1.195227e+00 1 0 -3.100906e-05 1.645800e-05 5.755457e-06 -7.765072e-06 -1.070254e-05
-6.000000e+00 5.000000e-01 1.000016e+00 1.000007e+00 9.999946e-01 1.000023e+00 1.195226e+00 1 0 3.621995e-05 9.040331e-06 -4.417244e-05 8.074067e-06 -5.321277e-05
VARIABLES = "X", "Y", "ro", "u", "v", "pre", "Ma", "PART", "IMEX", "Ux", "Uy", "Vx", "Vy", "Vort" 
ZONE I=2, J=2, DATAPACKING=POINT
-4.000000e+00 -8.000000e+00 1.000000e+00 1.000000e+00 1.000000e+00 1.000000e+00 1.195229e+00 1 0 1.260768e-07 -9.957191e-08 2.551279e-07 -8.040357e-08 3.546998e-07
-3.646447e+00 -7.137063e+00 1.000000e+00 1.000000e+00 1.000000e+00 1.000000e+00 1.195229e+00 1 0 -2.237530e-08 5.815083e-09 -4.809163e-08 -6.166225e-08 -5.390671e-08
-5.000000e+00 -7.646447e+00 1.000000e+00 1.000000e+00 1.000000e+00 1.000000e+00 1.195229e+00 1 0 -4.747292e-08 4.052989e-08 -6.356224e-08 3.182999e-08 -1.040921e-07
-4.646447e+00 -6.756908e+00 1.000000e+00 1.000000e+00 1.000000e+00 1.000000e+00 1.195229e+00 1 0 9.421475e-09 8.375732e-09 2.845548e-08 4.942748e-08 2.007975e-08
VARIABLES = "X", "Y", "ro", "u", "v", "pre", "Ma", "PART", "IMEX", "Ux", "Uy", "Vx", "Vy", "Vort" 
ZONE I=2, J=2, DATAPACKING=POINT
-3.646447e+00 -7.137063e+00 1.000000e+00 1.000000e+00 1.000000e+00 1.000000e+00 1.195229e+00 1 0 -3.192269e-08 4.100171e-09 -5.915795e-08 2.655971e-10 -6.325812e-08
-3.500000e+00 -6.191342e+00 1.000000e+00 1.000000e+00 1.000000e+00 1.000000e+00 1.195229e+00 1 0 1.940820e-08 1.787675e-08 2.419248e-08 2.291941e-08 6.315733e-09
-4.646447e+00 -6.756908e+00 1.000000e+00 1.000000e+00 1.000000e+00 1.000000e+00 1.195229e+00 1 0 1.018218e-08 2.041284e-11 1.749254e-08 1.161239e-09 1.747213e-08
-4.500000e+00 -5.808658e+00 1.000000e+00 1.000000e+00 1.000000e+00 1.000000e+00 1.195229e+00 1 0 -7.056301e-09 -1.179003e-08 -1.165130e-08 -1.891664e-08 1.387299e-10
VARIABLES = "X", "Y", "ro", "u", "v", "pre", "Ma", "PART", "IMEX", "Ux", "Uy", "Vx", "Vy", "Vort" 
ZONE I=2, J=2, DATAPACKING=POINT
-3.500000e+00 -6.191342e+00 1.000000e+00 1.000000e+00 1.000000e+00 1.000000e+00 1.195229e+00 1 0 6.549984e-08 5.278294e-08 8.176416e-08 3.787949e-08 2.898122e-08
-3.646447e+00 -5.137063e+00 1.000000e+00 1.000000e+00 1.000000e+00 1.000000e+00 1.195229e+00 1 0 -1.177731e-07 -1.440544e-07 -1.535887e-07 -1.149359e-07 -9.534300e-09
-4.500000e+00 -5.808658e+00 1.000000e+00 1.000000e+00 1.000000e+00 1.000000e+00 1.195229e+00 1 0 -1.827247e-08 -2.799954e-08 -3.025549e-08 -2.568986e-08 -2.255950e-09
-4.646447e+00 -4.756908e+00 1.000000e+00 1.000000e+00 1.000000e+00 1.000000e+00 1.195229e+00 1 0 4.226632e-08 8.329961e-08 6.430874e-08 8.162946e-08 -1.899087e-08
VARIABLES = "X", "Y", "ro", "u", "v", "pre", "Ma", "PART", "IMEX", "Ux", "Uy", "Vx", "Vy", "Vort" 
ZONE I=2, J=2, DATAPACKING=POINT
-3.646447e+00 -5.137063e+00 9.999999e-01 9.999999e-01 1.000000e+00 9.999999e-01 1.195229e+00 1 0 -4.865742e-07 -3.143640e-07 -6.359536e-07 -3.526351e-07 -3.215895e-07
-4.000000e+00 -4.000000e+00 1.000000e+00 1.000000e+00 1.000000e+00 1.000000e+00 1.195229e+00 1 0 1.528943e-06 1.316005e-06 1.210108e-06 8.396247e-07 -1.058976e-07
-4.646447e+00 -4.756908e+00 1.000000e+00 1.000000e+00 1.000000e+00 1.000000e+00 1.195229e+00 1 0 1.409247e-07 1.792124e-07 2.459584e-07 2.027498e-07 6.674594e-08
-5.000000e+00 -3.646447e+00 9.999999e-01 9.999999e-01 9.999999e-01 9.999999e-01 1.195229e+00 1 0 -4.739336e-07 -6.783058e-07 -5.957660e-07 -6.220482e-07 8.253980e-08
VARIABLES = "X", "Y", "ro", "u", "v", "pre", "Ma", "PART", "IMEX", "Ux", "Uy", "Vx", "Vy", "Vort" 
ZONE I=2, J=2, DATAPACKING=POINT
-4.000000e+00 -4.000000e+00 1.000000e+00 1.000001e+00 1.000000e+00 1.000001e+00 1.195229e+00 1 0 4.694249e-06 4.540483e-06 4.154754e-06 1.402619e-06 -3.857298e-07
-4.353553e+00 -2.862937e+00 9.999999e-01 9.999998e-01 9.999990e-01 9.999998e-01 1.195228e+00 1 0 -2.888706e-06 -7.892964e-06 -6.471880e-06 -4.833801e-06 1.421084e-06
-5.000000e+00 -3.646447e+00 9.999997e-01 9.999997e-01 9.999998e-01 9.999996e-01 1.195228e+00 1 0 -1.374745e-06 -1.781461e-06 -1.932448e-06 -1.365407e-06 -1.509870e-07
-5.353553e+00 -2.563072e+00 1.000000e+00 1.000000e+00 1.000000e+00 1.000000e+00 1.195229e+00 1 0 1.066415e-06 3.966557e-06 2.085309e-06 3.134797e-06 -1.881248e-06
VARIABLES = "X", "Y", "ro", "u", "v", "pre", "Ma", "PART", "IMEX", "Ux", "Uy", "Vx", "Vy", "Vort" 
ZONE I=2, J=2, DATAPACKING=POINT
-4.353553e+00 -2.862937e+00 9.999986e-01 9.999964e-01 9.999981e-01 9.999978e-01 1.195226e+00 1 0 -2.641096e-05 -1.428010e-05 -2.568010e-05 -5.816103e-06 -1.140000e-05
-4.500000e+00 -1.808658e+00 1.000006e+00 1.000011e+00 9.999979e-01 1.000009e+00 1.195232e+00 1 0 9.376005e-05 6.486895e-05 5.802380e-05 9.180019e-06 -6.845148e-06
-5.353553e+00 -2.563072e+00 1.000002e+00 1.000002e+00 1.000001e+00 1.000002e+00 1.195230e+00 1 0 7.020687e-06 5.799371e-06 9.284881e-06 4.609605e-07 3.485510e-06
-5.500000e+00 -1.538060e+00 9.999970e-01 9.999954e-01 9.999966e-01 9.999956e-01 1.195225e+00 1 0 -2.944215e-05 -2.784698e-05 -3.441594e-05 -1.395685e-05 -6.568966e-06
VARIABLES = "X", "Y", "ro", "u", "v", "pre", "Ma", "PART", "IMEX", "Ux", "Uy", "Vx", "Vy", "Vort" 
ZONE I=2, J=2, DATAPACKING=POINT
-4.500000e+00 -1.808658e+00 1.000015e+00 1.000029e+00 9.999981e-01 1.000022e+00 1.195241e+00 1 0 2.031069e-04 -2.194801e-05 9.296392e-05 -5.435056e-05 1.149119e-04
-4.353553e+00 -8.629373e-01 9.999693e-01 9.999378e-01 9.999759e-01 9.999555e-01 1.195185e+00 1 0 -5.596060e-04 -1.627165e-04 1.702237e-04 -1.621835e-05 3.329402e-04
-5.500000e+00 -1.538060e+00 9.999901e-01 9.999872e-01 9.999948e-01 9.999858e-01 1.195220e+00 1 0 -5.149528e-05 1.123240e-05 -5.429360e-05 -2.285646e-06 -6.552600e-05
-5.353553e+00 -5.630719e-01 1.000031e+00 1.000030e+00 9.999891e-01 1.000044e+00 1.195232e+00 1 0 1.689753e-04 7.456942e-05 -1.116455e-04 1.547218e-05 -1.862149e-04
VARIABLES = "X", "Y", "ro", "u", "v", "pre", "Ma", "PART", "IMEX", "Ux", "Uy", "Vx", "Vy", "Vort" 
ZONE I=2, J=2, DATAPACKING=POINT
-4.353553e+00 -8.629373e-01 9.999259e-01 9.998748e-01 9.999919e-01 9.998952e-01 1.195167e+00 1 0 -8.227000e-04 3.223333e-04 1.294895e-05 -5.728936e-04 -3.093843e-04
-4.000000e+00 -2.679490e-08 1.000420e+00 1.000048e+00 9.994733e-01 1.000588e+00 1.194843e+00 1 0 9.391142e-04 2.341853e-05 -7.258338e-04 -3.152469e-04 -7.492523e-04
-5.353553e+00 -5.630719e-01 1.000063e+00 1.000054e+00 9.999902e-01 1.000089e+00 1.195240e+00 1 0 1.965783e-04 -1.297973e-04 -8.006021e-05 6.329568e-05 4.973710e-05
-5.000000e+00 3.535534e-01 9.998483e-01 9.999393e-01 1.000056e+00 9.997878e-01 1.195262e+00 1 0 -3.719119e-04 -5.119955e-05 -3.821689e-04 3.052143e-04 -3.309694e-04
VARIABLES = "X", "Y", "ro", "u", "v", "pre", "Ma", "PART", "IMEX", "Ux", "Uy", "Vx", "Vy", "Vort" 
ZONE I=2, J=2, DATAPACKING=POINT
-3.000000e+00 -8.353553e+00 9.999996e-01 1.000000e+00 9.999994e-01 9.999994e-01 1.195228e+00 1 0 -3.600838e-07 -7.852490e-07 -8.815526e-07 2.218841e-07 -9.630360e-08
-2.646447e+00 -7.436928e+00 1.000000e+00 9.999999e-01 1.000000e+00 1.000000e+00 1.195229e+00 1 0 5.270442e-08 3.115129e-07 4.120751e-07 1.007809e-06 1.005622e-07
-4.000000e+00 -8.000000e+00 1.000000e+00 1.000000e+00 1.000000e+00 1.000000e+00 1.195229e+00 1 0 1.154291e-07 -9.023075e-08 -3.519361e-07 1.230399e-07 -2.617054e-07
-3.646447e+00 -7.137063e+00 1.000000e+00 1.000000e+00 1.000000e+00 1.000000e+00 1.195229e+00 1 0 -1.067673e-07 -9.442126e-08 -6.307599e-08 -2.402741e-07 3.134526e-08
VARIABLES = "X", "Y", "ro", "u", "v", "pre", "Ma", "PART", "IMEX", "Ux", "Uy", "Vx", "Vy", "Vort" 
ZONE I=2, J=2, DATAPACKING=POINT
-2.646447e+00 -7.436928e+00 1.000000e+00 1.000000e+00 1.000000e+00 1.000000e+00 1.195229e+00 1 0 8.890624e-08 1.817656e-07 2.367695e-07 6.428134e-08 5.500395e-08
-2.500000e+00 -6.461940e+00 1.000000e+00 1.000000e+00 1.000000e+00 1.000000e+00 1.195229e+00 1 0 -5.044259e-08 -1.421399e-07 -1.668472e-07 -3.673528e-07 -2.470729e-08
-3.646447e+00 -7.137063e+00 1.000000e+00 1.000000e+00 1.000000e+00 1.000000e+00 1.195229e+00 1 0 -1.816730e-08 6.329823e-10 6.338873e-08 -3.496129e-08 6.275575e-08
-3.500000e+00 -6.191342e+00 1.000000e+00 1.000000e+00 1.000000e+00 1.000000e+00 1.195229e+00 1 0 2.420050e-08 5.930270e-08 2.402913e-08 1.041864e-07 -3.527356e-08
VARIABLES = "X", "Y", "ro", "u", "v", "pre", "Ma", "PART", "IMEX", "Ux", "Uy", "Vx", "Vy", "Vort" 
ZONE I=2, J=2, DATAPACKING=POINT
-2.500000e+00 -6.461940e+00 9.999999e-01 1.000000e+00 9.999999e-01 9.999999e-01 1.195229e+00 1 0 -1.393242e-07 -2.458273e-07 -4.556127e-07 -6.250325e-07 -2.097854e-07
-2.646447e+00 -5.436928e+00 1.000000e+00 1.000000e+00 1.000000e+00 1.000000e+00 1.195229e+00 1 0 2.298020e-07 6.794874e-07 1.003215e-06 1.820953e-06 3.237275e-07
-3.500000e+00 -6.191342e+00 1.000000e+00 1.000000e+00 1.000000e+00 1.000000e+00 1.195229e+00 1 0 1.001202e-09 1.274127e-07 6.677781e-09 1.482773e-07 -1.207349e-07
-3.646447e+00 -5.137063e+00 1.000000e+00 1.000000e+00 9.999999e-01 9.999999e-01 1.195229e+00 1 0 5.950095e-10 -3.601096e-07 -1.042157e-07 -4.832310e-07 2.558939e-07
VARIABLES = "X", "Y", "ro", "u", "v", "pre", "Ma", "PART", "IMEX", "Ux", "Uy", "Vx", "Vy", "Vort" 
ZONE I=2, J=2, DATAPACKING=POINT
-2.646447e+00 -5.436928e+00 1.000001e+00 1.000000e+00 1.000001e+00 1.000001e+00 1.195229e+00 1 0 1.303489e-06 1.899987e-06 4.056338e-06 5.384156e-06 2.156351e-06
-3.000000e+00 -4.353553e+00 9.999984e-01 9.999995e-01 9.999982e-01 9.999977e-01 1.195228e+00 1 0 -5.959562e-06 -6.461972e-06 -9.229268e-06 -1.665520e-05 -2.767296e-06
-3.646447e+00 -5.137063e+00 9.999998e-01 9.999998e-01 9.999998e-01 9.999997e-01 1.195228e+00 1 0 5.512924e-08 -5.495275e-07 -3.619428e-08 -9.194128e-07 5.133333e-07
-4.000000e+00 -4.000000e+00 1.000001e+00 1.000001e+00 1.000000e+00 1.000001e+00 1.195229e+00 1 0 1.954551e-06 3.316874e-06 6.265149e-08 3.143257e-06 -3.254223e-06
VARIABLES = "X", "Y", "ro", "u", "v", "pre", "Ma", "PART", "IMEX", "Ux", "Uy", "Vx", "Vy", "Vort" 
ZONE I=2, J=2, DATAPACKING=POINT
-3.000000e+00 -4.353553e+00 9.999944e-01 9.999976e-01 9.999925e-01 9.999919e-01 1.195224e+00 1 0 -9.717892e-06 -4.787547e-06 -3.445520e-05 -4.718341e-05 -2.966766e-05
-3.353553e+00 -3.243092e+00 1.000007e+00 1.000005e+00 1.000006e+00 1.000011e+00 1.195234e+00 1 0 -1.085578e-05 1.581033e-05 8.000611e-05 1.205932e-04 6.419578e-05
-4.000000e+00 -4.000000e+00 1.000002e+00 1.000002e+00 1.000002e+00 1.000003e+00 1.195230e+00 1 0 3.906976e-06 1.153500e-05 -1.050607e-06 5.980963e-06 -1.258561e-05
-4.353553e+00 -2.862937e+00 9.999986e-01 9.999999e-01 9.999973e-01 9.999976e-01 1.195227e+00 1 0 8.949646e-06 -1.970861e-05 -1.570035e-05 -2.596513e-05 4.008255e-06
VARIABLES = "X", "Y", "ro", "u", "v", "pre", "Ma", "PART", "IMEX", "Ux", "Uy", "Vx", "Vy", "Vort" 
ZONE I=2, J=2, DATAPACKING=POINT
-3.353553e+00 -3.243092e+00 1.000044e+00 1.000011e+00 1.000049e+00 1.000064e+00 1.195253e+00 1 0 8.054493e-05 8.106391e-05 1.609085e-04 4.552205e-05 7.984457e-05
-3.500000e+00 -2.191342e+00 9.999290e-01 1.000004e+00 9.997986e-01 9.998955e-01 1.195131e+00 1 0 -3.254110e-04 -1.894301e-04 -4.308087e-04 -6.989929e-04 -2.413786e-04
-4.353553e+00 -2.862937e+00 9.999910e-01 9.999885e-01 9.999883e-01 9.999859e-01 1.195218e+00 1 0 -1.772123e-05 -3.970842e-05 2.807849e-06 -6.525848e-06 4.251627e-05
-4.500000e+00 -1.808658e+00 1.000022e+00 1.000039e+00 1.000024e+00 1.000034e+00 1.195259e+00 1 0 1.978316e-04 2.140158e-04 -1.933310e-04 6.213320e-05 -4.073468e-04
VARIABLES = "X", "Y", "ro", "u", "v", "pre", "Ma", "PART", "IMEX", "Ux", "Uy", "Vx", "Vy", "Vort" 
ZONE I=2, J=2, DATAPACKING=POINT
-3.500000e+00 -2.191342e+00 9.997438e-01 9.999346e-01 9.996094e-01 9.996297e-01 1.195024e+00 1 0 -2.857589e-04 1.334739e-03 -1.403531e-03 -1.906794e-03 -2.738270e-03
-3.353553e+00 -1.243092e+00 1.000849e+00 1.000630e+00 9.989830e-01 1.001213e+00 1.194780e+00 1 0 2.380815e-03 -9.688744e-04 1.341331e-04 1.645226e-03 1.103007e-03
-4.500000e+00 -1.808658e+00 1.000067e+00 1.000106e+00 1.000048e+00 1.000101e+00 1.195301e+00 1 0 2.341389e-04 -5.678999e-05 -2.103859e-04 8.954491e-05 -1.535959e-04
-4.353553e+00 -8.629373e-01 9.997950e-01 9.997407e-01 1.000066e+00 9.996994e-01 1.195170e+00 1 0 -6.468351e-04 -8.063205e-04 -1.167781e-03 2.013205e-04 -3.614602e-04
VARIABLES = "X", "Y", "ro", "u", "v", "pre", "Ma", "PART", "IMEX", "Ux", "Uy", "Vx", "Vy", "Vort" 
ZONE I=2, J=2, DATAPACKING=POINT
-3.353553e+00 -1.243092e+00 1.002195e+00 9.999640e-01 9.999897e-01 1.003101e+00 1.194661e+00 1 0 2.581957e-03 -1.511934e-03 -5.418033e-03 -1.095174e-02 -3.906099e-03
-3.000000e+00 -3.535534e-01 9.979275e-01 1.002640e+00 9.881303e-01 9.971266e-01 1.190222e+00 1 0 5.514623e-03 5.622109e-03 8.418706e-03 -1.369195e-02 2.796597e-03
-4.353553e+00 -8.629373e-01 9.995480e-01 9.995287e-01 1.000079e+00 9.993519e-01 1.195112e+00 1 0 -1.130001e-03 8.629481e-04 5.529939e-04 -2.605598e-04 -3.099542e-04
-4.000000e+00 -2.679490e-08 1.001165e+00 1.000435e+00 9.994843e-01 1.001623e+00 1.194907e+00 1 0 2.358123e-03 6.179745e-04 -2.163827e-02 6.776508e-03 -2.225625e-02
VARIABLES = "X", "Y", "ro", "u", "v", "pre", "Ma", "PART", "IMEX", "Ux", "Uy", "Vx", "Vy", "Vort" 
ZONE I=2, J=2, DATAPACKING=POINT
-2.000000e+00 -8.500000e+00 9.999990e-01 9.999995e-01 9.999988e-01 9.999986e-01 1.195228e+00 1 0 -7.422848e-07 -4.772168e-07 -8.315053e-07 2.555725e-06 -3.542885e-07
-1.646447e+00 -7.480847e+00 1.000000e+00 1.000000e+00 1.000000e+00 1.000000e+00 1.195229e+00 1 0 5.002418e-07 1.203717e-06 5.705547e-07 6.724263e-07 -6.331624e-07
-3.000000e+00 -8.353553e+00 9.999995e-01 1.000000e+00 9.999994e-01 9.999993e-01 1.195228e+00 1 0 -7.041267e-07 -8.131076e-07 -2.753676e-07 1.369175e-07 5.377400e-07
-2.646447e+00 -7.436928e+00 1.000000e+00 9.999999e-01 1.000000e+00 1.000000e+00 1.195229e+00 1 0 1.078347e-07 4.117698e-07 2.434782e-07 1.202788e-06 -1.682916e-07
VARIABLES = "X", "Y", "ro", "u", "v", "pre", "Ma", "PART", "IMEX", "Ux", "Uy", "Vx", "Vy", "Vort" 
ZONE I=2, J=2, DATAPACKING=POINT
-1.646447e+00 -7.480847e+00 1.000000e+00 1.000000e+00 1.000000e+00 1.000000e+00 1.195229e+00 1 0 8.569879e-08 2.274691e-08 8.411564e-08 -6.759883e-07 6.136873e-08
-1.500000e+00 -6.461940e+00 1.000000e+00 9.999999e-01 1.000000e+00 1.000000e+00 1.195229e+00 1 0 -9.622549e-08 -5.030957e-07 -4.759500e-08 2.559239e-07 4.555007e-07
-2.646447e+00 -7.436928e+00 1.000000e+00 1.000000e+00 1.000000e+00 1.000000e+00 1.195229e+00 1 0 1.579708e-07 1.715353e-07 5.832697e-08 1.060996e-07 -1.132083e-07
-2.500000e+00 -6.461940e+00 1.000000e+00 1.000000e+00 1.000000e+00 1.000000e+00 1.195229e+00 1 0 -5.081482e-08 -1.437325e-07 2.629233e-08 -5.254516e-07 1.700248e-07
VARIABLES = "X", "Y", "ro", "u", "v", "pre", "Ma", "PART", "IMEX", "Ux", "Uy", "Vx", "Vy", "Vort" 
ZONE I=2, J=2, DATAPACKING=POINT
-1.500000e+00 -6.461940e+00 1.000000e+00 9.999998e-01 1.000000e+00 1.000000e+00 1.195229e+00 1 0 -3.317075e-07 -1.132059e-06 -5.768034e-08 1.869826e-07 1.074379e-06
-1.646447e+00 -5.480847e+00 9.999999e-01 1.000001e+00 9.999997e-01 9.999998e-01 1.195229e+00 1 0 1.326968e-06 4.210044e-06 -1.205726e-07 -1.254430e-06 -4.330616e-06
-2.500000e+00 -6.461940e+00 9.999999e-01 1.000000e+00 9.999998e-01 9.999998e-01 1.195229e+00 1 0 -1.434395e-07 -3.217213e-07 3.466989e-07 -7.364128e-07 6.684202e-07
-2.646447e+00 -5.436928e+00 1.000000e+00 1.000000e+00 1.000000e+00 1.000000e+00 1.195229e+00 1 0 1.697050e-07 6.926670e-07 -5.463577e-07 2.393316e-06 -1.239025e-06
VARIABLES = "X", "Y", "ro", "u", "v", "pre", "Ma", "PART", "IMEX", "Ux", "Uy", "Vx", "Vy", "Vort" 
ZONE I=2, J=2, DATAPACKING=POINT
-1.646447e+00 -5.480847e+00 9.999999e-01 1.000002e+00 9.999994e-01 9.999995e-01 1.195230e+00 1 0 5.455134e-06 2.332852e-05 2.604618e-06 6.220164e-06 -2.072391e-05
-2.000000e+00 -4.500000e+00 1.000001e+00 1.000002e+00 9.999991e-01 1.000002e+00 1.195229e+00 1 0 1.287719e-05 -3.377557e-05 -1.407145e-05 -1.809027e-05 1.970412e-05
-2.646447e+00 -5.436928e+00 1.000001e+00 1.000000e+00 1.000001e+00 1.000001e+00 1.195229e+00 1 0 1.636588e-06 1.174478e-06 -1.815733e-06 5.383635e-06 -2.990212e-06
-3.000000e+00 -4.353553e+00 9.999971e-01 9.999984e-01 9.999978e-01 9.999957e-01 1.195227e+00 1 0 -4.902668e-06 -7.791172e-06 3.750138e-06 -1.787833e-05 1.154131e-05
VARIABLES = "X", "Y", "ro", "u", "v", "pre", "Ma", "PART", "IMEX", "Ux", "Uy", "Vx", "Vy", "Vort" 
ZONE I=2, J=2, DATAPACKING=POINT
-2.000000e+00 -4.500000e+00 1.000002e+00 9.999842e-01 9.999927e-01 1.000008e+00 1.195211e+00 1 0 1.582482e-05 1.189444e-04 -3.888332e-05 -6.014778e-05 -1.578277e-04
-2.353553e+00 -3.480847e+00 1.000015e+00 1.000129e+00 9.999658e-01 1.000012e+00 1.195288e+00 1 0 3.418776e-04 2.650779e-04 -1.149472e-05 -7.714164e-06 -2.765726e-04
-3.000000e+00 -4.353553e+00 9.999917e-01 9.999963e-01 9.999896e-01 9.999867e-01 1.195223e+00 1 0 -2.625740e-05 -3.718863e-05 8.002947e-07 -4.725608e-05 3.798892e-05
-3.353553e+00 -3.243092e+00 9.999983e-01 9.999942e-01 1.000018e+00 1.000001e+00 1.195234e+00 1 0 6.807724e-05 6.752417e-05 -2.014004e-05 1.473866e-04 -8.766421e-05
VARIABLES = "X", "Y", "ro", "u", "v", "pre", "Ma", "PART", "IMEX", "Ux", "Uy", "Vx", "Vy", "Vort" 
ZONE I=2, J=2, DATAPACKING=POINT
-2.353553e+00 -3.480847e+00 1.000101e+00 1.000122e+00 9.999738e-01 1.000094e+00 1.195290e+00 1 0 6.832447e-04 1.823420e-03 -7.392793e-05 -4.367999e-04 -1.897347e-03
-2.500000e+00 -2.461940e+00 1.000065e+00 1.000928e+00 9.989806e-01 1.000184e+00 1.195103e+00 1 0 2.375587e-03 -7.691108e-04 -1.055206e-03 -2.204030e-03 -2.860947e-04
-3.353553e+00 -3.243092e+00 1.000055e+00 1.000021e+00 1.000085e+00 1.000092e+00 1.195270e+00 1 0 1.139339e-04 1.942893e-04 -5.975902e-05 1.971831e-04 -2.540483e-04
-3.500000e+00 -2.191342e+00 9.997493e-01 9.999094e-01 9.998424e-01 9.996188e-01 1.195158e+00 1 0 -4.617206e-05 -6.117659e-04 -1.285215e-03 -1.096249e-03 -6.734495e-04
VARIABLES = "X", "Y", "ro", "u", "v", "pre", "Ma", "PART", "IMEX", "Ux", "Uy", "Vx", "Vy", "Vort" 
ZONE I=2, J=2, DATAPACKING=POINT
-2.500000e+00 -2.461940e+00 1.000376e+00 9.999560e-01 9.984358e-01 1.000860e+00 1.193979e+00 1 0 6.090351e-03 1.234259e-02 -6.720611e-03 -1.929217e-02 -1.906320e-02
-2.353553e+00 -1.480847e+00 9.991334e-01 1.008518e+00 9.894746e-01 9.982607e-01 1.194605e+00 1 0 1.664084e-03 -3.711145e-03 2.157130e-02 8.532506e-03 2.528245e-02
-3.500000e+00 -2.191342e+00 9.994191e-01 9.996616e-01 9.995159e-01 9.991053e-01 1.194925e+00 1 0 -9.975780e-04 1.869890e-03 -1.059390e-03 -8.363199e-04 -2.929280e-03
-3.353553e+00 -1.243092e+00 1.001565e+00 1.001461e+00 9.993227e-01 1.002339e+00 1.195236e+00 1 0 1.070276e-02 -1.856453e-04 -2.366374e-02 3.939212e-03 -2.347809e-02
VARIABLES = "X", "Y", "ro", "u", "v", "pre", "Ma", "PART", "IMEX", "Ux", "Uy", "Vx", "Vy", "Vort" 
ZONE I=2, J=2, DATAPACKING=POINT
-2.353553e+00 -1.480847e+00 1.004380e+00 1.002075e+00 9.994004e-01 1.004525e+00 1.196025e+00 1 0 -5.623416e-03 9.516706e-03 9.696254e-03 -1.174505e-01 1.795481e-04
-2.000000e+00 -5.000000e-01 1.007220e+00 1.043923e+00 8.562522e-01 1.011333e+00 1.138774e+00 1 0 5.566080e-02 7.450544e-02 -1.437262e-01 -1.272080e-01 -2.182316e-01
-3.353553e+00 -1.243092e+00 1.004544e+00 1.001131e+00 9.994265e-01 1.006565e+00 1.194362e+00 1 0 8.292667e-03 -1.289627e-03 -2.054717e-02 4.729654e-03 -1.925754e-02
-3.000000e+00 -3.535534e-01 9.894391e-01 1.003484e+00 1.000584e+00 9.854807e-01 1.200064e+00 1 0 3.862915e-02 -1.224143e-02 -1.304706e-01 6.136041e-02 -1.182291e-01
VARIABLES = "X", "Y", "ro", "u", "v", "pre", "Ma", "PART", "IMEX", "Ux", "Uy", "Vx", "Vy", "Vort" 
ZONE I=2, J=2, DATAPACKING=POINT
-9.999999e-01 -8.353553e+00 1.000002e+00 9.999995e-01 1.000002e+00 1.000003e+00 1.195229e+00 1 0 -5.921775e-07 1.279698e-06 6.186728e-06 -9.445596e-06 4.907030e-06
-6.464466e-01 -7.243092e+00 9.999992e-01 1.000000e+00 9.999991e-01 9.999990e-01 1.195228e+00 1 0 -1.709194e-07 3.771592e-07 -1.662732e-06 5.680643e-07 -2.039891e-06
-2.000000e+00 -8.500000e+00 9.999987e-01 9.999994e-01 9.999984e-01 9.999981e-01 1.195228e+00 1 0 1.698256e-07 6.825297e-07 2.218638e-06 3.116837e-06 1.536108e-06
-1.646447e+00 -7.480847e+00 1.000000e+00 1.000000e+00 1.000000e+00 1.000001e+00 1.195229e+00 1 0 7.606892e-08 6.326794e-07 -1.330491e-06 1.112410e-06 -1.963170e-06
VARIABLES = "X", "Y", "ro", "u", "v", "pre", "Ma", "PART", "IMEX", "Ux", "Uy", "Vx", "Vy", "Vort" 
ZONE I=2, J=2, DATAPACKING=POINT
-6.464466e-01 -7.243092e+00 9.999995e-01 1.000000e+00 9.999995e-01 9.999993e-01 1.195228e+00 1 0 -1.764807e-08 1.013314e-07 -1.123542e-06 1.055796e-07 -1.224874e-06
-5.000000e-01 -6.191342e+00 1.000000e+00 9.999999e-01 1.000001e+00 1.000001e+00 1.195229e+00 1 0 4.316838e-07 -1.231197e-06 9.765037e-08 4.141560e-06 1.328847e-06
-1.646447e+00 -7.480847e+00 1.000000e+00 1.000000e+00 1.000000e+00 1.000000e+00 1.195229e+00 1 0 4.755731e-08 -1.886009e-07 -3.512417e-07 -7.431557e-07 -1.626409e-07
-1.500000e+00 -6.461940e+00 1.000000e+00 9.999999e-01 9.999999e-01 9.999999e-01 1.195229e+00 1 0 -2.522370e-08 -4.423443e-07 2.096272e-07 -8.729738e-08 6.519715e-07
VARIABLES = "X", "Y", "ro", "u", "v", "pre", "Ma", "PART", "IMEX", "Ux", "Uy", "Vx", "Vy", "Vort" 
ZONE I=2, J=2, DATAPACKING=POINT
-5.000000e-01 -6.191342e+00 1.000002e+00 9.999994e-01 1.000002e+00 1.000003e+00 1.195229e+00 1 0 8.335013e-07 -3.732389e-06 2.394599e-06 1.659530e-05 6.126989e-06
-6.464466e-01 -5.243092e+00 9.999954e-01 1.000002e+00 9.999962e-01 9.999939e-01 1.195228e+00 1 0 -4.527928e-06 1.334697e-05 6.730772e-07 -4.616084e-05 -1.267390e-05
-1.500000e+00 -6.461940e+00 1.000000e+00 9.999997e-01 9.999999e-01 1.000000e+00 1.195228e+00 1 0 -4.377322e-07 -9.433753e-07 5.330924e-07 -1.276644e-06 1.476468e-06
-1.646447e+00 -5.480847e+00 1.000000e+00 1.000001e+00 1.000000e+00 1.000000e+00 1.195229e+00 1 0 1.468745e-06 4.771643e-06 -8.313174e-07 2.794402e-06 -5.602960e-06
VARIABLES = "X", "Y", "ro", "u", "v", "pre", "Ma", "PART", "IMEX", "Ux", "Uy", "Vx", "Vy", "Vort" 
ZONE I=2, J=2, DATAPACKING=POINT
-6.464466e-01 -5.243092e+00 9.999812e-01 1.000007e+00 9.999783e-01 9.999759e-01 1.195223e+00 1 0 -1.441951e-05 1.103282e-04 -3.704580e-05 -1.487438e-04 -1.473740e-04
-1.000000e+00 -4.353553e+00 1.000010e+00 1.000009e+00 1.000046e+00 1.000010e+00 1.195261e+00 1 0 -5.208405e-05 -2.351713e-04 1.230029e-04 4.959724e-04 3.581742e-04
-1.646447e+00 -5.480847e+00 1.000000e+00 1.000002e+00 1.000001e+00 9.999994e-01 1.195231e+00 1 0 5.118685e-07 2.976328e-05 -5.128828e-06 9.879474e-06 -3.489211e-05
-2.000000e+00 -4.500000e+00 1.000006e+00 1.000009e+00 9.999925e-01 1.000010e+00 1.195227e+00 1 0 5.226334e-05 -1.653159e-05 -1.436192e-05 -5.378136e-05 2.169678e-06
VARIABLES = "X", "Y", "ro", "u", "v", "pre", "Ma", "PART", "IMEX", "Ux", "Uy", "Vx", "Vy", "Vort" 
ZONE I=2, J=2, DATAPACKING=POINT
-1.000000e+00 -4.353553e+00 1.000123e+00 9.999152e-01 1.000202e+00 1.000144e+00 1.195286e+00 1 0 -1.592497e-04 7.892969e-05 6.001771e-04 7.542543e-04 5.212474e-04
-1.353553e+00 -3.436928e+00 9.995497e-01 1.000729e+00 9.994408e-01 9.994219e-01 1.195406e+00 1 0 -7.991897e-04 1.815518e-03 -1.530567e-04 -3.171388e-03 -1.968574e-03
-2.000000e+00 -4.500000e+00 1.000011e+00 9.999884e-01 9.999749e-01 1.000026e+00 1.195198e+00 1 0 -7.843490e-05 1.475974e-04 3.168588e-05 -6.819837e-05 -1.159115e-04
-2.353553e+00 -3.480847e+00 1.000042e+00 1.000196e+00 9.999938e-01 1.000038e+00 1.195344e+00 1 0 1.161901e-03 6.257530e-04 -6.194418e-04 -6.481286e-05 -1.245195e-03
VARIABLES = "X", "Y", "ro", "u", "v", "pre", "Ma", "PART", "IMEX", "Ux", "Uy", "Vx", "Vy", "Vort" 
ZONE I=2, J=2, DATAPACKING=POINT
-1.353553e+00 -3.436928e+00 9.993076e-01 1.001245e+00 9.984753e-01 9.992799e-01 1.195079e+00 1 0 1.589667e-04 2.270593e-02 -1.762133e-03 -9.229606e-03 -2.446806e-02
-1.500000e+00 -2.461940e+00 9.995116e-01 1.006058e+00 9.963120e-01 9.988562e-01 1.197052e+00 1 0 -6.364418e-03 -3.018970e-02 1.027228e-02 9.941405e-03 4.046198e-02
-2.353553e+00 -3.480847e+00 9.999699e-01 1.000185e+00 1.000054e+00 9.998557e-01 1.195440e+00 1 0 1.386389e-03 2.123397e-03 -1.236693e-03 2.652143e-04 -3.360090e-03
-2.500000e+00 -2.461940e+00 1.000392e+00 1.001662e+00 9.992044e-01 1.000769e+00 1.195522e+00 1 0 1.068186e-02 2.026797e-03 -8.887498e-03 -4.539147e-03 -1.091430e-02
VARIABLES = "X", "Y", "ro", "u", "v", "pre", "Ma", "PART", "IMEX", "Ux", "Uy", "Vx", "Vy", "Vort" 
ZONE I=2, J=2, DATAPACKING=POINT
-1.500000e+00 -2.461940e+00 1.005495e+00 9.897567e-01 1.000973e+00 1.006281e+00 1.189242e+00 1 0 -2.272426e-02 7.105422e-02 2.260471e-02 -9.733968e-02 -4.844951e-02
-1.353553e+00 -1.436928e+00 1.006574e+00 1.112681e+00 8.929767e-01 1.010805e+00 1.203253e+00 1 0 7.900453e-02 1.588154e-01 -1.709953e-01 -8.374680e-02 -3.298107e-01
-2.500000e+00 -2.461940e+00 1.002114e+00 1.001153e+00 9.980210e-01 1.003625e+00 1.193837e+00 1 0 -3.753505e-03 1.447420e-02 -7.355743e-03 -9.088405e-03 -2.182994e-02
-2.353553e+00 -1.480847e+00 9.853585e-01 1.006613e+00 1.004549e+00 9.783685e-01 1.206186e+00 1 0 1.149532e-01 -3.022155e-02 -5.632556e-02 4.580377e-02 -2.610401e-02
VARIABLES = "X", "Y", "ro", "u", "v", "pre", "Ma", "PART", "IMEX", "Ux", "Uy", "Vx", "Vy", "Vort" 
ZONE I=2, J=2, DATAPACKING=POINT
-1.353553e+00 -1.436928e+00 1.039241e+00 1.129409e+00 8.940497e-01 1.051198e+00 1.210457e+00 1 0 1.275562e-01 8.204370e-02 -1.905854e-01 -2.327881e-01 -2.726291e-01
-1.000000e+00 -3.535534e-01 9.267826e-01 1.278065e+00 5.251888e-01 9.084882e-01 1.179503e+00 1 0 2.552397e-01 1.406776e-01 -4.898375e-01 -2.892758e-01 -6.305151e-01
-2.353553e+00 -1.480847e+00 9.846624e-01 9.971290e-01 1.018882e+00 9.763398e-01 1.209992e+00 1 0 1.326904e-01 -4.935061e-02 -4.972866e-02 -8.157418e-02 -3.780532e-04
-2.000000e+00 -5.000000e-01 9.938421e-01 1.046716e+00 8.703206e-01 9.851536e-01 1.155551e+00 1 0 1.871427e-01 5.784503e-02 -1.833374e-01 -1.366585e-01 -2.411824e-01
VARIABLES = "X", "Y", "ro", "u", "v", "pre", "Ma", "PART", "IMEX", "Ux", "Uy", "Vx", "Vy", "Vort" 
ZONE I=2, J=2, DATAPACKING=POINT
5.358979e-08 -8.000000e+00 1.000001e+00 9.999998e-01 1.000001e+00 1.000001e+00 1.195229e+00 1 0 1.241833e-06 -4.878272e-07 -2.639094e-06 -4.845446e-07 -2.151267e-06
3.535534e-01 -6.862937e+00 1.000000e+00 1.000000e+00 1.000000e+00 1.000000e+00 1.195229e+00 1 0 -1.203885e-07 -1.290394e-07 1.283039e-06 1.672549e-07 1.412079e-06
-9.999999e-01 -8.353553e+00 1.000002e+00 9.999992e-01 1.000003e+00 1.000003e+00 1.195229e+00 1 0 -5.141389e-07 1.407640e-06 2.367885e-06 -9.519135e-06 9.602442e-07
-6.464466e-01 -7.243092e+00 9.999991e-01 1.000000e+00 9.999990e-01 9.999988e-01 1.195228e+00 1 0 -6.041083e-07 7.751444e-07 7.984718e-07 -2.724518e-07 2.332744e-08
VARIABLES = "X", "Y", "ro", "u", "v", "pre", "Ma", "PART", "IMEX", "Ux", "Uy", "Vx", "Vy", "Vort" 
ZONE I=2, J=2, DATAPACKING=POINT
3.535534e-01 -6.862937e+00 1.000000e+00 9.999997e-01 1.000001e+00 1.000001e+00 1.195229e+00 1 0 1.101225e-06 -3.216525e-06 1.285709e-06 3.301429e-06 4.502234e-06
5.000000e-01 -5.808658e+00 9.999990e-01 1.000001e+00 9.999988e-01 9.999986e-01 1.195229e+00 1 0 -3.253373e-06 8.922325e-06 -4.369969e-07 -1.021486e-05 -9.359322e-06
-6.464466e-01 -7.243092e+00 9.999995e-01 1.000000e+00 9.999993e-01 9.999993e-01 1.195228e+00 1 0 -6.694169e-07 1.257953e-07 8.789213e-07 -1.296860e-06 7.531261e-07
-5.000000e-01 -6.191342e+00 1.000000e+00 9.999999e-01 1.000001e+00 1.000001e+00 1.195229e+00 1 0 1.698108e-06 -1.113012e-06 -3.481513e-06 8.043144e-06 -2.368501e-06
VARIABLES = "X", "Y", "ro", "u", "v", "pre", "Ma", "PART", "IMEX", "Ux", "Uy", "Vx", "Vy", "Vort" 
ZONE I=2, J=2, DATAPACKING=POINT
5.000000e-01 -5.808658e+00 9.999950e-01 1.000005e+00 9.999946e-01 9.999931e-01 1.195229e+00 1 0 -1.914780e-05 6.287872e-05 -1.563708e-05 -1.657519e-05 -7.851580e-05
3.535534e-01 -4.862937e+00 1.000006e+00 1.000003e+00 1.000012e+00 1.000009e+00 1.195236e+00 1 0 4.750634e-05 -1.172250e-04 1.212815e-05 7.219276e-05 1.293531e-04
-5.000000e-01 -6.191342e+00 1.000001e+00 9.999995e-01 1.000004e+00 1.000002e+00 1.195231e+00 1 0 7.056016e-06 -4.310228e-06 -1.077973e-05 2.644533e-05 -6.469501e-06
-6.464466e-01 -5.243092e+00 9.999959e-01 1.000001e+00 9.999931e-01 9.999945e-01 1.195226e+00 1 0 -4.610506e-06 1.290198e-05 3.274933e-05 -7.568557e-05 1.984735e-05
VARIABLES = "X", "Y", "ro", "u", "v", "pre", "Ma", "PART", "IMEX", "Ux", "Uy", "Vx", "Vy", "Vort" 
ZONE I=2, J=2, DATAPACKING=POINT
3.535534e-01 -4.862937e+00 1.000038e+00 9.999468e-01 1.000034e+00 1.000052e+00 1.195209e+00 1 0 -2.240617e-04 3.377822e-04 1.361119e-04 1.071973e-04 -2.016702e-04
-2.679490e-08 -4.000000e+00 9.999052e-01 1.000563e+00 9.999193e-01 9.998702e-01 1.195538e+00 1 0 2.382130e-04 1.188263e-03 -3.725445e-04 -5.804024e-04 -1.560808e-03
-6.464466e-01 -5.243092e+00 9.999893e-01 1.000006e+00 9.999620e-01 9.999875e-01 1.195211e+00 1 0 -5.019890e-05 1.859008e-05 5.826023e-05 -1.750893e-04 3.967015e-05
-1.000000e+00 -4.353553e+00 9.999500e-01 9.999687e-01 1.000114e+00 9.999253e-01 1.195293e+00 1 0 4.977289e-04 1.141781e-05 -1.694358e-04 7.443680e-04 -1.808536e-04
VARIABLES = "X", "Y", "ro", "u", "v", "pre", "Ma", "PART", "IMEX", "Ux", "Uy", "Vx", "Vy", "Vort" 
ZONE I=2, J=2, DATAPACKING=POINT
-2.679490e-08 -4.000000e+00 9.998390e-01 1.000697e+00 9.998033e-01 9.997792e-01 1.195564e+00 1 0 -3.930295e-03 1.609283e-02 -1.067628e-03 -6.958965e-04 -1.716045e-02
-3.535534e-01 -3.137063e+00 1.000299e+00 1.006681e+00 9.984081e-01 1.000421e+00 1.198207e+00 1 0 7.912559e-03 -1.134340e-02 -7.191001e-04 -5.072061e-03 1.062430e-02
-1.000000e+00 -4.353553e+00 9.999726e-01 9.999076e-01 1.000383e+00 9.999279e-01 1.195429e+00 1 0 6.855333e-04 -4.877385e-04 -2.030518e-04 9.753043e-04 2.846867e-04
-1.353553e+00 -3.436928e+00 9.993882e-01 1.000144e+00 9.995783e-01 9.992071e-01 1.195171e+00 1 0 5.367595e-03 4.202001e-03 6.467316e-04 -3.646293e-03 -3.555269e-03
VARIABLES = "X", "Y", "ro", "u", "v", "pre", "Ma", "PART", "IMEX", "Ux", "Uy", "Vx", "Vy", "Vort" 
ZONE I=2, J=2, DATAPACKING=POINT
-3.535534e-01 -3.137063e+00 1.002840e+00 9.974951e-01 9.969871e-01 1.004175e+00 1.191138e+00 1 0 -3.195626e-02 9.096910e-02 8.463309e-03 -2.811020e-02 -8.250579e-02
-5.000000e-01 -2.191342e+00 9.997562e-01 1.093221e+00 9.732963e-01 9.994654e-01 1.237238e+00 1 0 6.249535e-02 8.732815e-02 -7.187300e-02 -3.065066e-02 -1.592011e-01
-1.353553e+00 -3.436928e+00 9.995445e-01 1.000959e+00 9.983281e-01 9.996896e-01 1.194717e+00 1 0 -7.935731e-03 1.769372e-02 -7.779204e-04 -5.657768e-03 -1.847164e-02
-1.500000e+00 -2.461940e+00 9.922157e-01 1.001010e+00 1.003084e+00 9.883071e-01 1.200042e+00 1 0 9.250443e-02 -2.159700e-02 -6.592912e-04 2.199280e-02 2.093771e-02
VARIABLES = "X", "Y", "ro", "u", "v", "pre", "Ma", "PART", "IMEX", "Ux", "Uy", "Vx", "Vy", "Vort" 
ZONE I=2, J=2, DATAPACKING=POINT
-5.000000e-01 -2.191342e+00 1.023920e+00 1.077579e+00 9.752035e-01 1.028078e+00 1.225810e+00 1 0 2.652041e-02 2.469849e-01 -5.852108e-02 -1.217416e-01 -3.055060e-01
-3.535534e-01 -1.137063e+00 9.239639e-01 1.455482e+00 8.285042e-01 9.039762e-01 1.431000e+00 1 0 3.225417e-01 4.771898e-01 -6.515906e-02 -1.340514e-01 -5.423489e-01
-1.500000e+00 -2.461940e+00 9.954420e-01 9.841413e-01 1.010753e+00 9.914870e-01 1.194659e+00 1 0 7.446086e-02 4.346359e-02 4.197220e-02 -1.225222e-01 -1.491390e-03
-1.353553e+00 -1.436928e+00 1.015721e+00 1.103265e+00 8.670283e-01 1.019558e+00 1.183675e+00 1 0 2.298862e-01 1.510866e-01 2.304578e-03 -1.575222e-01 -1.487820e-01
VARIABLES = "X", "Y", "ro", "u", "v", "pre", "Ma", "PART", "IMEX", "Ux", "Uy", "Vx", "Vy", "Vort" 
ZONE I=2, J=2, DATAPACKING=POINT
-3.535534e-01 -1.137063e+00 9.216274e-01 1.507953e+00 8.373982e-01 8.926868e-01 1.481218e+00 1 0 5.726779e-01 -2.019943e-01 -3.390185e-02 -1.477558e-01 1.680924e-01
0.000000e+00 0.000000e+00 6.871965e-01 1.390712e+00 5.333408e-01 6.172810e-01 1.328214e+00 1 0 1.184321e-02 -1.209090e-01 3.948438e-01 -6.268935e-01 5.157528e-01
-1.353553e+00 -1.436928e+00 1.053868e+00 1.129755e+00 8.610223e-01 1.067677e+00 1.192719e+00 1 0 2.870795e-01 7.493327e-02 6.755889e-02 -3.822328e-01 -7.374378e-03
-1.000000e+00 -3.535534e-01 9.608844e-01 1.294838e+00 4.521728e-01 9.464053e-01 1.167979e+00 1 0 8.723265e-02 1.811019e-01 1.056290e-01 -5.023330e-01 -7.547298e-02
