VARIABLES = "X", "Y", "ro", "u", "v", "pre", "Ma", "PART", "IMEX", "Ux", "Uy", "Vx", "Vy", "Vort" 
ZONE I=2, J=2, DATAPACKING=POINT
1.000000e+00 -7.646447e+00 9.999912e-01 1.000004e+00 9.999911e-01 9.999874e-01 1.195228e+00 2 0 -9.010530e-06 4.698527e-06 4.301583e-06 -5.707687e-06 -3.969436e-07
1.353553e+00 -6.563072e+00 9.999994e-01 1.000001e+00 1.000000e+00 9.999992e-01 1.195229e+00 2 0 3.959189e-06 -7.685711e-06 -9.398912e-06 2.005521e-05 -1.713201e-06
5.358979e-08 -8.000000e+00 1.000003e+00 9.999991e-01 1.000004e+00 1.000005e+00 1.195230e+00 2 0 2.152536e-05 -1.040621e-05 -3.360961e-05 7.978387e-06 -2.320340e-05
3.535534e-01 -6.862937e+00 1.000001e+00 9.999981e-01 9.999989e-01 1.000002e+00 1.195227e+00 2 0 6.258472e-06 -5.544702e-06 9.867632e-06 -9.899397e-06 1.541233e-05
VARIABLES = "X", "Y", "ro", "u", "v", "pre", "Ma", "PART", "IMEX", "Ux", "Uy", "Vx", "Vy", "Vort" 
ZONE I=2, J=2, DATAPACKING=POINT
1.353553e+00 -6.563072e+00 1.000003e+00 1.000000e+00 1.000002e+00 1.000004e+00 1.195229e+00 2 0 9.230419e-06 -2.190800e-05 2.299107e-06 -5.111104e-06 2.420710e-05
1.500000e+00 -5.538060e+00 9.999959e-01 1.000001e+00 9.999982e-01 9.999950e-01 1.195229e+00 2 0 -8.747053e-06 4.165237e-05 -1.520364e-05 6.621679e-06 -5.685601e-05
3.535534e-01 -6.862937e+00 1.000002e+00 9.999950e-01 9.999978e-01 1.000004e+00 1.195223e+00 2 0 1.113717e-05 -1.983038e-05 9.976084e-06 -4.911483e-06 2.980647e-05
5.000000e-01 -5.808658e+00 9.999904e-01 1.000006e+00 1.000010e+00 9.999856e-01 1.195241e+00 2 0 -2.655193e-05 6.137253e-05 -2.301257e-05 4.072418e-05 -8.438510e-05
VARIABLES = "X", "Y", "ro", "u", "v", "pre", "Ma", "PART", "IMEX", "Ux", "Uy", "Vx", "Vy", "Vort" 
ZONE I=2, J=2, DATAPACKING=POINT
1.500000e+00 -5.538060e+00 9.999791e-01 1.000021e+00 1.000003e+00 9.999731e-01 1.195246e+00 2 0 -4.338040e-05 1.999503e-04 -3.767852e-05 4.932014e-05 -2.376288e-04
1.353553e+00 -4.563072e+00 1.000038e+00 9.999643e-01 9.999888e-01 1.000050e+00 1.195194e+00 2 0 8.404961e-05 -5.110840e-04 1.317152e-04 -1.185132e-04 6.427992e-04
5.000000e-01 -5.808658e+00 9.999888e-01 1.000029e+00 1.000023e+00 9.999794e-01 1.195265e+00 2 0 -4.122880e-05 8.289464e-05 -2.050474e-05 9.414321e-06 -1.033994e-04
3.535534e-01 -4.862937e+00 1.000042e+00 9.999754e-01 9.999178e-01 1.000067e+00 1.195150e+00 2 0 9.139024e-05 -2.591373e-04 1.284742e-04 -2.955451e-04 3.876115e-04
VARIABLES = "X", "Y", "ro", "u", "v", "pre", "Ma", "PART", "IMEX", "Ux", "Uy", "Vx", "Vy", "Vort" 
ZONE I=2, J=2, DATAPACKING=POINT
1.353553e+00 -4.563072e+00 1.000133e+00 9.997470e-01 9.999311e-01 1.000177e+00 1.195010e+00 2 0 5.119113e-05 -9.263725e-04 6.285058e-05 2.229478e-04 9.892231e-04
1.000000e+00 -3.646447e+00 9.993168e-01 1.000674e+00 1.000674e+00 9.990569e-01 1.196190e+00 2 0 -3.706351e-04 4.018344e-03 -3.010103e-04 1.713074e-03 -4.319354e-03
3.535534e-01 -4.862937e+00 1.000006e+00 9.998849e-01 9.998279e-01 1.000050e+00 1.195031e+00 2 0 -7.440857e-05 -5.449685e-05 1.631781e-05 1.419878e-04 7.081466e-05
-2.679490e-08 -4.000000e+00 9.997936e-01 1.000042e+00 1.000527e+00 9.996370e-01 1.195663e+00 2 0 2.560396e-04 3.827114e-04 -4.617364e-04 1.639714e-03 -8.444478e-04
VARIABLES = "X", "Y", "ro", "u", "v", "pre", "Ma", "PART", "IMEX", "Ux", "Uy", "Vx", "Vy", "Vort" 
ZONE I=2, J=2, DATAPACKING=POINT
1.000000e+00 -3.646447e+00 9.988857e-01 1.002011e+00 1.001113e+00 9.984239e-01 1.197372e+00 2 0 -3.565627e-03 1.655017e-02 1.113077e-04 4.795398e-04 -1.643886e-02
6.464466e-01 -2.756908e+00 1.001987e+00 1.002897e+00 9.973221e-01 1.002867e+00 1.194839e+00 2 0 1.141014e-02 -2.353822e-02 3.798296e-03 -1.055442e-02 2.733652e-02
-2.679490e-08 -4.000000e+00 1.000162e+00 1.000037e+00 1.000921e+00 9.999299e-01 1.195941e+00 2 0 3.117778e-03 -3.556903e-03 1.324027e-03 -2.710548e-03 4.880930e-03
-3.535534e-01 -3.137063e+00 1.000509e+00 1.000300e+00 9.969374e-01 1.001207e+00 1.193163e+00 2 0 -1.941574e-03 9.673724e-03 1.436780e-03 -5.398115e-03 -8.236944e-03
VARIABLES = "X", "Y", "ro", "u", "v", "pre", "Ma", "PART", "IMEX", "Ux", "Uy", "Vx", "Vy", "Vort" 
ZONE I=2, J=2, DATAPACKING=POINT
6.464466e-01 -2.756908e+00 1.004396e+00 9.906564e-01 9.940656e-01 1.006870e+00 1.184642e+00 2 0 -4.659742e-02 7.973449e-02 -6.816533e-03 1.052339e-02 -8.655102e-02
5.000000e-01 -1.808658e+00 9.858651e-01 1.082290e+00 1.008896e+00 9.793259e-01 1.254660e+00 2 0 9.422252e-02 8.704648e-02 8.630268e-03 1.404551e-02 -7.841621e-02
-3.535534e-01 -3.137063e+00 9.985261e-01 1.004693e+00 9.965441e-01 9.996398e-01 1.195312e+00 2 0 -1.855663e-02 1.629516e-02 -3.222111e-03 -1.070063e-03 -1.951727e-02
-5.000000e-01 -2.191342e+00 1.002264e+00 9.828834e-01 9.952966e-01 9.999505e-01 1.183579e+00 2 0 9.801388e-02 -7.756298e-02 8.314338e-03 -2.737838e-03 8.587732e-02
VARIABLES = "X", "Y", "ro", "u", "v", "pre", "Ma", "PART", "IMEX", "Ux", "Uy", "Vx", "Vy", "Vort" 
ZONE I=2, J=2, DATAPACKING=POINT
5.000000e-01 -1.808658e+00 1.001086e+00 1.063935e+00 1.005744e+00 9.930933e-01 1.242328e+00 2 0 4.655050e-02 2.330803e-01 3.994710e-02 -6.899055e-02 -1.931332e-01
6.464466e-01 -7.569078e-01 9.442297e-01 1.443490e+00 9.674561e-01 9.349775e-01 1.475881e+00 2 0 1.797820e-01 5.174233e-01 1.294341e-01 -4.400358e-03 -3.879892e-01
-5.000000e-01 -2.191342e+00 1.014560e+00 9.524370e-01 9.938354e-01 1.012733e+00 1.164432e+00 2 0 4.609303e-02 9.012471e-02 5.153353e-02 -1.214380e-01 -3.859118e-02
-3.535534e-01 -1.137063e+00 1.010144e+00 1.166078e+00 8.810881e-01 1.015206e+00 1.232130e+00 2 0 1.216032e-01 3.028306e-01 5.507793e-02 -9.866425e-02 -2.477527e-01
VARIABLES = "X", "Y", "ro", "u", "v", "pre", "Ma", "PART", "IMEX", "Ux", "Uy", "Vx", "Vy", "Vort" 
ZONE I=2, J=2, DATAPACKING=POINT
6.464466e-01 -7.569078e-01 9.508182e-01 1.514418e+00 9.933928e-01 9.374759e-01 1.541562e+00 2 0 4.599983e-01 -5.693634e-02 1.804602e-01 -6.934531e-02 2.373965e-01
1.000000e+00 3.535534e-01 7.415502e-01 1.513500e+00 8.923444e-01 6.904529e-01 1.538880e+00 2 0 1.586411e-01 -3.934694e-02 7.179125e-01 -4.213100e-01 7.572594e-01
-3.535534e-01 -1.137063e+00 1.039215e+00 1.209669e+00 8.894523e-01 1.049107e+00 1.262981e+00 2 0 1.995423e-01 1.525754e-01 1.539589e-01 -3.271262e-01 1.383493e-03
0.000000e+00 0.000000e+00 8.983328e-01 1.440548e+00 5.379943e-01 8.493110e-01 1.336600e+00 2 0 -5.645091e-02 3.336854e-01 3.150835e-01 -4.667624e-01 -1.860186e-02
VARIABLES = "X", "Y", "ro", "u", "v", "pre", "Ma", "PART", "IMEX", "Ux", "Uy", "Vx", "Vy", "Vort" 
ZONE I=2, J=2, DATAPACKING=POINT
2.000000e+00 -7.500000e+00 1.000001e+00 9.999974e-01 1.000000e+00 1.000001e+00 1.195227e+00 2 0 2.330701e-06 -1.207417e-05 -4.063972e-06 9.367168e-06 8.010199e-06
2.353553e+00 -6.519153e+00 9.999979e-01 1.000004e+00 9.999981e-01 9.999963e-01 1.195231e+00 2 0 3.473023e-06 2.844385e-05 2.611167e-06 -1.432311e-05 -2.583268e-05
1.000000e+00 -7.646447e+00 9.999964e-01 1.000000e+00 9.999950e-01 9.999946e-01 1.195227e+00 2 0 -1.146834e-05 7.814853e-06 1.674311e-05 -1.667234e-05 8.928252e-06
1.353553e+00 -6.563072e+00 9.999983e-01 1.000001e+00 9.999992e-01 9.999977e-01 1.195229e+00 2 0 1.692370e-06 -4.085629e-06 -4.937175e-06 1.596216e-05 -8.515457e-07
VARIABLES = "X", "Y", "ro", "u", "v", "pre", "Ma", "PART", "IMEX", "Ux", "Uy", "Vx", "Vy", "Vort" 
ZONE I=2, J=2, DATAPACKING=POINT
2.353553e+00 -6.519153e+00 9.999943e-01 1.000013e+00 9.999937e-01 9.999884e-01 1.195236e+00 2 0 2.029195e-05 3.660021e-06 -1.130098e-06 -1.141997e-05 -4.790120e-06
2.500000e+00 -5.538060e+00 1.000008e+00 9.999801e-01 1.000006e+00 1.000018e+00 1.195215e+00 2 0 -3.448640e-05 -8.006696e-05 3.793390e-06 4.592669e-05 8.386035e-05
1.353553e+00 -6.563072e+00 1.000001e+00 9.999992e-01 1.000001e+00 1.000001e+00 1.195229e+00 2 0 1.027080e-05 -3.056334e-05 -1.165365e-05 -4.633714e-06 1.890968e-05
1.500000e+00 -5.538060e+00 9.999983e-01 1.000004e+00 9.999966e-01 9.999981e-01 1.195229e+00 2 0 -1.408080e-05 6.919526e-05 9.279799e-06 3.696937e-06 -5.991546e-05
VARIABLES = "X", "Y", "ro", "u", "v", "pre", "Ma", "PART", "IMEX", "Ux", "Uy", "Vx", "Vy", "Vort" 
ZONE I=2, J=2, DATAPACKING=POINT
2.500000e+00 -5.538060e+00 1.000010e+00 9.999597e-01 1.000020e+00 1.000037e+00 1.195201e+00 2 0 -1.234444e-04 1.296807e-04 -1.863702e-05 6.638154e-05 -1.483177e-04
2.353553e+00 -4.519153e+00 9.999951e-01 1.000038e+00 9.999840e-01 9.999569e-01 1.195265e+00 2 0 1.891866e-04 -9.521985e-05 3.722330e-05 -1.958173e-04 1.324431e-04
1.500000e+00 -5.538060e+00 9.999773e-01 1.000035e+00 1.000003e+00 9.999698e-01 1.195256e+00 2 0 -4.366259e-05 2.410627e-04 3.030820e-05 9.569323e-05 -2.107545e-04
1.353553e+00 -4.563072e+00 1.000040e+00 9.999342e-01 9.999958e-01 1.000052e+00 1.195179e+00 2 0 4.638197e-05 -6.988463e-04 -1.489427e-05 -1.861540e-04 6.839520e-04
VARIABLES = "X", "Y", "ro", "u", "v", "pre", "Ma", "PART", "IMEX", "Ux", "Uy", "Vx", "Vy", "Vort" 
ZONE I=2, J=2, DATAPACKING=POINT
2.353553e+00 -4.519153e+00 1.000059e+00 9.999264e-01 9.999070e-01 9.999614e-01 1.195187e+00 2 0 6.364420e-04 -1.094653e-03 1.445759e-04 1.763270e-04 1.239229e-03
2.000000e+00 -3.500000e+00 9.995548e-01 1.000479e+00 1.000531e+00 9.995669e-01 1.195825e+00 2 0 -1.178372e-03 3.405574e-03 -7.092041e-04 1.085325e-03 -4.114778e-03
1.353553e+00 -4.563072e+00 1.000171e+00 9.996561e-01 9.999126e-01 1.000234e+00 1.194933e+00 2 0 2.483286e-04 -8.750242e-04 -5.161081e-05 1.401342e-04 8.234134e-04
1.000000e+00 -3.646447e+00 9.992144e-01 1.000868e+00 1.000767e+00 9.989103e-01 1.196387e+00 2 0 -5.817564e-04 4.638572e-03 -2.139156e-04 2.073931e-03 -4.852487e-03
VARIABLES = "X", "Y", "ro", "u", "v", "pre", "Ma", "PART", "IMEX", "Ux", "Uy", "Vx", "Vy", "Vort" 
ZONE I=2, J=2, DATAPACKING=POINT
2.000000e+00 -3.500000e+00 9.991281e-01 1.002096e+00 1.000862e+00 9.993443e-01 1.196867e+00 2 0 -5.889966e-03 2.507778e-02 -9.875059e-04 3.360863e-03 -2.606529e-02
1.646447e+00 -2.519153e+00 1.000504e+00 1.003461e+00 1.000895e+00 9.999440e-01 1.198168e+00 2 0 1.069692e-02 -3.995803e-02 6.440763e-03 -3.784875e-03 4.639880e-02
1.000000e+00 -3.646447e+00 9.987072e-01 1.002358e+00 1.001290e+00 9.981668e-01 1.197733e+00 2 0 -3.469520e-03 1.716243e-02 -4.841336e-04 -6.031453e-04 -1.764657e-02
6.464466e-01 -2.756908e+00 1.002601e+00 1.002552e+00 9.966103e-01 1.003725e+00 1.194064e+00 2 0 6.583026e-03 -2.760509e-02 5.051889e-03 -1.087051e-02 3.265698e-02
VARIABLES = "X", "Y", "ro", "u", "v", "pre", "Ma", "PART", "IMEX", "Ux", "Uy", "Vx", "Vy", "Vort" 
ZONE I=2, J=2, DATAPACKING=POINT
1.646447e+00 -2.519153e+00 1.001635e+00 9.820946e-01 9.980364e-01 1.000308e+00 1.184178e+00 2 0 -3.099921e-02 1.128202e-01 -2.059958e-03 4.744857e-02 -1.148802e-01
1.500000e+00 -1.538060e+00 9.763624e-01 1.136386e+00 1.048308e+00 9.684278e-01 1.312007e+00 2 0 1.054619e-03 1.690462e-01 3.835025e-02 5.419543e-02 -1.306959e-01
6.464466e-01 -2.756908e+00 1.004107e+00 9.897500e-01 9.934637e-01 1.006477e+00 1.183803e+00 2 0 -3.327493e-02 9.137645e-02 -1.103625e-03 9.466729e-03 -9.248008e-02
5.000000e-01 -1.808658e+00 9.881216e-01 1.090053e+00 1.006963e+00 9.823247e-01 1.257885e+00 2 0 3.593005e-02 8.313678e-02 2.796476e-02 1.703274e-02 -5.517202e-02
VARIABLES = "X", "Y", "ro", "u", "v", "pre", "Ma", "PART", "IMEX", "Ux", "Uy", "Vx", "Vy", "Vort" 
ZONE I=2, J=2, DATAPACKING=POINT
1.500000e+00 -1.538060e+00 9.738003e-01 1.129106e+00 1.044798e+00 9.616529e-01 1.308318e+00 2 0 -7.616911e-03 2.327145e-01 1.632927e-02 1.213590e-01 -2.163852e-01
1.646447e+00 -5.191530e-01 9.491267e-01 1.444950e+00 1.179840e+00 9.310382e-01 1.591835e+00 2 0 -2.045580e-01 4.736464e-01 2.319431e-01 1.051220e-01 -2.417032e-01
5.000000e-01 -1.808658e+00 1.009246e+00 1.069763e+00 1.004574e+00 1.003303e+00 1.243933e+00 2 0 -1.941856e-03 2.515853e-01 5.144025e-02 -6.705332e-02 -2.001451e-01
6.464466e-01 -7.569078e-01 9.231695e-01 1.486045e+00 9.673548e-01 9.062286e-01 1.512538e+00 2 0 -1.034966e-01 6.413836e-01 1.901431e-01 -1.370268e-02 -4.512405e-01
VARIABLES = "X", "Y", "ro", "u", "v", "pre", "Ma", "PART", "IMEX", "Ux", "Uy", "Vx", "Vy", "Vort" 
ZONE I=2, J=2, DATAPACKING=POINT
1.646447e+00 -5.191530e-01 9.410827e-01 1.506566e+00 1.179495e+00 9.094745e-01 1.644946e+00 2 0 -1.404070e-01 -5.777589e-02 1.503263e-01 2.670824e-01 2.081022e-01
2.000000e+00 5.000000e-01 8.430100e-01 1.278901e+00 1.597080e+00 8.008176e-01 1.774183e+00 2 0 -2.212865e-01 -1.871050e-01 5.600007e-01 3.722489e-01 7.471057e-01
6.464466e-01 -7.569078e-01 9.162030e-01 1.573330e+00 9.936897e-01 8.916072e-01 1.594256e+00 2 0 4.211282e-02 9.016522e-02 1.744285e-01 -3.247865e-02 8.426325e-02
1.000000e+00 3.535534e-01 7.213315e-01 1.549168e+00 9.198142e-01 6.610207e-01 1.590628e+00 2 0 -2.408326e-01 4.095731e-02 8.770478e-01 -4.653069e-01 8.360905e-01
VARIABLES = "X", "Y", "ro", "u", "v", "pre", "Ma", "PART", "IMEX", "Ux", "Uy", "Vx", "Vy", "Vort" 
ZONE I=2, J=2, DATAPACKING=POINT
3.000000e+00 -7.646447e+00 1.000003e+00 9.999951e-01 1.000006e+00 1.000005e+00 1.195228e+00 2 0 -4.552054e-06 -5.028188e-06 1.478446e-05 8.894436e-06 1.981265e-05
3.353553e+00 -6.756908e+00 9.999942e-01 1.000007e+00 9.999901e-01 9.999906e-01 1.195229e+00 2 0 1.020845e-05 4.038262e-05 -2.518789e-05 -5.505607e-05 -6.557051e-05
2.000000e+00 -7.500000e+00 9.999989e-01 9.999976e-01 9.999980e-01 9.999985e-01 1.195226e+00 2 0 -4.490258e-06 -9.448279e-06 3.994844e-06 6.510085e-06 1.344312e-05
2.353553e+00 -6.519153e+00 9.999988e-01 1.000005e+00 9.999991e-01 9.999973e-01 1.195232e+00 2 0 1.082538e-05 2.877002e-05 -6.389876e-06 -3.341923e-06 -3.515990e-05
VARIABLES = "X", "Y", "ro", "u", "v", "pre", "Ma", "PART", "IMEX", "Ux", "Uy", "Vx", "Vy", "Vort" 
ZONE I=2, J=2, DATAPACKING=POINT
3.353553e+00 -6.756908e+00 9.999847e-01 1.000020e+00 9.999711e-01 9.999739e-01 1.195230e+00 2 0 7.207280e-06 1.328903e-05 -4.602808e-05 -3.160244e-05 -5.931711e-05
3.500000e+00 -5.808658e+00 1.000017e+00 9.999725e-01 1.000038e+00 1.000032e+00 1.195226e+00 2 0 -3.671081e-05 -1.314219e-04 1.058024e-04 2.118108e-04 2.372242e-04
2.353553e+00 -6.519153e+00 9.999963e-01 1.000016e+00 9.999969e-01 9.999903e-01 1.195240e+00 2 0 1.198990e-05 1.221879e-05 -1.545846e-05 2.086061e-06 -2.767725e-05
2.500000e+00 -5.538060e+00 1.000006e+00 9.999762e-01 1.000002e+00 1.000015e+00 1.195210e+00 2 0 -3.963593e-05 -1.086532e-04 2.578523e-05 6.609804e-06 1.344384e-04
VARIABLES = "X", "Y", "ro", "u", "v", "pre", "Ma", "PART", "IMEX", "Ux", "Uy", "Vx", "Vy", "Vort" 
ZONE I=2, J=2, DATAPACKING=POINT
3.500000e+00 -5.808658e+00 1.000047e+00 9.999375e-01 1.000103e+00 1.000091e+00 1.195227e+00 2 0 2.896935e-05 9.145724e-05 1.777181e-04 1.412050e-04 8.626088e-05
3.353553e+00 -4.756908e+00 9.999534e-01 1.000061e+00 9.998734e-01 9.998970e-01 1.195223e+00 2 0 -2.278308e-05 7.490774e-05 -3.797288e-04 -7.531365e-04 -4.546366e-04
2.500000e+00 -5.538060e+00 1.000012e+00 9.999451e-01 1.000004e+00 1.000045e+00 1.195179e+00 2 0 2.045697e-06 1.540568e-04 6.543468e-05 6.204487e-05 -8.862207e-05
2.353553e+00 -4.519153e+00 9.999865e-01 1.000064e+00 1.000008e+00 9.999369e-01 1.195301e+00 2 0 4.691929e-05 -4.166174e-05 -8.976716e-05 -1.016500e-04 -4.810542e-05
VARIABLES = "X", "Y", "ro", "u", "v", "pre", "Ma", "PART", "IMEX", "Ux", "Uy", "Vx", "Vy", "Vort" 
ZONE I=2, J=2, DATAPACKING=POINT
3.353553e+00 -4.756908e+00 9.998864e-01 1.000023e+00 9.996526e-01 9.997282e-01 1.195129e+00 2 0 -2.056410e-04 -8.965248e-04 -5.114133e-04 -3.309297e-04 3.851115e-04
3.000000e+00 -3.646447e+00 1.000076e+00 1.000259e+00 1.000433e+00 1.000260e+00 1.195532e+00 2 0 5.136038e-04 2.300350e-03 5.741664e-04 1.996635e-03 -1.726184e-03
2.353553e+00 -4.519153e+00 1.000046e+00 9.999644e-01 9.999612e-01 9.999191e-01 1.195260e+00 2 0 -6.966788e-06 -1.590112e-03 -1.536428e-04 -3.370196e-04 1.436469e-03
2.000000e+00 -3.500000e+00 9.996165e-01 1.000415e+00 1.000412e+00 9.996910e-01 1.195678e+00 2 0 1.861698e-04 4.151411e-03 -3.604481e-05 1.699301e-03 -4.187455e-03
VARIABLES = "X", "Y", "ro", "u", "v", "pre", "Ma", "PART", "IMEX", "Ux", "Uy", "Vx", "Vy", "Vort" 
ZONE I=2, J=2, DATAPACKING=POINT
3.000000e+00 -3.646447e+00 1.000231e+00 1.001308e+00 1.000941e+00 1.000711e+00 1.196286e+00 2 0 5.291656e-04 9.441145e-03 4.027479e-04 -1.821194e-03 -9.038397e-03
2.646447e+00 -2.563072e+00 9.989244e-01 9.995964e-01 1.001616e+00 9.980892e-01 1.196454e+00 2 0 -8.126239e-03 -2.243269e-02 -9.446872e-04 6.642573e-03 2.148800e-02
2.000000e+00 -3.500000e+00 9.988949e-01 1.002223e+00 1.001035e+00 9.991239e-01 1.197039e+00 2 0 3.772274e-04 2.635584e-02 2.180567e-04 2.682742e-03 -2.613778e-02
1.646447e+00 -2.519153e+00 1.000177e+00 1.003515e+00 1.001206e+00 9.993481e-01 1.198547e+00 2 0 -4.176267e-03 -4.275828e-02 1.600577e-03 -2.089611e-03 4.435885e-02
VARIABLES = "X", "Y", "ro", "u", "v", "pre", "Ma", "PART", "IMEX", "Ux", "Uy", "Vx", "Vy", "Vort" 
ZONE I=2, J=2, DATAPACKING=POINT
2.646447e+00 -2.563072e+00 9.946880e-01 9.902066e-01 1.005310e+00 9.917985e-01 1.194319e+00 2 0 7.006680e-03 5.236492e-02 4.604156e-03 2.732900e-02 -4.776076e-02
2.500000e+00 -1.538060e+00 9.998131e-01 1.054183e+00 1.020315e+00 1.000389e+00 1.239558e+00 2 0 -9.512169e-02 4.552361e-02 -4.199944e-02 -3.962815e-03 -8.752305e-02
1.646447e+00 -2.519153e+00 9.996489e-01 9.835268e-01 1.000125e+00 9.972031e-01 1.186953e+00 2 0 1.479234e-02 1.276536e-01 1.140215e-02 5.738565e-02 -1.162514e-01
1.500000e+00 -1.538060e+00 9.737522e-01 1.139735e+00 1.052868e+00 9.648096e-01 1.317422e+00 2 0 -7.525198e-02 1.528739e-01 -2.104427e-02 4.276232e-02 -1.739181e-01
VARIABLES = "X", "Y", "ro", "u", "v", "pre", "Ma", "PART", "IMEX", "Ux", "Uy", "Vx", "Vy", "Vort" 
ZONE I=2, J=2, DATAPACKING=POINT
2.500000e+00 -1.538060e+00 9.828788e-01 1.048034e+00 1.015696e+00 9.748403e-01 1.238541e+00 2 0 -8.543542e-02 8.157271e-02 -3.845799e-02 1.772341e-01 -1.200307e-01
2.646447e+00 -5.630719e-01 1.004351e+00 1.145913e+00 1.183982e+00 1.010582e+00 1.388265e+00 2 0 -2.907498e-01 1.828064e-01 -6.184686e-02 1.628423e-01 -2.446533e-01
1.500000e+00 -1.538060e+00 9.656011e-01 1.129832e+00 1.047743e+00 9.513573e-01 1.311987e+00 2 0 -8.214408e-02 2.407343e-01 -2.429783e-02 1.539723e-01 -2.650321e-01
1.646447e+00 -5.191530e-01 9.665624e-01 1.440557e+00 1.206912e+00 9.495980e-01 1.602439e+00 2 0 -2.927945e-01 4.616080e-01 4.484258e-02 1.422948e-01 -4.167654e-01
VARIABLES = "X", "Y", "ro", "u", "v", "pre", "Ma", "PART", "IMEX", "Ux", "Uy", "Vx", "Vy", "Vort" 
ZONE I=2, J=2, DATAPACKING=POINT
2.646447e+00 -5.630719e-01 1.026930e+00 1.163240e+00 1.175886e+00 1.042085e+00 1.387714e+00 2 0 -3.300423e-01 9.189573e-02 -6.335820e-02 9.982390e-02 -1.552539e-01
3.000000e+00 3.535534e-01 1.008144e+00 1.089073e+00 1.291770e+00 1.015508e+00 1.422786e+00 2 0 -1.589304e-01 -5.669919e-02 -3.598377e-01 3.401884e-01 -3.031385e-01
1.646447e+00 -5.191530e-01 9.743364e-01 1.494992e+00 1.201360e+00 9.472688e-01 1.643900e+00 2 0 -3.704161e-01 3.183680e-02 3.063947e-02 2.928597e-01 -1.197329e-03
2.000000e+00 5.000000e-01 8.427885e-01 1.280636e+00 1.636534e+00 7.929775e-01 1.810589e+00 2 0 -2.510484e-01 -1.832308e-01 -1.842911e-01 7.131152e-01 -1.060275e-03
VARIABLES = "X", "Y", "ro", "u", "v", "pre", "Ma", "PART", "IMEX", "Ux", "Uy", "Vx", "Vy", "Vort" 
ZONE I=2, J=2, DATAPACKING=POINT
4.000000e+00 -8.000000e+00 1.000006e+00 1.000003e+00 1.000009e+00 1.000009e+00 1.195234e+00 2 0 1.118605e-05 3.822316e-06 1.017690e-05 2.167399e-05 6.354586e-06
4.353553e+00 -7.137063e+00 9.999901e-01 9.999953e-01 9.999858e-01 9.999858e-01 1.195220e+00 2 0 -2.400824e-05 -2.609047e-05 -3.720786e-05 -9.068006e-05 -1.111739e-05
3.000000e+00 -7.646447e+00 1.000003e+00 9.999952e-01 1.000007e+00 1.000005e+00 1.195228e+00 2 0 3.011375e-06 -9.579441e-06 9.025811e-06 1.191712e-05 1.860525e-05
3.353553e+00 -6.756908e+00 9.999949e-01 1.000007e+00 9.999889e-01 9.999915e-01 1.195228e+00 2 0 6.245254e-06 4.375819e-05 -2.861613e-05 -6.217967e-05 -7.237431e-05
VARIABLES = "X", "Y", "ro", "u", "v", "pre", "Ma", "PART", "IMEX", "Ux", "Uy", "Vx", "Vy", "Vort" 
ZONE I=2, J=2, DATAPACKING=POINT
4.353553e+00 -7.137063e+00 9.999702e-01 9.999845e-01 9.999554e-01 9.999570e-01 1.195201e+00 2 0 -5.867989e-05 -3.198783e-05 -3.849263e-05 -6.598848e-05 -6.504807e-06
4.500000e+00 -6.191342e+00 1.000038e+00 1.000023e+00 1.000060e+00 1.000055e+00 1.195268e+00 2 0 1.247245e-04 1.509477e-04 1.558135e-04 3.558321e-04 4.865864e-06
3.353553e+00 -6.756908e+00 9.999866e-01 1.000020e+00 9.999675e-01 9.999765e-01 1.195227e+00 2 0 -2.292666e-05 1.729623e-05 -3.257010e-05 -4.039005e-05 -4.986633e-05
3.500000e+00 -5.808658e+00 1.000015e+00 9.999715e-01 1.000043e+00 1.000028e+00 1.195229e+00 2 0 -9.986425e-06 -1.370021e-04 1.166951e-04 2.439015e-04 2.536972e-04
VARIABLES = "X", "Y", "ro", "u", "v", "pre", "Ma", "PART", "IMEX", "Ux", "Uy", "Vx", "Vy", "Vort" 
ZONE I=2, J=2, DATAPACKING=POINT
4.500000e+00 -6.191342e+00 1.000108e+00 1.000079e+00 1.000172e+00 1.000158e+00 1.195349e+00 2 0 2.762693e-04 2.329889e-04 1.332257e-04 1.832568e-04 -9.976323e-05
4.353553e+00 -5.137063e+00 9.998771e-01 9.998776e-01 9.997930e-01 9.998183e-01 1.195067e+00 2 0 -5.620905e-04 -8.812681e-04 -5.130796e-04 -1.161276e-03 3.681884e-04
3.500000e+00 -5.808658e+00 1.000035e+00 9.999370e-01 1.000119e+00 1.000075e+00 1.195238e+00 2 0 1.761096e-04 1.519135e-04 1.309234e-04 1.568677e-04 -2.099011e-05
3.353553e+00 -4.756908e+00 9.999734e-01 1.000054e+00 9.998528e-01 9.999253e-01 1.195202e+00 2 0 -1.783888e-04 -4.409355e-05 -4.188783e-04 -8.778371e-04 -3.747848e-04
VARIABLES = "X", "Y", "ro", "u", "v", "pre", "Ma", "PART", "IMEX", "Ux", "Uy", "Vx", "Vy", "Vort" 
ZONE I=2, J=2, DATAPACKING=POINT
4.353553e+00 -5.137063e+00 9.996535e-01 9.995827e-01 9.994640e-01 9.994881e-01 1.194758e+00 2 0 -8.110513e-04 -9.405371e-04 -2.366544e-04 -2.841040e-04 7.038828e-04
4.000000e+00 -4.000000e+00 1.000382e+00 1.000677e+00 1.000509e+00 1.000564e+00 1.195828e+00 2 0 1.730573e-03 3.997197e-03 9.140293e-04 2.579061e-03 -3.083168e-03
3.353553e+00 -4.756908e+00 9.999613e-01 9.999681e-01 9.995927e-01 9.998362e-01 1.195041e+00 2 0 -9.036242e-04 -1.389631e-03 -3.491000e-04 -4.173838e-04 1.040531e-03
3.000000e+00 -3.646447e+00 9.999676e-01 1.000395e+00 1.000499e+00 1.000098e+00 1.195685e+00 2 0 1.767817e-03 3.661395e-03 1.073200e-03 2.686066e-03 -2.588196e-03
VARIABLES = "X", "Y", "ro", "u", "v", "pre", "Ma", "PART", "IMEX", "Ux", "Uy", "Vx", "Vy", "Vort" 
ZONE I=2, J=2, DATAPACKING=POINT
4.000000e+00 -4.000000e+00 1.001092e+00 1.001951e+00 1.001129e+00 1.001592e+00 1.196770e+00 2 0 2.667126e-04 1.505848e-03 -8.746629e-04 -1.599947e-03 -2.380511e-03
3.646447e+00 -2.862937e+00 9.988799e-01 9.974490e-01 9.998064e-01 9.984005e-01 1.193876e+00 2 0 -3.137794e-03 -1.223546e-02 -1.699057e-04 7.121637e-04 1.206555e-02
3.000000e+00 -3.646447e+00 9.997894e-01 1.001859e+00 1.001219e+00 1.000049e+00 1.196913e+00 2 0 3.309286e-03 7.765780e-03 -4.423524e-04 -3.331737e-03 -8.208133e-03
2.646447e+00 -2.563072e+00 9.998249e-01 9.980632e-01 1.000958e+00 9.994359e-01 1.194878e+00 2 0 -1.052039e-02 -2.297471e-02 -3.919529e-04 7.363593e-03 2.258276e-02
VARIABLES = "X", "Y", "ro", "u", "v", "pre", "Ma", "PART", "IMEX", "Ux", "Uy", "Vx", "Vy", "Vort" 
ZONE I=2, J=2, DATAPACKING=POINT
3.646447e+00 -2.862937e+00 9.953417e-01 9.939043e-01 1.001208e+00 9.933961e-01 1.193483e+00 2 0 4.904129e-03 5.754067e-03 -2.932702e-03 7.187395e-03 -8.686769e-03
3.500000e+00 -1.808658e+00 1.004036e+00 1.008302e+00 1.000885e+00 1.005729e+00 1.199716e+00 2 0 -3.267652e-02 1.604980e-02 -1.896667e-02 -1.457671e-02 -3.501648e-02
2.646447e+00 -2.563072e+00 9.947877e-01 9.900543e-01 1.005522e+00 9.921808e-01 1.194186e+00 2 0 1.875380e-02 4.964789e-02 3.686551e-03 2.496368e-02 -4.596134e-02
2.500000e+00 -1.538060e+00 9.996424e-01 1.049545e+00 1.017338e+00 9.997989e-01 1.235252e+00 2 0 -3.581799e-02 5.327360e-02 -2.286321e-02 -3.675468e-03 -7.613681e-02
VARIABLES = "X", "Y", "ro", "u", "v", "pre", "Ma", "PART", "IMEX", "Ux", "Uy", "Vx", "Vy", "Vort" 
ZONE I=2, J=2, DATAPACKING=POINT
3.500000e+00 -1.808658e+00 1.008128e+00 1.010270e+00 9.954596e-01 1.011553e+00 1.196654e+00 2 0 -2.831451e-02 1.061727e-02 -1.177404e-02 2.411931e-02 -2.239130e-02
3.646447e+00 -8.629373e-01 9.984863e-01 1.010682e+00 1.035143e+00 9.975102e-01 1.223300e+00 2 0 -1.104889e-01 1.220304e-02 -1.162308e-01 8.251308e-02 -1.284338e-01
2.500000e+00 -1.538060e+00 9.843822e-01 1.045978e+00 1.013493e+00 9.765472e-01 1.235851e+00 2 0 -2.174198e-02 7.476296e-02 2.146728e-02 1.585262e-01 -5.329568e-02
2.646447e+00 -5.630719e-01 9.874518e-01 1.138786e+00 1.173959e+00 9.867930e-01 1.382751e+00 2 0 -1.029525e-01 1.423871e-01 -1.030519e-01 1.663593e-01 -2.454390e-01
VARIABLES = "X", "Y", "ro", "u", "v", "pre", "Ma", "PART", "IMEX", "Ux", "Uy", "Vx", "Vy", "Vort" 
ZONE I=2, J=2, DATAPACKING=POINT
3.646447e+00 -8.629373e-01 9.936818e-01 1.009111e+00 1.042829e+00 9.904082e-01 1.228459e+00 2 0 -1.151927e-01 4.366330e-02 -1.160863e-01 4.769284e-02 -1.597496e-01
4.000000e+00 2.679490e-08 1.001548e+00 1.010688e+00 1.025460e+00 1.000918e+00 1.217245e+00 2 0 -8.969367e-02 4.417654e-02 -1.757089e-01 4.003141e-02 -2.198854e-01
2.646447e+00 -5.630719e-01 1.003430e+00 1.153082e+00 1.166956e+00 1.009606e+00 1.382265e+00 2 0 -1.562808e-01 2.747792e-02 -1.062986e-01 9.226678e-02 -1.337765e-01
3.000000e+00 3.535534e-01 1.009130e+00 1.093604e+00 1.249855e+00 1.015398e+00 1.399255e+00 2 0 -8.336771e-02 -5.294740e-02 -2.207592e-01 2.329744e-01 -1.678118e-01
VARIABLES = "X", "Y", "ro", "u", "v", "pre", "Ma", "PART", "IMEX", "Ux", "Uy", "Vx", "Vy", "Vort" 
ZONE I=2, J=2, DATAPACKING=POINT
5.000000e+00 -8.353553e+00 1.000003e+00 1.000004e+00 1.000003e+00 1.000004e+00 1.195232e+00 2 0 8.057316e-07 1.153649e-05 -4.703829e-06 1.069315e-05 -1.624032e-05
5.353553e+00 -7.436928e+00 9.999948e-01 9.999940e-01 9.999954e-01 9.999927e-01 1.195224e+00 2 0 -9.197421e-06 -4.274844e-05 2.464887e-06 -3.512520e-05 4.521332e-05
4.000000e+00 -8.000000e+00 1.000007e+00 1.000004e+00 1.000009e+00 1.000010e+00 1.195235e+00 2 0 5.168667e-06 9.122052e-06 1.888262e-06 2.601247e-05 -7.233790e-06
4.353553e+00 -7.137063e+00 9.999891e-01 9.999938e-01 9.999852e-01 9.999845e-01 1.195219e+00 2 0 -1.648908e-05 -4.148919e-05 -2.314078e-05 -1.019939e-04 1.834841e-05
VARIABLES = "X", "Y", "ro", "u", "v", "pre", "Ma", "PART", "IMEX", "Ux", "Uy", "Vx", "Vy", "Vort" 
ZONE I=2, J=2, DATAPACKING=POINT
5.353553e+00 -7.436928e+00 9.999819e-01 9.999792e-01 9.999846e-01 9.999748e-01 1.195211e+00 2 0 -2.033455e-06 -4.651082e-05 3.356406e-05 -3.053002e-05 8.007488e-05
5.500000e+00 -6.461940e+00 1.000027e+00 1.000031e+00 1.000021e+00 1.000037e+00 1.195254e+00 2 0 4.207101e-05 2.020982e-04 -2.209978e-05 1.347399e-04 -2.241980e-04
4.353553e+00 -7.137063e+00 9.999666e-01 9.999794e-01 9.999530e-01 9.999524e-01 1.195197e+00 2 0 -2.527471e-05 -4.771564e-05 2.817570e-06 -7.886580e-05 5.053321e-05
4.500000e+00 -6.191342e+00 1.000043e+00 1.000030e+00 1.000064e+00 1.000062e+00 1.195274e+00 2 0 7.553581e-05 2.081631e-04 7.951752e-05 3.955114e-04 -1.286456e-04
VARIABLES = "X", "Y", "ro", "u", "v", "pre", "Ma", "PART", "IMEX", "Ux", "Uy", "Vx", "Vy", "Vort" 
ZONE I=2, J=2, DATAPACKING=POINT
5.500000e+00 -6.461940e+00 1.000084e+00 1.000099e+00 1.000062e+00 1.000117e+00 1.195305e+00 2 0 7.580465e-06 1.428563e-04 -1.592587e-04 1.458926e-05 -3.021150e-04
5.353553e+00 -5.436928e+00 9.998929e-01 9.998658e-01 9.999329e-01 9.998507e-01 1.195133e+00 2 0 -1.711573e-04 -7.942640e-04 1.232293e-04 -3.172358e-04 9.174933e-04
4.500000e+00 -6.191342e+00 1.000124e+00 1.000102e+00 1.000185e+00 1.000178e+00 1.195367e+00 2 0 1.233265e-04 2.372194e-04 -2.766692e-05 1.697079e-04 -2.648863e-04
4.353553e+00 -5.137063e+00 9.998569e-01 9.998489e-01 9.997770e-01 9.997920e-01 1.195044e+00 2 0 -3.497614e-04 -1.008333e-03 -2.549517e-04 -1.202746e-03 7.533818e-04
VARIABLES = "X", "Y", "ro", "u", "v", "pre", "Ma", "PART", "IMEX", "Ux", "Uy", "Vx", "Vy", "Vort" 
ZONE I=2, J=2, DATAPACKING=POINT
5.353553e+00 -5.436928e+00 9.996956e-01 9.996223e-01 9.998459e-01 9.995757e-01 1.194982e+00 2 0 1.349173e-04 -2.078494e-04 6.085049e-04 2.353538e-04 8.163543e-04
5.000000e+00 -4.353553e+00 1.000322e+00 1.000434e+00 1.000066e+00 1.000449e+00 1.195452e+00 2 0 2.909565e-04 2.196945e-03 -5.599112e-04 1.116690e-04 -2.756856e-03
4.353553e+00 -5.137063e+00 9.995910e-01 9.995051e-01 9.994266e-01 9.994057e-01 1.194701e+00 2 0 -3.648537e-04 -8.015771e-04 2.565618e-04 -6.616258e-05 1.058139e-03
4.000000e+00 -4.000000e+00 1.000453e+00 1.000757e+00 1.000533e+00 1.000657e+00 1.195877e+00 2 0 1.348425e-03 4.237580e-03 4.793727e-04 2.457299e-03 -3.758208e-03
VARIABLES = "X", "Y", "ro", "u", "v", "pre", "Ma", "PART", "IMEX", "Ux", "Uy", "Vx", "Vy", "Vort" 
ZONE I=2, J=2, DATAPACKING=POINT
5.000000e+00 -4.353553e+00 1.000829e+00 1.001042e+00 1.000071e+00 1.001156e+00 1.195698e+00 2 0 -1.496300e-03 -2.238841e-04 -1.326934e-03 -3.868433e-04 -1.103050e-03
4.646447e+00 -3.243092e+00 9.993706e-01 9.992208e-01 1.000405e+00 9.991219e-01 1.195154e+00 2 0 1.015919e-03 -3.483847e-03 9.048523e-04 1.140552e-03 4.388700e-03
4.000000e+00 -4.000000e+00 1.001311e+00 1.002126e+00 1.001113e+00 1.001889e+00 1.196819e+00 2 0 -5.451541e-06 1.530130e-03 -1.554153e-03 -1.491784e-03 -3.084284e-03
3.646447e+00 -2.862937e+00 9.986676e-01 9.973288e-01 9.998961e-01 9.981020e-01 1.193909e+00 2 0 -3.526222e-03 -1.332191e-02 9.184010e-04 6.339839e-04 1.424031e-02
VARIABLES = "X", "Y", "ro", "u", "v", "pre", "Ma", "PART", "IMEX", "Ux", "Uy", "Vx", "Vy", "Vort" 
ZONE I=2, J=2, DATAPACKING=POINT
4.646447e+00 -3.243092e+00 9.986221e-01 9.983263e-01 1.000713e+00 9.980764e-01 1.194982e+00 2 0 6.085149e-03 8.305773e-05 -2.546658e-04 -4.724813e-04 -3.377235e-04
4.500000e+00 -2.191342e+00 1.000288e+00 9.998321e-01 9.988789e-01 1.000394e+00 1.194395e+00 2 0 -7.570860e-03 2.212734e-03 -1.501573e-03 -3.685019e-03 -3.714306e-03
3.646447e+00 -2.862937e+00 9.954868e-01 9.934660e-01 1.001002e+00 9.935756e-01 1.193077e+00 2 0 5.238547e-03 4.299743e-03 2.104683e-03 7.347835e-03 -2.195059e-03
3.500000e+00 -1.808658e+00 1.002986e+00 1.008027e+00 1.000143e+00 1.004308e+00 1.199330e+00 2 0 3.782060e-04 2.318778e-02 -8.501161e-03 -1.448725e-02 -3.168895e-02
VARIABLES = "X", "Y", "ro", "u", "v", "pre", "Ma", "PART", "IMEX", "Ux", "Uy", "Vx", "Vy", "Vort" 
ZONE I=2, J=2, DATAPACKING=POINT
4.500000e+00 -2.191342e+00 1.000893e+00 1.000352e+00 9.981205e-01 1.001241e+00 1.194109e+00 2 0 -1.099735e-02 4.739979e-03 5.954563e-03 -2.094432e-03 1.214584e-03
4.646447e+00 -1.243092e+00 1.002624e+00 1.002655e+00 9.986341e-01 1.003569e+00 1.195438e+00 2 0 -9.430823e-03 4.309884e-03 -1.905193e-02 4.514636e-03 -2.336182e-02
3.500000e+00 -1.808658e+00 1.007372e+00 1.011082e+00 9.941306e-01 1.010604e+00 1.196469e+00 2 0 -4.601346e-03 1.005504e-02 5.902611e-03 1.379645e-02 -4.152431e-03
3.646447e+00 -8.629373e-01 9.973380e-01 1.012118e+00 1.026971e+00 9.957844e-01 1.219572e+00 2 0 -8.253128e-03 -4.540835e-03 -2.186653e-02 5.945910e-02 -1.732569e-02
VARIABLES = "X", "Y", "ro", "u", "v", "pre", "Ma", "PART", "IMEX", "Ux", "Uy", "Vx", "Vy", "Vort" 
ZONE I=2, J=2, DATAPACKING=POINT
4.646447e+00 -1.243092e+00 1.002824e+00 1.003117e+00 9.987461e-01 1.003868e+00 1.195722e+00 2 0 -8.323319e-03 1.060183e-03 -2.288126e-02 1.252114e-02 -2.394145e-02
5.000000e+00 -3.535534e-01 9.987247e-01 9.995622e-01 1.002007e+00 9.982112e-01 1.196475e+00 2 0 4.401827e-03 -7.761513e-03 -1.358117e-02 9.689732e-03 -5.819657e-03
3.646447e+00 -8.629373e-01 9.932701e-01 1.010371e+00 1.033832e+00 9.898849e-01 1.223813e+00 2 0 -8.469986e-03 -1.007594e-02 -4.422942e-02 2.217216e-02 -3.415349e-02
4.000000e+00 2.679490e-08 1.000517e+00 1.002285e+00 1.021239e+00 9.995714e-01 1.209912e+00 2 0 -1.997371e-02 1.066148e-03 -3.207771e-02 -1.478746e-02 -3.314386e-02
VARIABLES = "X", "Y", "ro", "u", "v", "pre", "Ma", "PART", "IMEX", "Ux", "Uy", "Vx", "Vy", "Vort" 
ZONE I=2, J=2, DATAPACKING=POINT
6.000000e+00 -8.500000e+00 1.000000e+00 1.000000e+00 9.999999e-01 1.000000e+00 1.195229e+00 2 0 -2.203683e-06 1.932604e-06 -1.439674e-06 2.263392e-07 -3.372278e-06
6.353553e+00 -7.480847e+00 9.999995e-01 9.999993e-01 1.000000e+00 9.999993e-01 1.195228e+00 2 0 3.601906e-06 -5.883624e-06 2.667004e-06 3.537806e-07 8.550628e-06
5.000000e+00 -8.353553e+00 1.000003e+00 1.000003e+00 1.000002e+00 1.000004e+00 1.195231e+00 2 0 -3.570362e-06 1.195296e-05 -3.113598e-06 7.848199e-06 -1.506656e-05
5.353553e+00 -7.436928e+00 9.999949e-01 9.999951e-01 9.999966e-01 9.999929e-01 1.195225e+00 2 0 3.981498e-06 -4.184783e-05 4.578454e-06 -2.748205e-05 4.642628e-05
VARIABLES = "X", "Y", "ro", "u", "v", "pre", "Ma", "PART", "IMEX", "Ux", "Uy", "Vx", "Vy", "Vort" 
ZONE I=2, J=2, DATAPACKING=POINT
6.353553e+00 -7.480847e+00 9.999982e-01 9.999976e-01 1.000001e+00 9.999975e-01 1.195228e+00 2 0 1.534156e-05 -7.888442e-06 8.381016e-06 -2.216113e-06 1.626946e-05
6.500000e+00 -6.461940e+00 1.000004e+00 1.000004e+00 9.999982e-01 1.000005e+00 1.195229e+00 2 0 -2.347518e-05 2.872423e-05 -1.076369e-05 -2.483245e-06 -3.948793e-05
5.353553e+00 -7.436928e+00 9.999826e-01 9.999818e-01 9.999885e-01 9.999758e-01 1.195215e+00 2 0 2.071259e-05 -4.976711e-05 2.026470e-05 -2.517329e-05 7.003181e-05
5.500000e+00 -6.461940e+00 1.000027e+00 1.000028e+00 1.000015e+00 1.000037e+00 1.195248e+00 2 0 -2.821308e-05 1.989238e-04 -2.926067e-05 1.058986e-04 -2.281844e-04
VARIABLES = "X", "Y", "ro", "u", "v", "pre", "Ma", "PART", "IMEX", "Ux", "Uy", "Vx", "Vy", "Vort" 
ZONE I=2, J=2, DATAPACKING=POINT
6.500000e+00 -6.461940e+00 1.000010e+00 1.000013e+00 9.999976e-01 1.000014e+00 1.195233e+00 2 0 -8.399244e-05 -2.124821e-08 -3.434877e-05 5.839239e-07 -3.432752e-05
6.353553e+00 -5.480847e+00 9.999837e-01 9.999812e-01 1.000008e+00 9.999773e-01 1.195226e+00 2 0 1.088346e-04 -7.905216e-05 2.689943e-05 2.187765e-05 1.059516e-04
5.500000e+00 -6.461940e+00 1.000081e+00 1.000093e+00 1.000047e+00 1.000112e+00 1.195294e+00 2 0 -7.699938e-05 1.334256e-04 -7.563761e-05 2.961389e-05 -2.090632e-04
5.353553e+00 -5.436928e+00 9.998909e-01 9.998750e-01 9.999553e-01 9.998483e-01 1.195153e+00 2 0 8.820385e-05 -7.264476e-04 8.945166e-05 -2.441597e-04 8.158993e-04
VARIABLES = "X", "Y", "ro", "u", "v", "pre", "Ma", "PART", "IMEX", "Ux", "Uy", "Vx", "Vy", "Vort" 
ZONE I=2, J=2, DATAPACKING=POINT
6.353553e+00 -5.480847e+00 9.999661e-01 9.999547e-01 1.000011e+00 9.999528e-01 1.195216e+00 2 0 3.486101e-04 1.395813e-04 7.835511e-05 1.174225e-05 -6.122622e-05
6.000000e+00 -4.500000e+00 1.000034e+00 1.000040e+00 9.999692e-01 1.000047e+00 1.195226e+00 2 0 -3.690709e-04 2.232264e-05 2.661747e-05 -7.581002e-05 4.294832e-06
5.353553e+00 -5.436928e+00 9.997112e-01 9.996381e-01 9.998857e-01 9.995983e-01 1.195012e+00 2 0 2.684988e-04 -1.382555e-04 2.130186e-04 7.927369e-05 3.512741e-04
5.000000e+00 -4.353553e+00 1.000314e+00 1.000402e+00 1.000015e+00 1.000437e+00 1.195404e+00 2 0 -1.519567e-04 1.901447e-03 -1.517399e-04 9.657740e-05 -2.053187e-03
VARIABLES = "X", "Y", "ro", "u", "v", "pre", "Ma", "PART", "IMEX", "Ux", "Uy", "Vx", "Vy", "Vort" 
ZONE I=2, J=2, DATAPACKING=POINT
6.000000e+00 -4.500000e+00 1.000048e+00 1.000061e+00 9.999510e-01 1.000065e+00 1.195225e+00 2 0 -9.618298e-04 -3.718559e-04 9.958782e-05 1.130233e-04 4.714437e-04
5.646447e+00 -3.480847e+00 1.000049e+00 1.000070e+00 1.000059e+00 1.000069e+00 1.195294e+00 2 0 6.452566e-04 3.934610e-04 -5.082039e-04 -7.229734e-05 -9.016650e-04
5.000000e+00 -4.353553e+00 1.000756e+00 1.000954e+00 9.999937e-01 1.001050e+00 1.195619e+00 2 0 -9.893193e-04 -1.611330e-04 -2.344663e-04 3.430977e-05 -7.333323e-05
4.646447e+00 -3.243092e+00 9.994708e-01 9.993758e-01 1.000432e+00 9.992664e-01 1.195236e+00 2 0 3.221337e-04 -3.030004e-03 -6.557711e-05 9.060894e-04 2.964427e-03
VARIABLES = "X", "Y", "ro", "u", "v", "pre", "Ma", "PART", "IMEX", "Ux", "Uy", "Vx", "Vy", "Vort" 
ZONE I=2, J=2, DATAPACKING=POINT
5.646447e+00 -3.480847e+00 1.000119e+00 1.000160e+00 1.000048e+00 1.000169e+00 1.195323e+00 2 0 1.105286e-03 1.362246e-05 -7.943833e-04 -1.655603e-04 -8.080058e-04
5.500000e+00 -2.461940e+00 9.996849e-01 9.996693e-01 1.000198e+00 9.995576e-01 1.195226e+00 2 0 2.212277e-04 -8.582023e-04 1.104638e-03 6.742930e-04 1.962840e-03
4.646447e+00 -3.243092e+00 9.989036e-01 9.987118e-01 1.000716e+00 9.984841e-01 1.195138e+00 2 0 2.125126e-03 -2.817924e-04 -8.222789e-04 -8.672532e-04 -5.404865e-04
4.500000e+00 -2.191342e+00 9.999636e-01 9.995904e-01 9.990920e-01 9.999218e-01 1.194466e+00 2 0 -6.299123e-06 1.768674e-03 9.312893e-04 -2.190424e-03 -8.373851e-04
VARIABLES = "X", "Y", "ro", "u", "v", "pre", "Ma", "PART", "IMEX", "Ux", "Uy", "Vx", "Vy", "Vort" 
ZONE I=2, J=2, DATAPACKING=POINT
5.500000e+00 -2.461940e+00 9.994946e-01 9.995067e-01 1.000380e+00 9.992882e-01 1.195284e+00 2 0 5.296065e-04 -1.786297e-04 7.125976e-04 -3.500252e-05 8.912273e-04
5.646447e+00 -1.480847e+00 9.998042e-01 9.997667e-01 9.999882e-01 9.997581e-01 1.195110e+00 2 0 -2.817900e-03 9.119890e-04 2.214608e-03 -1.112852e-03 1.302619e-03
4.500000e+00 -2.191342e+00 1.000107e+00 9.997490e-01 9.988250e-01 1.000105e+00 1.194378e+00 2 0 -7.580745e-04 2.947522e-03 2.695792e-03 -1.230734e-03 -2.517300e-04
4.646447e+00 -1.243092e+00 1.002414e+00 1.002536e+00 9.982682e-01 1.003338e+00 1.195160e+00 2 0 -1.871514e-03 3.951491e-03 5.311992e-04 -1.061672e-03 -3.420292e-03
VARIABLES = "X", "Y", "ro", "u", "v", "pre", "Ma", "PART", "IMEX", "Ux", "Uy", "Vx", "Vy", "Vort" 
ZONE I=2, J=2, DATAPACKING=POINT
5.646447e+00 -1.480847e+00 9.998741e-01 9.997964e-01 9.998922e-01 9.998564e-01 1.195053e+00 2 0 -3.132516e-03 1.716701e-03 2.797059e-03 -1.686480e-03 1.080358e-03
6.000000e+00 -5.000000e-01 1.000514e+00 1.000372e+00 9.994401e-01 1.000746e+00 1.194978e+00 2 0 -9.506347e-04 1.039815e-03 -5.327100e-04 -2.045797e-04 -1.572525e-03
4.646447e+00 -1.243092e+00 1.002921e+00 1.002961e+00 9.979483e-01 1.004067e+00 1.195093e+00 2 0 -3.251942e-03 -7.912281e-05 5.870245e-04 2.026859e-03 6.661473e-04
5.000000e+00 -3.535534e-01 9.995968e-01 1.000400e+00 1.001069e+00 9.995173e-01 1.196154e+00 2 0 1.056468e-03 -4.908474e-03 -2.735312e-03 6.035275e-03 2.173162e-03
VARIABLES = "X", "Y", "ro", "u", "v", "pre", "Ma", "PART", "IMEX", "Ux", "Uy", "Vx", "Vy", "Vort" 
ZONE I=2, J=2, DATAPACKING=POINT
7.000000e+00 -8.353553e+00 1.000000e+00 1.000000e+00 1.000000e+00 9.999999e-01 1.195229e+00 2 0 -5.011502e-09 -2.407846e-07 1.413344e-07 -3.159934e-08 3.821190e-07
7.353553e+00 -7.243092e+00 1.000000e+00 1.000000e+00 1.000000e+00 1.000000e+00 1.195229e+00 2 0 1.435092e-08 6.794796e-07 -4.493413e-07 5.581618e-08 -1.128821e-06
6.000000e+00 -8.500000e+00 1.000000e+00 1.000000e+00 9.999999e-01 1.000000e+00 1.195229e+00 2 0 -7.956136e-07 9.078086e-07 1.195061e-07 -1.822985e-07 -7.883026e-07
6.353553e+00 -7.480847e+00 9.999996e-01 9.999996e-01 1.000000e+00 9.999995e-01 1.195229e+00 2 0 1.766115e-06 -3.230624e-06 -5.348778e-07 1.396055e-06 2.695746e-06
VARIABLES = "X", "Y", "ro", "u", "v", "pre", "Ma", "PART", "IMEX", "Ux", "Uy", "Vx", "Vy", "Vort" 
ZONE I=2, J=2, DATAPACKING=POINT
7.353553e+00 -7.243092e+00 1.000000e+00 1.000000e+00 9.999999e-01 1.000000e+00 1.195229e+00 2 0 8.249820e-08 1.457544e-06 -8.718521e-07 5.702336e-07 -2.329396e-06
7.500000e+00 -6.191342e+00 9.999993e-01 9.999994e-01 1.000000e+00 9.999991e-01 1.195229e+00 2 0 2.602335e-08 -4.876538e-06 2.172758e-06 -4.687209e-07 7.049296e-06
6.353553e+00 -7.480847e+00 9.999990e-01 9.999986e-01 1.000001e+00 9.999986e-01 1.195228e+00 2 0 4.860224e-06 -3.368071e-06 -4.693497e-07 -1.117184e-06 2.898721e-06
6.500000e+00 -6.461940e+00 1.000002e+00 1.000002e+00 9.999982e-01 1.000003e+00 1.195228e+00 2 0 -1.046944e-05 1.527136e-05 3.142127e-06 -4.230308e-06 -1.212923e-05
VARIABLES = "X", "Y", "ro", "u", "v", "pre", "Ma", "PART", "IMEX", "Ux", "Uy", "Vx", "Vy", "Vort" 
ZONE I=2, J=2, DATAPACKING=POINT
7.500000e+00 -6.191342e+00 9.999980e-01 9.999975e-01 1.000000e+00 9.999973e-01 1.195228e+00 2 0 -6.436824e-07 -5.246564e-06 2.996351e-06 -2.716673e-06 8.242915e-06
7.353553e+00 -5.243092e+00 1.000004e+00 1.000004e+00 9.999988e-01 1.000005e+00 1.195229e+00 2 0 -8.538179e-07 2.478532e-05 -5.705439e-06 9.386030e-07 -3.049076e-05
6.500000e+00 -6.461940e+00 1.000005e+00 1.000007e+00 9.999977e-01 1.000007e+00 1.195230e+00 2 0 -2.151389e-05 -7.696845e-07 8.319966e-07 5.608651e-06 1.601681e-06
6.353553e+00 -5.480847e+00 9.999912e-01 9.999889e-01 1.000006e+00 9.999876e-01 1.195228e+00 2 0 4.118785e-05 -4.028581e-05 -1.347183e-05 1.151052e-05 2.681398e-05
VARIABLES = "X", "Y", "ro", "u", "v", "pre", "Ma", "PART", "IMEX", "Ux", "Uy", "Vx", "Vy", "Vort" 
ZONE I=2, J=2, DATAPACKING=POINT
7.353553e+00 -5.243092e+00 1.000008e+00 1.000012e+00 1.000000e+00 1.000012e+00 1.195234e+00 2 0 6.354812e-07 4.000549e-06 -6.648794e-06 8.040956e-06 -1.064934e-05
7.000000e+00 -4.353553e+00 9.999873e-01 9.999853e-01 1.000006e+00 9.999825e-01 1.195226e+00 2 0 1.065614e-05 -6.689179e-05 2.680857e-06 3.257947e-06 6.957264e-05
6.353553e+00 -5.480847e+00 9.999853e-01 9.999775e-01 1.000008e+00 9.999794e-01 1.195224e+00 2 0 7.185836e-05 5.285055e-05 -9.526751e-06 -1.402939e-05 -6.237730e-05
6.000000e+00 -4.500000e+00 1.000011e+00 1.000018e+00 9.999826e-01 1.000016e+00 1.195226e+00 2 0 -8.301170e-05 6.084280e-06 5.708550e-05 -3.109925e-05 5.100122e-05
VARIABLES = "X", "Y", "ro", "u", "v", "pre", "Ma", "PART", "IMEX", "Ux", "Uy", "Vx", "Vy", "Vort" 
ZONE I=2, J=2, DATAPACKING=POINT
7.000000e+00 -4.353553e+00 9.999785e-01 9.999711e-01 1.000004e+00 9.999705e-01 1.195219e+00 2 0 3.907731e-05 2.855553e-05 8.303601e-06 -2.378533e-05 -2.025193e-05
6.646447e+00 -3.436928e+00 1.000013e+00 1.000015e+00 9.999857e-01 1.000018e+00 1.195226e+00 2 0 -1.081187e-04 2.444385e-05 3.539372e-05 2.364577e-06 1.094986e-05
6.000000e+00 -4.500000e+00 1.000005e+00 1.000010e+00 9.999712e-01 1.000007e+00 1.195216e+00 2 0 -1.481596e-04 -9.185457e-05 6.910360e-05 5.289362e-05 1.609582e-04
5.646447e+00 -3.480847e+00 1.000074e+00 1.000083e+00 1.000016e+00 1.000103e+00 1.195271e+00 2 0 -4.512318e-05 2.624964e-04 -1.259490e-04 -3.048430e-06 -3.884454e-04
VARIABLES = "X", "Y", "ro", "u", "v", "pre", "Ma", "PART", "IMEX", "Ux", "Uy", "Vx", "Vy", "Vort" 
ZONE I=2, J=2, DATAPACKING=POINT
6.646447e+00 -3.436928e+00 1.000015e+00 1.000016e+00 9.999900e-01 1.000020e+00 1.195229e+00 2 0 -2.309719e-04 -6.143447e-05 3.381554e-05 3.392096e-05 9.525001e-05
6.500000e+00 -2.461940e+00 1.000027e+00 1.000023e+00 9.999846e-01 1.000038e+00 1.195226e+00 2 0 2.491770e-04 1.167008e-04 -2.886559e-04 -1.053654e-04 -4.053567e-04
5.646447e+00 -3.480847e+00 1.000137e+00 1.000184e+00 1.000009e+00 1.000191e+00 1.195312e+00 2 0 -9.016156e-05 -1.573853e-04 -1.108946e-04 8.598349e-05 4.649073e-05
5.500000e+00 -2.461940e+00 9.997414e-01 9.997301e-01 1.000217e+00 9.996425e-01 1.195256e+00 2 0 4.087774e-04 -6.935431e-04 -1.780319e-04 3.624523e-04 5.155112e-04
VARIABLES = "X", "Y", "ro", "u", "v", "pre", "Ma", "PART", "IMEX", "Ux", "Uy", "Vx", "Vy", "Vort" 
ZONE I=2, J=2, DATAPACKING=POINT
6.500000e+00 -2.461940e+00 1.000054e+00 1.000058e+00 9.999592e-01 1.000077e+00 1.195225e+00 2 0 3.219352e-04 -1.389478e-04 -2.844567e-04 8.380776e-05 -1.455090e-04
6.646447e+00 -1.436928e+00 9.998729e-01 9.998635e-01 1.000074e+00 9.998143e-01 1.195226e+00 2 0 6.460298e-04 -3.723551e-04 -4.286418e-04 2.372734e-04 -5.628677e-05
5.500000e+00 -2.461940e+00 9.996386e-01 9.996243e-01 1.000306e+00 9.994998e-01 1.195270e+00 2 0 6.662693e-04 -3.265886e-04 -4.917463e-04 1.797441e-04 -1.651577e-04
5.646447e+00 -1.480847e+00 9.995970e-01 9.995762e-01 1.000191e+00 9.994553e-01 1.195174e+00 2 0 -1.739040e-04 9.278835e-06 3.563137e-04 -3.449863e-04 3.470349e-04
VARIABLES = "X", "Y", "ro", "u", "v", "pre", "Ma", "PART", "IMEX", "Ux", "Uy", "Vx", "Vy", "Vort" 
ZONE I=2, J=2, DATAPACKING=POINT
6.646447e+00 -1.436928e+00 9.998442e-01 9.998356e-01 1.000093e+00 9.997733e-01 1.195229e+00 2 0 7.361588e-04 -2.514287e-04 -4.070834e-04 1.789296e-04 -1.556546e-04
7.000000e+00 -3.535534e-01 9.998875e-01 9.998973e-01 1.000088e+00 9.998347e-01 1.195251e+00 2 0 -1.819026e-04 1.557684e-04 4.203859e-04 -1.718963e-04 2.646174e-04
5.646447e+00 -1.480847e+00 9.995988e-01 9.995391e-01 1.000151e+00 9.994561e-01 1.195129e+00 2 0 -3.448700e-04 6.469020e-04 5.566265e-04 -8.659568e-04 -9.027550e-05
6.000000e+00 -5.000000e-01 1.000347e+00 1.000217e+00 9.995720e-01 1.000487e+00 1.195019e+00 2 0 -8.130795e-04 1.208581e-03 9.136274e-04 -8.873743e-04 -2.949536e-04
VARIABLES = "X", "Y", "ro", "u", "v", "pre", "Ma", "PART", "IMEX", "Ux", "Uy", "Vx", "Vy", "Vort" 
ZONE I=2, J=2, DATAPACKING=POINT
8.000000e+00 -8.000000e+00 1.000000e+00 1.000000e+00 1.000000e+00 1.000000e+00 1.195229e+00 2 0 8.237714e-09 4.667042e-08 4.350079e-10 -2.271866e-08 -4.623541e-08
8.353553e+00 -6.862937e+00 1.000000e+00 1.000000e+00 1.000000e+00 1.000000e+00 1.195229e+00 2 0 -1.812221e-08 -7.533692e-08 5.734494e-08 1.614216e-08 1.326819e-07
7.000000e+00 -8.353553e+00 1.000000e+00 1.000000e+00 1.000000e+00 1.000000e+00 1.195229e+00 2 0 1.211401e-07 -1.805254e-07 2.476487e-09 -1.542989e-08 1.830019e-07
7.353553e+00 -7.243092e+00 1.000000e+00 1.000000e+00 1.000000e+00 1.000000e+00 1.195229e+00 2 0 -2.761363e-07 5.386139e-07 4.979235e-08 -1.049891e-07 -4.888216e-07
VARIABLES = "X", "Y", "ro", "u", "v", "pre", "Ma", "PART", "IMEX", "Ux", "Uy", "Vx", "Vy", "Vort" 
ZONE I=2, J=2, DATAPACKING=POINT
8.353553e+00 -6.862937e+00 1.000000e+00 1.000000e+00 1.000000e+00 9.999999e-01 1.195229e+00 2 0 -5.119758e-08 -2.672225e-07 9.600542e-08 -6.632266e-08 3.632279e-07
8.500000e+00 -5.808658e+00 1.000000e+00 1.000000e+00 1.000000e+00 1.000000e+00 1.195229e+00 2 0 1.365519e-07 6.855115e-07 -3.380833e-07 2.899035e-08 -1.023595e-06
7.353553e+00 -7.243092e+00 1.000000e+00 1.000000e+00 9.999999e-01 1.000000e+00 1.195229e+00 2 0 -8.787540e-07 8.958931e-07 -1.221878e-07 5.147624e-07 -1.018081e-06
7.500000e+00 -6.191342e+00 9.999995e-01 9.999995e-01 1.000000e+00 9.999993e-01 1.195229e+00 2 0 2.081270e-06 -3.358879e-06 -2.173572e-07 -7.342786e-08 3.141522e-06
VARIABLES = "X", "Y", "ro", "u", "v", "pre", "Ma", "PART", "IMEX", "Ux", "Uy", "Vx", "Vy", "Vort" 
ZONE I=2, J=2, DATAPACKING=POINT
8.500000e+00 -5.808658e+00 1.000000e+00 1.000000e+00 1.000000e+00 1.000000e+00 1.195229e+00 2 0 4.228409e-07 1.184063e-06 -3.338055e-07 6.205562e-07 -1.517868e-06
8.353553e+00 -4.862937e+00 9.999994e-01 9.999995e-01 1.000000e+00 9.999992e-01 1.195229e+00 2 0 -7.485837e-07 -4.238758e-06 1.042223e-06 -4.221051e-07 5.280980e-06
7.500000e+00 -6.191342e+00 9.999988e-01 9.999984e-01 1.000000e+00 9.999983e-01 1.195228e+00 2 0 4.365584e-06 -1.270209e-06 1.122701e-06 -2.812967e-06 2.392911e-06
7.353553e+00 -5.243092e+00 1.000003e+00 1.000003e+00 9.999990e-01 1.000004e+00 1.195229e+00 2 0 -1.064682e-05 1.322911e-05 8.920099e-07 2.033254e-06 -1.233710e-05
VARIABLES = "X", "Y", "ro", "u", "v", "pre", "Ma", "PART", "IMEX", "Ux", "Uy", "Vx", "Vy", "Vort" 
ZONE I=2, J=2, DATAPACKING=POINT
8.353553e+00 -4.862937e+00 9.999986e-01 9.999981e-01 9.999998e-01 9.999981e-01 1.195228e+00 2 0 -2.420727e-06 -2.588603e-06 4.436044e-07 -2.948227e-06 3.032207e-06
8.000000e+00 -4.000000e+00 1.000002e+00 1.000003e+00 9.999990e-01 1.000003e+00 1.195229e+00 2 0 1.653432e-06 1.518536e-05 -8.234640e-07 1.881404e-06 -1.600883e-05
7.353553e+00 -5.243092e+00 1.000005e+00 1.000007e+00 1.000000e+00 1.000007e+00 1.195232e+00 2 0 -1.467357e-05 -9.524058e-06 -2.625705e-06 6.656123e-06 6.898353e-06
7.000000e+00 -4.353553e+00 9.999923e-01 9.999898e-01 1.000003e+00 9.999892e-01 1.195226e+00 2 0 3.139794e-05 -2.473832e-05 -8.142532e-06 -4.934350e-06 1.659579e-05
VARIABLES = "X", "Y", "ro", "u", "v", "pre", "Ma", "PART", "IMEX", "Ux", "Uy", "Vx", "Vy", "Vort" 
ZONE I=2, J=2, DATAPACKING=POINT
8.000000e+00 -4.000000e+00 1.000004e+00 1.000006e+00 1.000000e+00 1.000006e+00 1.195231e+00 2 0 4.586606e-06 -1.526586e-06 -3.591544e-07 7.076231e-06 1.167432e-06
7.646447e+00 -3.137063e+00 9.999951e-01 9.999941e-01 1.000002e+00 9.999933e-01 1.195227e+00 2 0 1.438768e-05 -1.705027e-05 -3.438303e-06 -6.555167e-06 1.361197e-05
7.000000e+00 -4.353553e+00 9.999886e-01 9.999840e-01 1.000002e+00 9.999842e-01 1.195223e+00 2 0 3.924655e-05 3.120495e-05 -2.745951e-06 -1.257773e-05 -3.395090e-05
6.646447e+00 -3.436928e+00 1.000001e+00 1.000003e+00 9.999948e-01 1.000002e+00 1.195227e+00 2 0 -3.460248e-05 -1.807032e-06 2.462761e-05 5.702648e-06 2.643465e-05
VARIABLES = "X", "Y", "ro", "u", "v", "pre", "Ma", "PART", "IMEX", "Ux", "Uy", "Vx", "Vy", "Vort" 
ZONE I=2, J=2, DATAPACKING=POINT
7.646447e+00 -3.137063e+00 9.999933e-01 9.999919e-01 9.999993e-01 9.999909e-01 1.195225e+00 2 0 1.950955e-05 2.121021e-05 -5.117132e-07 -7.275521e-06 -2.172193e-05
7.500000e+00 -2.191342e+00 1.000005e+00 1.000008e+00 9.999988e-01 1.000007e+00 1.195232e+00 2 0 -4.417710e-05 1.890110e-06 5.917837e-05 1.417861e-05 5.728826e-05
6.646447e+00 -3.436928e+00 9.999998e-01 9.999960e-01 9.999957e-01 9.999997e-01 1.195224e+00 2 0 -4.540019e-05 -1.078154e-05 1.990761e-05 -1.491462e-05 3.068915e-05
6.500000e+00 -2.461940e+00 1.000034e+00 1.000033e+00 9.999658e-01 1.000047e+00 1.195220e+00 2 0 -2.577679e-05 9.513450e-05 4.562115e-06 -5.300421e-05 -9.057239e-05
VARIABLES = "X", "Y", "ro", "u", "v", "pre", "Ma", "PART", "IMEX", "Ux", "Uy", "Vx", "Vy", "Vort" 
ZONE I=2, J=2, DATAPACKING=POINT
7.500000e+00 -2.191342e+00 1.000004e+00 1.000003e+00 1.000000e+00 1.000005e+00 1.195230e+00 2 0 -7.380281e-05 4.477135e-05 6.548505e-05 -3.081959e-05 2.071370e-05
7.646447e+00 -1.137063e+00 1.000051e+00 1.000055e+00 9.999766e-01 1.000073e+00 1.195235e+00 2 0 -2.104081e-05 6.784681e-05 3.890669e-05 -2.538317e-05 -2.894012e-05
6.500000e+00 -2.461940e+00 1.000052e+00 1.000059e+00 9.999550e-01 1.000072e+00 1.195225e+00 2 0 -3.968945e-05 -4.393311e-05 2.822365e-05 1.921803e-05 7.215676e-05
6.646447e+00 -1.436928e+00 9.999527e-01 9.999444e-01 1.000020e+00 9.999283e-01 1.195222e+00 2 0 3.518951e-04 -2.096474e-04 -2.049603e-04 1.414409e-04 4.687127e-06
VARIABLES = "X", "Y", "ro", "u", "v", "pre", "Ma", "PART", "IMEX", "Ux", "Uy", "Vx", "Vy", "Vort" 
ZONE I=2, J=2, DATAPACKING=POINT
7.646447e+00 -1.137063e+00 1.000053e+00 1.000061e+00 9.999787e-01 1.000077e+00 1.195238e+00 2 0 4.452493e-06 -3.266417e-05 -4.284943e-07 1.863601e-05 3.223567e-05
8.000000e+00 -5.358979e-08 1.000010e+00 1.000010e+00 9.999946e-01 1.000016e+00 1.195228e+00 2 0 1.431505e-04 -9.950085e-05 -1.269883e-04 4.811113e-05 -2.748745e-05
6.646447e+00 -1.436928e+00 9.999336e-01 9.999332e-01 1.000040e+00 9.999016e-01 1.195231e+00 2 0 3.955586e-04 -1.729560e-04 -2.275933e-04 1.679682e-04 -5.463733e-05
7.000000e+00 -3.535534e-01 9.998970e-01 9.999063e-01 1.000088e+00 9.998538e-01 1.195251e+00 2 0 1.365432e-04 -6.170354e-05 -9.640311e-05 3.097976e-05 -3.469957e-05
