VARIABLES = "X", "Y", "ro", "u", "v", "pre", "Ma", "PART", "IMEX", "Ux", "Uy", "Vx", "Vy", "Vort" 
ZONE I=2, J=2, DATAPACKING=POINT
-7.000000e+00 -7.646447e+00 1.000000e+00 1.000000e+00 1.000000e+00 1.000000e+00 1.195229e+00 1 0 0.000000e+00 0.000000e+00 0.000000e+00 0.000000e+00 0.000000e+00
-6.646447e+00 -6.563072e+00 1.000000e+00 1.000000e+00 1.000000e+00 1.000000e+00 1.195229e+00 1 0 0.000000e+00 0.000000e+00 0.000000e+00 0.000000e+00 0.000000e+00
-8.000000e+00 -8.000000e+00 1.000000e+00 1.000000e+00 1.000000e+00 1.000000e+00 1.195229e+00 1 0 0.000000e+00 0.000000e+00 0.000000e+00 0.000000e+00 0.000000e+00
-7.646447e+00 -6.862937e+00 1.000000e+00 1.000000e+00 1.000000e+00 1.000000e+00 1.195229e+00 1 0 0.000000e+00 0.000000e+00 0.000000e+00 0.000000e+00 0.000000e+00
VARIABLES = "X", "Y", "ro", "u", "v", "pre", "Ma", "PART", "IMEX", "Ux", "Uy", "Vx", "Vy", "Vort" 
ZONE I=2, J=2, DATAPACKING=POINT
-6.646447e+00 -6.563072e+00 1.000000e+00 1.000000e+00 1.000000e+00 1.000000e+00 1.195229e+00 1 0 -3.393317e-16 1.131614e-15 3.732649e-16 -1.244775e-15 -7.583486e-16
-6.500000e+00 -5.538060e+00 1.000000e+00 1.000000e+00 1.000000e+00 1.000000e+00 1.195229e+00 1 0 8.499913e-16 9.616913e-16 -9.349904e-16 -1.057860e-15 -1.896682e-15
-7.646447e+00 -6.862937e+00 1.000000e+00 1.000000e+00 1.000000e+00 1.000000e+00 1.195229e+00 1 0 0.000000e+00 0.000000e+00 0.000000e+00 0.000000e+00 0.000000e+00
-7.500000e+00 -5.808658e+00 1.000000e+00 1.000000e+00 1.000000e+00 1.000000e+00 1.195229e+00 1 0 1.153584e-15 -1.602407e-16 -1.268942e-15 1.762648e-16 -1.108702e-15
VARIABLES = "X", "Y", "ro", "u", "v", "pre", "Ma", "PART", "IMEX", "Ux", "Uy", "Vx", "Vy", "Vort" 
ZONE I=2, J=2, DATAPACKING=POINT
-6.500000e+00 -5.538060e+00 1.000000e+00 1.000000e+00 1.000000e+00 1.000000e+00 1.195229e+00 1 0 -1.089543e-14 4.436711e-14 1.638496e-14 -6.506406e-14 -2.798214e-14
-6.646447e+00 -4.563072e+00 1.000000e+00 1.000000e+00 1.000000e+00 1.000000e+00 1.195229e+00 1 0 3.078189e-14 5.062718e-14 -4.479157e-14 -7.425299e-14 -9.541875e-14
-7.500000e+00 -5.808658e+00 1.000000e+00 1.000000e+00 1.000000e+00 1.000000e+00 1.195229e+00 1 0 1.065573e-15 1.650059e-16 -1.172130e-15 -1.815065e-16 -1.337136e-15
-7.646447e+00 -4.862937e+00 1.000000e+00 1.000000e+00 1.000000e+00 1.000000e+00 1.195229e+00 1 0 4.392365e-14 6.801658e-15 -6.408185e-14 -9.923192e-15 -7.088351e-14
VARIABLES = "X", "Y", "ro", "u", "v", "pre", "Ma", "PART", "IMEX", "Ux", "Uy", "Vx", "Vy", "Vort" 
ZONE I=2, J=2, DATAPACKING=POINT
-6.646447e+00 -4.563072e+00 1.000000e+00 1.000000e+00 1.000000e+00 1.000000e+00 1.195229e+00 1 0 1.307102e-14 1.096899e-13 1.529861e-16 -2.241354e-13 -1.095370e-13
-7.000000e+00 -3.646447e+00 1.000000e+00 1.000000e+00 1.000000e+00 1.000000e+00 1.195229e+00 1 0 9.230072e-14 1.402498e-13 -1.700987e-13 -2.898036e-13 -3.103485e-13
-7.646447e+00 -4.862937e+00 1.000000e+00 1.000000e+00 1.000000e+00 1.000000e+00 1.195229e+00 1 0 4.093416e-14 1.677110e-14 -5.972037e-14 -2.446799e-14 -7.649147e-14
-8.000000e+00 -4.000000e+00 1.000000e+00 1.000000e+00 1.000000e+00 1.000000e+00 1.195229e+00 1 0 1.239341e-13 5.077696e-14 -2.380738e-13 -9.754104e-14 -2.888508e-13
VARIABLES = "X", "Y", "ro", "u", "v", "pre", "Ma", "PART", "IMEX", "Ux", "Uy", "Vx", "Vy", "Vort" 
ZONE I=2, J=2, DATAPACKING=POINT
-7.000000e+00 -3.646447e+00 1.000000e+00 1.000000e+00 1.000000e+00 1.000000e+00 1.195229e+00 1 0 1.227799e-13 5.404169e-14 -1.978121e-13 -2.114184e-13 -2.518538e-13
-7.353553e+00 -2.756908e+00 1.000000e+00 1.000000e+00 1.000000e+00 1.000000e+00 1.195229e+00 1 0 1.308215e-13 5.730208e-14 -2.829141e-13 -2.450892e-13 -3.402162e-13
-8.000000e+00 -4.000000e+00 1.000000e+00 1.000000e+00 1.000000e+00 1.000000e+00 1.195229e+00 1 0 1.239341e-13 5.077696e-14 -2.380341e-13 -9.765341e-14 -2.888110e-13
-8.353553e+00 -3.137063e+00 1.000000e+00 1.000000e+00 1.000000e+00 1.000000e+00 1.195229e+00 1 0 1.160412e-13 4.754314e-14 -3.636430e-13 -1.491166e-13 -4.111862e-13
VARIABLES = "X", "Y", "ro", "u", "v", "pre", "Ma", "PART", "IMEX", "Ux", "Uy", "Vx", "Vy", "Vort" 
ZONE I=2, J=2, DATAPACKING=POINT
-7.353553e+00 -2.756908e+00 1.000000e+00 1.000000e+00 1.000000e+00 1.000000e+00 1.195229e+00 1 0 9.290552e-14 1.574240e-13 -5.986031e-14 -8.309156e-13 -2.172843e-13
-7.500000e+00 -1.808658e+00 1.000000e+00 1.000000e+00 1.000000e+00 1.000000e+00 1.195229e+00 1 0 3.644854e-13 1.994259e-13 -2.947559e-13 -8.669867e-13 -4.941818e-13
-8.353553e+00 -3.137063e+00 1.000000e+00 1.000000e+00 1.000000e+00 1.000000e+00 1.195229e+00 1 0 1.266588e-13 1.961335e-14 -3.969201e-13 -6.158118e-14 -4.165334e-13
-8.500000e+00 -2.191342e+00 1.000000e+00 1.000000e+00 1.000000e+00 1.000000e+00 1.195229e+00 1 0 -3.374923e-14 -5.226129e-15 -2.132133e-12 -3.302821e-13 -2.126907e-12
VARIABLES = "X", "Y", "ro", "u", "v", "pre", "Ma", "PART", "IMEX", "Ux", "Uy", "Vx", "Vy", "Vort" 
ZONE I=2, J=2, DATAPACKING=POINT
-7.500000e+00 -1.808658e+00 1.000000e+00 1.000000e+00 1.000000e+00 1.000000e+00 1.195229e+00 1 0 5.595813e-14 1.007747e-12 3.932869e-12 -1.190711e-11 2.925122e-12
-7.353553e+00 -7.569078e-01 1.000000e+00 1.000000e+00 1.000000e+00 1.000000e+00 1.195229e+00 1 0 1.183558e-12 8.507386e-13 -8.162664e-12 -1.022273e-11 -9.013403e-12
-8.500000e+00 -2.191342e+00 1.000000e+00 1.000000e+00 1.000000e+00 1.000000e+00 1.195229e+00 1 0 -3.792645e-14 5.689470e-15 -2.383877e-12 3.275565e-13 -2.389567e-12
-8.353553e+00 -1.137063e+00 1.000000e+00 1.000000e+00 1.000000e+00 1.000000e+00 1.195229e+00 1 0 1.093886e-12 -1.515271e-13 -1.608506e-11 2.230746e-12 -1.593354e-11
VARIABLES = "X", "Y", "ro", "u", "v", "pre", "Ma", "PART", "IMEX", "Ux", "Uy", "Vx", "Vy", "Vort" 
ZONE I=2, J=2, DATAPACKING=POINT
-7.353553e+00 -7.569078e-01 1.000000e+00 1.000000e+00 1.000000e+00 1.000000e+00 1.195229e+00 1 0 6.130358e-12 -1.215166e-11 5.815077e-11 -1.845916e-10 7.030243e-11
-7.000000e+00 3.535534e-01 1.000000e+00 1.000000e+00 1.000000e+00 1.000000e+00 1.195229e+00 1 0 -7.179263e-12 -7.915447e-12 -1.559829e-10 -1.164218e-10 -1.480675e-10
-8.353553e+00 -1.137063e+00 1.000000e+00 1.000000e+00 1.000000e+00 1.000000e+00 1.195229e+00 1 0 1.175363e-12 -3.658528e-13 -1.723067e-11 5.244270e-12 -1.686482e-11
-8.000000e+00 5.358979e-08 1.000000e+00 1.000000e+00 1.000000e+00 1.000000e+00 1.195229e+00 1 0 -1.121000e-11 3.485199e-12 -2.223524e-10 6.902394e-11 -2.258376e-10
VARIABLES = "X", "Y", "ro", "u", "v", "pre", "Ma", "PART", "IMEX", "Ux", "Uy", "Vx", "Vy", "Vort" 
ZONE I=2, J=2, DATAPACKING=POINT
-6.000000e+00 -7.500000e+00 1.000000e+00 1.000000e+00 1.000000e+00 1.000000e+00 1.195229e+00 1 0 -1.050007e-16 7.169897e-16 8.750056e-17 -5.974914e-16 -6.294891e-16
-5.646447e+00 -6.519153e+00 1.000000e+00 1.000000e+00 1.000000e+00 1.000000e+00 1.195229e+00 1 0 6.465420e-16 4.460907e-16 -5.387850e-16 -3.717422e-16 -9.848757e-16
-7.000000e+00 -7.646447e+00 1.000000e+00 1.000000e+00 1.000000e+00 1.000000e+00 1.195229e+00 1 0 0.000000e+00 0.000000e+00 0.000000e+00 0.000000e+00 0.000000e+00
-6.646447e+00 -6.563072e+00 1.000000e+00 1.000000e+00 1.000000e+00 1.000000e+00 1.195229e+00 1 0 6.758201e-16 -2.205502e-16 -5.631834e-16 1.837918e-16 -3.426333e-16
VARIABLES = "X", "Y", "ro", "u", "v", "pre", "Ma", "PART", "IMEX", "Ux", "Uy", "Vx", "Vy", "Vort" 
ZONE I=2, J=2, DATAPACKING=POINT
-5.646447e+00 -6.519153e+00 1.000000e+00 1.000000e+00 1.000000e+00 1.000000e+00 1.195229e+00 1 0 -1.864001e-14 4.395872e-13 1.862169e-14 -4.366423e-13 -4.209655e-13
-5.500000e+00 -5.538060e+00 1.000000e+00 1.000000e+00 1.000000e+00 1.000000e+00 1.195229e+00 1 0 4.281020e-13 3.729026e-13 -4.249934e-13 -3.704244e-13 -7.978959e-13
-6.646447e+00 -6.563072e+00 1.000000e+00 1.000000e+00 1.000000e+00 1.000000e+00 1.195229e+00 1 0 6.224698e-16 9.941979e-16 -5.059595e-16 -1.119157e-15 -1.500157e-15
-6.500000e+00 -5.538060e+00 1.000000e+00 1.000000e+00 1.000000e+00 1.000000e+00 1.195229e+00 1 0 4.281020e-13 -6.008112e-14 -4.249934e-13 5.952867e-14 -3.649122e-13
VARIABLES = "X", "Y", "ro", "u", "v", "pre", "Ma", "PART", "IMEX", "Ux", "Uy", "Vx", "Vy", "Vort" 
ZONE I=2, J=2, DATAPACKING=POINT
-5.500000e+00 -5.538060e+00 1.000000e+00 1.000000e+00 1.000000e+00 1.000000e+00 1.195229e+00 1 0 4.281028e-13 2.516444e-11 -4.249943e-13 -3.153382e-11 -2.558944e-11
-5.646447e+00 -4.519153e+00 1.000000e+00 1.000000e+00 1.000000e+00 1.000000e+00 1.195229e+00 1 0 2.470237e-11 2.865336e-11 -3.084997e-11 -3.590677e-11 -5.950333e-11
-6.500000e+00 -5.538060e+00 1.000000e+00 1.000000e+00 1.000000e+00 1.000000e+00 1.195229e+00 1 0 4.281020e-13 1.103060e-13 -4.249934e-13 -1.313606e-13 -5.352994e-13
-6.646447e+00 -4.563072e+00 1.000000e+00 1.000000e+00 1.000000e+00 1.000000e+00 1.195229e+00 1 0 2.578865e-11 3.919548e-12 -3.221149e-11 -4.905803e-12 -3.613104e-11
VARIABLES = "X", "Y", "ro", "u", "v", "pre", "Ma", "PART", "IMEX", "Ux", "Uy", "Vx", "Vy", "Vort" 
ZONE I=2, J=2, DATAPACKING=POINT
-5.646447e+00 -4.519153e+00 1.000000e+00 1.000000e+00 1.000000e+00 1.000000e+00 1.195229e+00 1 0 2.018134e-11 1.315939e-10 -2.218744e-11 -2.331463e-10 -1.537813e-10
-6.000000e+00 -3.500000e+00 1.000000e+00 1.000000e+00 1.000000e+00 1.000000e+00 1.195229e+00 1 0 1.280903e-10 1.690285e-10 -2.179023e-10 -3.010415e-10 -3.869307e-10
-6.646447e+00 -4.563072e+00 1.000000e+00 1.000000e+00 1.000000e+00 1.000000e+00 1.195229e+00 1 0 2.552382e-11 9.949492e-12 -3.187711e-11 -1.251958e-11 -4.182660e-11
-7.000000e+00 -3.646447e+00 1.000000e+00 1.000000e+00 1.000000e+00 1.000000e+00 1.195229e+00 1 0 1.446575e-10 5.590078e-11 -2.479502e-10 -9.586156e-11 -3.038509e-10
VARIABLES = "X", "Y", "ro", "u", "v", "pre", "Ma", "PART", "IMEX", "Ux", "Uy", "Vx", "Vy", "Vort" 
ZONE I=2, J=2, DATAPACKING=POINT
-6.000000e+00 -3.500000e+00 1.000000e+00 1.000000e+00 1.000000e+00 1.000000e+00 1.195229e+00 1 0 1.332129e-10 1.340492e-10 -2.011430e-10 -4.154807e-10 -3.351922e-10
-6.353553e+00 -2.519153e+00 1.000000e+00 1.000000e+00 1.000000e+00 1.000000e+00 1.195229e+00 1 0 1.996579e-10 1.579997e-10 -4.759456e-10 -5.145353e-10 -6.339454e-10
-7.000000e+00 -3.646447e+00 1.000000e+00 1.000000e+00 1.000000e+00 1.000000e+00 1.195229e+00 1 0 1.444361e-10 5.741238e-11 -2.475598e-10 -9.852716e-11 -3.049722e-10
-7.353553e+00 -2.756908e+00 1.000000e+00 1.000000e+00 1.000000e+00 1.000000e+00 1.195229e+00 1 0 2.167405e-10 8.615026e-11 -5.465955e-10 -2.173810e-10 -6.327458e-10
VARIABLES = "X", "Y", "ro", "u", "v", "pre", "Ma", "PART", "IMEX", "Ux", "Uy", "Vx", "Vy", "Vort" 
ZONE I=2, J=2, DATAPACKING=POINT
-6.353553e+00 -2.519153e+00 1.000000e+00 1.000000e+00 1.000000e+00 1.000000e+00 1.195229e+00 1 0 1.878117e-10 2.078253e-10 -3.086551e-10 -1.218162e-09 -5.164804e-10
-6.500000e+00 -1.538060e+00 1.000000e+00 1.000000e+00 1.000000e+00 1.000000e+00 1.195229e+00 1 0 3.506640e-10 2.321341e-10 -1.374735e-09 -1.377294e-09 -1.606869e-09
-7.353553e+00 -2.756908e+00 1.000000e+00 1.000000e+00 1.000000e+00 1.000000e+00 1.195229e+00 1 0 2.287883e-10 3.547689e-11 -5.769005e-10 -8.991755e-11 -6.123774e-10
-7.500000e+00 -1.808658e+00 1.000000e+00 1.000000e+00 1.000000e+00 1.000000e+00 1.195229e+00 1 0 3.968554e-10 6.143297e-11 -1.677117e-09 -2.598338e-10 -1.738550e-09
VARIABLES = "X", "Y", "ro", "u", "v", "pre", "Ma", "PART", "IMEX", "Ux", "Uy", "Vx", "Vy", "Vort" 
ZONE I=2, J=2, DATAPACKING=POINT
-6.500000e+00 -1.538060e+00 1.000000e+00 1.000000e+00 1.000000e+00 1.000000e+00 1.195229e+00 1 0 2.624428e-10 5.581571e-10 1.151111e-09 -1.071160e-08 5.929538e-10
-6.353553e+00 -5.191530e-01 1.000000e+00 1.000000e+00 1.000000e+00 1.000000e+00 1.195229e+00 1 0 9.089430e-10 4.652362e-10 -1.032652e-08 -9.061935e-09 -1.079175e-08
-7.500000e+00 -1.808658e+00 1.000000e+00 1.000000e+00 1.000000e+00 1.000000e+00 1.195229e+00 1 0 4.293826e-10 -5.877212e-11 -1.812652e-09 2.410355e-10 -1.753880e-09
-7.353553e+00 -7.569078e-01 1.000000e+00 1.000000e+00 1.000000e+00 1.000000e+00 1.195229e+00 1 0 1.054214e-09 -1.457741e-10 -1.290558e-08 1.785623e-09 -1.275980e-08
VARIABLES = "X", "Y", "ro", "u", "v", "pre", "Ma", "PART", "IMEX", "Ux", "Uy", "Vx", "Vy", "Vort" 
ZONE I=2, J=2, DATAPACKING=POINT
-6.353553e+00 -5.191530e-01 1.000000e+00 1.000000e+00 1.000000e+00 1.000000e+00 1.195229e+00 1 0 3.612564e-09 -1.090623e-08 1.012168e-08 -9.506735e-08 2.102791e-08
-6.000000e+00 5.000000e-01 1.000000e+00 1.000000e+00 9.999999e-01 1.000000e+00 1.195229e+00 1 0 -7.789067e-09 -6.950904e-09 -9.713285e-08 -5.785978e-08 -9.018195e-08
-7.353553e+00 -7.569078e-01 1.000000e+00 1.000000e+00 1.000000e+00 1.000000e+00 1.195229e+00 1 0 1.105677e-09 -3.622315e-10 -1.346047e-08 4.119515e-09 -1.309824e-08
-7.000000e+00 3.535534e-01 1.000000e+00 1.000000e+00 1.000000e+00 1.000000e+00 1.195229e+00 1 0 -9.236157e-09 2.930446e-09 -1.107456e-07 3.509356e-08 -1.136760e-07
VARIABLES = "X", "Y", "ro", "u", "v", "pre", "Ma", "PART", "IMEX", "Ux", "Uy", "Vx", "Vy", "Vort" 
ZONE I=2, J=2, DATAPACKING=POINT
-5.000000e+00 -7.646447e+00 1.000000e+00 1.000000e+00 1.000000e+00 1.000000e+00 1.195229e+00 1 0 3.454494e-15 2.358875e-14 -2.366328e-15 -1.615830e-14 -2.595508e-14
-4.646447e+00 -6.756908e+00 1.000000e+00 1.000000e+00 1.000000e+00 1.000000e+00 1.195229e+00 1 0 2.510112e-14 1.498515e-14 -1.710399e-14 -1.030071e-14 -3.208914e-14
-6.000000e+00 -7.500000e+00 1.000000e+00 1.000000e+00 1.000000e+00 1.000000e+00 1.195229e+00 1 0 9.447107e-17 6.450887e-16 -7.872589e-17 -5.375739e-16 -7.238146e-16
-5.646447e+00 -6.519153e+00 1.000000e+00 1.000000e+00 1.000000e+00 1.000000e+00 1.195229e+00 1 0 1.998691e-14 -6.525284e-15 -1.362208e-14 4.344227e-15 -7.096799e-15
VARIABLES = "X", "Y", "ro", "u", "v", "pre", "Ma", "PART", "IMEX", "Ux", "Uy", "Vx", "Vy", "Vort" 
ZONE I=2, J=2, DATAPACKING=POINT
-4.646447e+00 -6.756908e+00 1.000000e+00 1.000000e+00 1.000000e+00 1.000000e+00 1.195229e+00 1 0 3.496119e-12 1.461413e-11 -2.706995e-12 -1.132402e-11 -1.732113e-11
-4.500000e+00 -5.808658e+00 1.000000e+00 1.000000e+00 1.000000e+00 1.000000e+00 1.195229e+00 1 0 1.733889e-11 1.247627e-11 -1.334318e-11 -9.681379e-12 -2.581946e-11
-5.646447e+00 -6.519153e+00 1.000000e+00 1.000000e+00 1.000000e+00 1.000000e+00 1.195229e+00 1 0 1.210933e-13 4.187294e-13 -1.137702e-13 -4.168803e-13 -5.324996e-13
-5.500000e+00 -5.538060e+00 1.000000e+00 1.000000e+00 1.000000e+00 1.000000e+00 1.195229e+00 1 0 1.353435e-11 -1.583452e-12 -1.041994e-11 1.121510e-12 -8.836492e-12
VARIABLES = "X", "Y", "ro", "u", "v", "pre", "Ma", "PART", "IMEX", "Ux", "Uy", "Vx", "Vy", "Vort" 
ZONE I=2, J=2, DATAPACKING=POINT
-4.500000e+00 -5.808658e+00 1.000000e+00 1.000000e+00 1.000000e+00 1.000000e+00 1.195229e+00 1 0 4.281224e-10 1.530534e-09 -4.159291e-10 -1.497445e-09 -1.946463e-09
-4.646447e+00 -4.756908e+00 1.000000e+00 1.000000e+00 1.000000e+00 1.000000e+00 1.195229e+00 1 0 1.949692e-09 1.742399e-09 -1.897764e-09 -1.703777e-09 -3.640162e-09
-5.500000e+00 -5.538060e+00 1.000000e+00 1.000000e+00 1.000000e+00 1.000000e+00 1.195229e+00 1 0 2.159554e-11 2.820682e-11 -2.001846e-11 -3.434997e-11 -4.822528e-11
-5.646447e+00 -4.519153e+00 1.000000e+00 1.000000e+00 1.000000e+00 1.000000e+00 1.195229e+00 1 0 1.595933e-09 2.544850e-10 -1.553243e-09 -2.547190e-10 -1.807728e-09
VARIABLES = "X", "Y", "ro", "u", "v", "pre", "Ma", "PART", "IMEX", "Ux", "Uy", "Vx", "Vy", "Vort" 
ZONE I=2, J=2, DATAPACKING=POINT
-4.646447e+00 -4.756908e+00 1.000000e+00 1.000000e+00 1.000000e+00 1.000000e+00 1.195229e+00 1 0 6.652812e-09 2.152379e-08 -8.602108e-09 -2.990234e-08 -3.012590e-08
-5.000000e+00 -3.646447e+00 1.000000e+00 1.000000e+00 1.000000e+00 1.000000e+00 1.195229e+00 1 0 2.706132e-08 2.802153e-08 -3.713656e-08 -3.898726e-08 -6.515809e-08
-5.646447e+00 -4.519153e+00 1.000000e+00 1.000000e+00 1.000000e+00 1.000000e+00 1.195229e+00 1 0 1.705739e-09 7.163290e-10 -1.685285e-09 -8.100900e-10 -2.401614e-09
-6.000000e+00 -3.500000e+00 1.000000e+00 1.000000e+00 1.000000e+00 1.000000e+00 1.195229e+00 1 0 2.420564e-08 8.521747e-09 -3.314385e-08 -1.172335e-08 -4.166560e-08
VARIABLES = "X", "Y", "ro", "u", "v", "pre", "Ma", "PART", "IMEX", "Ux", "Uy", "Vx", "Vy", "Vort" 
ZONE I=2, J=2, DATAPACKING=POINT
-5.000000e+00 -3.646447e+00 1.000000e+00 1.000000e+00 1.000000e+00 1.000000e+00 1.195229e+00 1 0 3.151468e-08 5.843100e-08 -5.082493e-08 -1.324573e-07 -1.092559e-07
-5.353553e+00 -2.563072e+00 1.000000e+00 1.000000e+00 9.999998e-01 1.000000e+00 1.195229e+00 1 0 7.827017e-08 7.368939e-08 -1.640625e-07 -1.694118e-07 -2.377519e-07
-6.000000e+00 -3.500000e+00 1.000000e+00 1.000000e+00 1.000000e+00 1.000000e+00 1.195229e+00 1 0 2.425038e-08 8.827256e-09 -3.323144e-08 -1.232149e-08 -4.205870e-08
-6.353553e+00 -2.519153e+00 1.000000e+00 1.000000e+00 1.000000e+00 1.000000e+00 1.195229e+00 1 0 7.624461e-08 2.756895e-08 -1.591568e-07 -5.771220e-08 -1.867258e-07
VARIABLES = "X", "Y", "ro", "u", "v", "pre", "Ma", "PART", "IMEX", "Ux", "Uy", "Vx", "Vy", "Vort" 
ZONE I=2, J=2, DATAPACKING=POINT
-5.353553e+00 -2.563072e+00 1.000000e+00 1.000000e+00 9.999998e-01 1.000000e+00 1.195229e+00 1 0 7.945944e-08 1.007682e-07 -1.765694e-07 -4.541836e-07 -2.773376e-07
-5.500000e+00 -1.538060e+00 1.000000e+00 1.000000e+00 9.999994e-01 1.000000e+00 1.195228e+00 1 0 1.665095e-07 1.132053e-07 -5.951577e-07 -5.139886e-07 -7.083630e-07
-6.353553e+00 -2.519153e+00 1.000000e+00 1.000000e+00 1.000000e+00 1.000000e+00 1.195229e+00 1 0 7.553691e-08 1.145510e-08 -1.577075e-07 -2.471291e-08 -1.691626e-07
-6.500000e+00 -1.538060e+00 1.000000e+00 1.000000e+00 1.000000e+00 1.000000e+00 1.195229e+00 1 0 1.665095e-07 2.503447e-08 -5.951577e-07 -9.001059e-08 -6.201922e-07
VARIABLES = "X", "Y", "ro", "u", "v", "pre", "Ma", "PART", "IMEX", "Ux", "Uy", "Vx", "Vy", "Vort" 
ZONE I=2, J=2, DATAPACKING=POINT
-5.500000e+00 -1.538060e+00 1.000000e+00 1.000000e+00 9.999994e-01 1.000000e+00 1.195228e+00 1 0 1.665095e-07 1.902398e-07 -5.951578e-07 -2.972713e-06 -7.853975e-07
-5.353553e+00 -5.630719e-01 1.000000e+00 1.000000e+00 9.999964e-01 1.000000e+00 1.195227e+00 1 0 3.826976e-07 1.577676e-07 -3.680138e-06 -2.509338e-06 -3.837906e-06
-6.500000e+00 -1.538060e+00 1.000000e+00 1.000000e+00 1.000000e+00 1.000000e+00 1.195229e+00 1 0 1.665095e-07 -2.333638e-08 -5.951577e-07 7.499532e-08 -5.718213e-07
-6.353553e+00 -5.191530e-01 1.000000e+00 1.000000e+00 1.000000e+00 1.000000e+00 1.195229e+00 1 0 3.734375e-07 -5.307796e-08 -3.547998e-06 4.994044e-07 -3.494920e-06
VARIABLES = "X", "Y", "ro", "u", "v", "pre", "Ma", "PART", "IMEX", "Ux", "Uy", "Vx", "Vy", "Vort" 
ZONE I=2, J=2, DATAPACKING=POINT
-5.353553e+00 -5.630719e-01 1.000000e+00 1.000000e+00 9.999964e-01 1.000000e+00 1.195227e+00 1 0 2.752441e-07 -2.288869e-06 -4.423725e-06 -1.944025e-05 -2.134856e-06
-5.000000e+00 3.535534e-01 1.000000e+00 9.999984e-01 9.999770e-01 1.000000e+00 1.195214e+00 1 0 -1.831321e-06 -1.476342e-06 -2.456909e-05 -1.166994e-05 -2.309275e-05
-6.353553e+00 -5.191530e-01 1.000000e+00 1.000000e+00 1.000000e+00 1.000000e+00 1.195229e+00 1 0 3.697118e-07 -1.379094e-07 -3.520317e-06 1.129674e-06 -3.382408e-06
-6.000000e+00 5.000000e-01 1.000000e+00 1.000000e+00 9.999999e-01 1.000000e+00 1.195229e+00 1 0 -1.538374e-06 5.240228e-07 -2.176760e-05 7.459822e-06 -2.229163e-05
VARIABLES = "X", "Y", "ro", "u", "v", "pre", "Ma", "PART", "IMEX", "Ux", "Uy", "Vx", "Vy", "Vort" 
ZONE I=2, J=2, DATAPACKING=POINT
-4.000000e+00 -8.000000e+00 1.000000e+00 1.000000e+00 1.000000e+00 1.000000e+00 1.195229e+00 1 0 3.774500e-14 1.067590e-13 -1.926982e-14 -5.450327e-14 -1.260288e-13
-3.646447e+00 -7.137063e+00 1.000000e+00 1.000000e+00 1.000000e+00 1.000000e+00 1.195229e+00 1 0 1.122477e-13 7.623456e-14 -5.395338e-14 -4.029310e-14 -1.301879e-13
-5.000000e+00 -7.646447e+00 1.000000e+00 1.000000e+00 1.000000e+00 1.000000e+00 1.195229e+00 1 0 7.737962e-15 2.188626e-14 -5.300504e-15 -1.499209e-14 -2.718676e-14
-4.646447e+00 -6.756908e+00 1.000000e+00 1.000000e+00 1.000000e+00 1.000000e+00 1.195229e+00 1 0 8.058071e-14 -7.065594e-15 -3.921132e-14 -1.514001e-15 -3.214572e-14
VARIABLES = "X", "Y", "ro", "u", "v", "pre", "Ma", "PART", "IMEX", "Ux", "Uy", "Vx", "Vy", "Vort" 
ZONE I=2, J=2, DATAPACKING=POINT
-3.646447e+00 -7.137063e+00 1.000000e+00 1.000000e+00 1.000000e+00 1.000000e+00 1.195229e+00 1 0 3.204094e-11 8.406488e-11 -1.810716e-11 -4.752937e-11 -1.021720e-10
-3.500000e+00 -6.191342e+00 1.000000e+00 1.000000e+00 1.000000e+00 1.000000e+00 1.195229e+00 1 0 9.815972e-11 7.382627e-11 -5.264734e-11 -4.218076e-11 -1.264736e-10
-4.646447e+00 -6.756908e+00 1.000000e+00 1.000000e+00 1.000000e+00 1.000000e+00 1.195229e+00 1 0 5.520073e-12 1.430155e-11 -4.252764e-12 -1.108529e-11 -1.855432e-11
-4.500000e+00 -5.808658e+00 1.000000e+00 1.000000e+00 1.000000e+00 1.000000e+00 1.195229e+00 1 0 7.148217e-11 4.114445e-12 -3.871109e-11 -5.763588e-12 -4.282554e-11
VARIABLES = "X", "Y", "ro", "u", "v", "pre", "Ma", "PART", "IMEX", "Ux", "Uy", "Vx", "Vy", "Vort" 
ZONE I=2, J=2, DATAPACKING=POINT
-3.500000e+00 -6.191342e+00 1.000000e+00 1.000000e+00 1.000000e+00 1.000000e+00 1.195229e+00 1 0 6.272491e-09 1.620813e-08 -4.443226e-09 -1.151532e-08 -2.065136e-08
-3.646447e+00 -5.137063e+00 1.000000e+00 1.000000e+00 1.000000e+00 1.000000e+00 1.195229e+00 1 0 2.166668e-08 1.834649e-08 -1.494426e-08 -1.297398e-08 -3.329075e-08
-4.500000e+00 -5.808658e+00 1.000000e+00 1.000000e+00 1.000000e+00 1.000000e+00 1.195229e+00 1 0 6.684221e-10 1.563994e-09 -6.204508e-10 -1.525923e-09 -2.184444e-09
-4.646447e+00 -4.756908e+00 1.000000e+00 1.000000e+00 1.000000e+00 1.000000e+00 1.195229e+00 1 0 1.610377e-08 3.713225e-09 -1.114956e-08 -2.992005e-09 -1.486279e-08
VARIABLES = "X", "Y", "ro", "u", "v", "pre", "Ma", "PART", "IMEX", "Ux", "Uy", "Vx", "Vy", "Vort" 
ZONE I=2, J=2, DATAPACKING=POINT
-3.646447e+00 -5.137063e+00 1.000000e+00 1.000000e+00 1.000000e+00 1.000000e+00 1.195229e+00 1 0 2.344194e-07 5.779941e-07 -2.309002e-07 -5.810476e-07 -8.088943e-07
-4.000000e+00 -4.000000e+00 1.000000e+00 1.000001e+00 9.999994e-01 1.000000e+00 1.195229e+00 1 0 8.382061e-07 7.657329e-07 -8.302156e-07 -7.673961e-07 -1.595948e-06
-4.646447e+00 -4.756908e+00 1.000000e+00 1.000000e+00 1.000000e+00 1.000000e+00 1.195229e+00 1 0 2.510831e-08 2.739973e-08 -2.313916e-08 -3.453071e-08 -5.053889e-08
-5.000000e+00 -3.646447e+00 1.000000e+00 1.000000e+00 1.000000e+00 1.000000e+00 1.195229e+00 1 0 6.471912e-07 2.254611e-07 -6.406152e-07 -2.311254e-07 -8.660764e-07
VARIABLES = "X", "Y", "ro", "u", "v", "pre", "Ma", "PART", "IMEX", "Ux", "Uy", "Vx", "Vy", "Vort" 
ZONE I=2, J=2, DATAPACKING=POINT
-4.000000e+00 -4.000000e+00 1.000000e+00 1.000001e+00 9.999994e-01 1.000000e+00 1.195229e+00 1 0 2.100360e-06 4.335644e-06 -2.959760e-06 -6.790656e-06 -7.295404e-06
-4.353553e+00 -2.862937e+00 1.000000e+00 1.000005e+00 9.999927e-01 1.000000e+00 1.195227e+00 1 0 6.404004e-06 5.673801e-06 -9.780587e-06 -8.911495e-06 -1.545439e-05
-5.000000e+00 -3.646447e+00 1.000000e+00 1.000000e+00 1.000000e+00 1.000000e+00 1.195229e+00 1 0 6.607369e-07 2.637742e-07 -6.781067e-07 -3.371672e-07 -9.418809e-07
-5.353553e+00 -2.563072e+00 1.000000e+00 1.000000e+00 9.999998e-01 1.000000e+00 1.195229e+00 1 0 5.228747e-06 1.754519e-06 -7.917927e-06 -2.699843e-06 -9.672446e-06
VARIABLES = "X", "Y", "ro", "u", "v", "pre", "Ma", "PART", "IMEX", "Ux", "Uy", "Vx", "Vy", "Vort" 
ZONE I=2, J=2, DATAPACKING=POINT
-4.353553e+00 -2.862937e+00 1.000000e+00 1.000005e+00 9.999927e-01 1.000000e+00 1.195227e+00 1 0 8.986536e-06 1.428610e-05 -1.893902e-05 -3.945330e-05 -3.322512e-05
-4.500000e+00 -1.808658e+00 1.000000e+00 1.000019e+00 9.999539e-01 1.000000e+00 1.195212e+00 1 0 2.273919e-05 1.619644e-05 -5.761980e-05 -4.482633e-05 -7.381624e-05
-5.353553e+00 -2.563072e+00 1.000000e+00 1.000000e+00 9.999998e-01 1.000000e+00 1.195229e+00 1 0 4.941132e-06 7.953705e-07 -7.560896e-06 -1.509205e-06 -8.356267e-06
-5.500000e+00 -1.538060e+00 1.000000e+00 1.000000e+00 9.999994e-01 1.000000e+00 1.195228e+00 1 0 1.911986e-05 2.821129e-06 -4.744005e-05 -7.206863e-06 -5.026118e-05
VARIABLES = "X", "Y", "ro", "u", "v", "pre", "Ma", "PART", "IMEX", "Ux", "Uy", "Vx", "Vy", "Vort" 
ZONE I=2, J=2, DATAPACKING=POINT
-4.500000e+00 -1.808658e+00 1.000000e+00 1.000019e+00 9.999539e-01 1.000000e+00 1.195212e+00 1 0 2.894724e-05 3.913837e-05 -1.138230e-04 -2.525264e-04 -1.529614e-04
-4.353553e+00 -8.629373e-01 1.000000e+00 1.000060e+00 9.996984e-01 1.000000e+00 1.195084e+00 1 0 6.926396e-05 3.289526e-05 -3.621843e-04 -2.140672e-04 -3.950795e-04
-5.500000e+00 -1.538060e+00 1.000000e+00 1.000000e+00 9.999994e-01 1.000000e+00 1.195228e+00 1 0 1.769548e-05 -2.442673e-06 -4.450941e-05 3.623359e-06 -4.206674e-05
-5.353553e+00 -5.630719e-01 1.000000e+00 1.000000e+00 9.999964e-01 1.000000e+00 1.195227e+00 1 0 5.690146e-05 -8.331546e-06 -2.860282e-04 3.990031e-05 -2.776966e-04
VARIABLES = "X", "Y", "ro", "u", "v", "pre", "Ma", "PART", "IMEX", "Ux", "Uy", "Vx", "Vy", "Vort" 
ZONE I=2, J=2, DATAPACKING=POINT
-4.353553e+00 -8.629373e-01 1.000000e+00 1.000060e+00 9.996984e-01 1.000000e+00 1.195084e+00 1 0 3.440134e-05 -8.336561e-05 -7.168923e-04 -1.396958e-03 -6.335267e-04
-4.000000e+00 -2.679490e-08 9.999999e-01 1.000000e+00 9.982395e-01 9.999999e-01 1.194177e+00 1 0 -1.997379e-05 -6.108762e-05 -2.039824e-03 -8.549409e-04 -1.978736e-03
-5.353553e+00 -5.630719e-01 1.000000e+00 1.000000e+00 9.999964e-01 1.000000e+00 1.195227e+00 1 0 5.265511e-05 -2.249241e-05 -2.727834e-04 8.406931e-05 -2.502910e-04
-5.000000e+00 3.535534e-01 1.000000e+00 9.999984e-01 9.999770e-01 1.000000e+00 1.195214e+00 1 0 7.499685e-07 -2.471976e-06 -1.535620e-03 5.711607e-04 -1.533148e-03
VARIABLES = "X", "Y", "ro", "u", "v", "pre", "Ma", "PART", "IMEX", "Ux", "Uy", "Vx", "Vy", "Vort" 
ZONE I=2, J=2, DATAPACKING=POINT
-3.000000e+00 -8.353553e+00 1.000000e+00 1.000000e+00 1.000000e+00 1.000000e+00 1.195229e+00 1 0 1.128250e-13 3.191174e-13 -2.867731e-14 -8.111168e-14 -3.477947e-13
-2.646447e+00 -7.436928e+00 1.000000e+00 1.000000e+00 1.000000e+00 1.000000e+00 1.195229e+00 1 0 2.397635e-13 1.963025e-13 -7.644089e-14 -9.193751e-14 -2.727433e-13
-4.000000e+00 -8.000000e+00 1.000000e+00 1.000000e+00 1.000000e+00 1.000000e+00 1.195229e+00 1 0 3.774500e-14 1.067590e-13 -1.926982e-14 -5.450327e-14 -1.260288e-13
-3.646447e+00 -7.137063e+00 1.000000e+00 1.000000e+00 1.000000e+00 1.000000e+00 1.195229e+00 1 0 1.947951e-13 4.241412e-14 -5.977322e-14 -3.790866e-14 -1.021873e-13
VARIABLES = "X", "Y", "ro", "u", "v", "pre", "Ma", "PART", "IMEX", "Ux", "Uy", "Vx", "Vy", "Vort" 
ZONE I=2, J=2, DATAPACKING=POINT
-2.646447e+00 -7.436928e+00 1.000000e+00 1.000000e+00 1.000000e+00 1.000000e+00 1.195229e+00 1 0 9.397084e-11 3.127696e-10 -3.633707e-11 -1.210165e-10 -3.491066e-10
-2.500000e+00 -6.461940e+00 1.000000e+00 1.000000e+00 1.000000e+00 1.000000e+00 1.195229e+00 1 0 3.105291e-10 2.802418e-10 -1.056864e-10 -1.106000e-10 -3.859282e-10
-3.646447e+00 -7.137063e+00 1.000000e+00 1.000000e+00 1.000000e+00 1.000000e+00 1.195229e+00 1 0 2.568534e-11 8.504905e-11 -1.446972e-11 -4.809263e-11 -9.951878e-11
-3.500000e+00 -6.191342e+00 1.000000e+00 1.000000e+00 1.000000e+00 1.000000e+00 1.195229e+00 1 0 2.483789e-10 5.056456e-11 -8.578382e-11 -3.704952e-11 -1.363484e-10
VARIABLES = "X", "Y", "ro", "u", "v", "pre", "Ma", "PART", "IMEX", "Ux", "Uy", "Vx", "Vy", "Vort" 
ZONE I=2, J=2, DATAPACKING=POINT
-2.500000e+00 -6.461940e+00 1.000000e+00 1.000000e+00 1.000000e+00 1.000000e+00 1.195229e+00 1 0 2.266093e-08 8.287657e-08 -1.099902e-08 -4.036712e-08 -9.387559e-08
-2.646447e+00 -5.436928e+00 1.000000e+00 1.000000e+00 1.000000e+00 1.000000e+00 1.195229e+00 1 0 9.358669e-08 9.300996e-08 -4.177534e-08 -4.476423e-08 -1.347853e-07
-3.500000e+00 -6.191342e+00 1.000000e+00 1.000000e+00 1.000000e+00 1.000000e+00 1.195229e+00 1 0 4.556068e-09 1.596971e-08 -3.142904e-09 -1.133469e-08 -1.911261e-08
-3.646447e+00 -5.137063e+00 1.000000e+00 1.000000e+00 1.000000e+00 1.000000e+00 1.195229e+00 1 0 7.335051e-08 2.552573e-08 -3.299439e-08 -1.548127e-08 -5.852012e-08
VARIABLES = "X", "Y", "ro", "u", "v", "pre", "Ma", "PART", "IMEX", "Ux", "Uy", "Vx", "Vy", "Vort" 
ZONE I=2, J=2, DATAPACKING=POINT
-2.646447e+00 -5.436928e+00 1.000000e+00 1.000000e+00 1.000000e+00 1.000000e+00 1.195229e+00 1 0 1.539254e-06 4.914065e-06 -1.047022e-06 -3.397090e-06 -5.961087e-06
-3.000000e+00 -4.353553e+00 1.000000e+00 1.000005e+00 9.999966e-01 1.000000e+00 1.195230e+00 1 0 6.591205e-06 6.562741e-06 -4.340498e-06 -4.471897e-06 -1.090324e-05
-3.646447e+00 -5.137063e+00 1.000000e+00 1.000000e+00 1.000000e+00 1.000000e+00 1.195229e+00 1 0 2.394894e-07 5.795705e-07 -1.996769e-07 -5.713392e-07 -7.792474e-07
-4.000000e+00 -4.000000e+00 1.000000e+00 1.000001e+00 9.999994e-01 1.000000e+00 1.195229e+00 1 0 4.999066e-06 2.059493e-06 -3.302548e-06 -1.536133e-06 -5.362041e-06
VARIABLES = "X", "Y", "ro", "u", "v", "pre", "Ma", "PART", "IMEX", "Ux", "Uy", "Vx", "Vy", "Vort" 
ZONE I=2, J=2, DATAPACKING=POINT
-3.000000e+00 -4.353553e+00 1.000000e+00 1.000005e+00 9.999966e-01 1.000000e+00 1.195230e+00 1 0 3.175825e-05 7.774589e-05 -3.157450e-05 -8.150130e-05 -1.093204e-04
-3.353553e+00 -3.243092e+00 1.000000e+00 1.000080e+00 9.999173e-01 1.000000e+00 1.195227e+00 1 0 1.147950e-04 1.041835e-04 -1.167131e-04 -1.086081e-04 -2.208966e-04
-4.000000e+00 -4.000000e+00 1.000000e+00 1.000001e+00 9.999994e-01 1.000000e+00 1.195229e+00 1 0 6.261220e-06 5.629404e-06 -5.432092e-06 -7.559393e-06 -1.106150e-05
-4.353553e+00 -2.862937e+00 1.000000e+00 1.000005e+00 9.999927e-01 1.000000e+00 1.195227e+00 1 0 8.685580e-05 3.068913e-05 -8.806669e-05 -3.325344e-05 -1.187558e-04
VARIABLES = "X", "Y", "ro", "u", "v", "pre", "Ma", "PART", "IMEX", "Ux", "Uy", "Vx", "Vy", "Vort" 
ZONE I=2, J=2, DATAPACKING=POINT
-3.353553e+00 -3.243092e+00 1.000000e+00 1.000080e+00 9.999173e-01 1.000000e+00 1.195227e+00 1 0 2.664048e-04 5.029939e-04 -3.955239e-04 -8.420218e-04 -8.985178e-04
-3.500000e+00 -2.191342e+00 1.000000e+00 1.000570e+00 9.990896e-01 1.000000e+00 1.195026e+00 1 0 7.708189e-04 5.732289e-04 -1.231025e-03 -9.583578e-04 -1.804254e-03
-4.353553e+00 -2.862937e+00 1.000000e+00 1.000005e+00 9.999927e-01 1.000000e+00 1.195227e+00 1 0 8.461368e-05 2.479123e-05 -9.440886e-05 -4.993658e-05 -1.192001e-04
-4.500000e+00 -1.808658e+00 1.000000e+00 1.000019e+00 9.999539e-01 1.000000e+00 1.195212e+00 1 0 5.876827e-04 9.467097e-05 -9.276822e-04 -1.656840e-04 -1.022353e-03
VARIABLES = "X", "Y", "ro", "u", "v", "pre", "Ma", "PART", "IMEX", "Ux", "Uy", "Vx", "Vy", "Vort" 
ZONE I=2, J=2, DATAPACKING=POINT
-3.500000e+00 -2.191342e+00 1.000000e+00 1.000570e+00 9.990896e-01 1.000000e+00 1.195026e+00 1 0 1.340446e-03 2.061736e-03 -3.266598e-03 -6.277567e-03 -5.328335e-03
-3.353553e+00 -1.243092e+00 9.999983e-01 1.002721e+00 9.926585e-01 9.999976e-01 1.192483e+00 1 0 3.328608e-03 1.754694e-03 -9.084762e-03 -5.379039e-03 -1.083946e-02
-4.500000e+00 -1.808658e+00 1.000000e+00 1.000019e+00 9.999539e-01 1.000000e+00 1.195212e+00 1 0 5.363622e-04 -3.943576e-05 -9.135256e-04 -1.286910e-04 -8.740898e-04
-4.353553e+00 -8.629373e-01 1.000000e+00 1.000060e+00 9.996984e-01 1.000000e+00 1.195084e+00 1 0 2.529236e-03 -3.480359e-04 -6.745479e-03 7.743975e-04 -6.397443e-03
VARIABLES = "X", "Y", "ro", "u", "v", "pre", "Ma", "PART", "IMEX", "Ux", "Uy", "Vx", "Vy", "Vort" 
ZONE I=2, J=2, DATAPACKING=POINT
-3.353553e+00 -1.243092e+00 9.999983e-01 1.002721e+00 9.926585e-01 9.999976e-01 1.192483e+00 1 0 3.099056e-03 1.150854e-03 -1.863954e-02 -3.051295e-02 -1.979039e-02
-3.000000e+00 -3.535534e-01 9.999330e-01 1.004841e+00 9.589238e-01 9.999063e-01 1.173910e+00 1 0 4.983404e-03 4.022181e-04 -4.623081e-02 -1.955155e-02 -4.663302e-02
-4.353553e+00 -8.629373e-01 1.000000e+00 1.000060e+00 9.996984e-01 1.000000e+00 1.195084e+00 1 0 2.280081e-03 -1.003441e-03 -6.647258e-03 1.032768e-03 -5.643817e-03
-4.000000e+00 -2.679490e-08 9.999999e-01 1.000000e+00 9.982395e-01 9.999999e-01 1.194177e+00 1 0 4.206702e-03 -1.792796e-03 -3.486101e-02 1.259220e-02 -3.306822e-02
VARIABLES = "X", "Y", "ro", "u", "v", "pre", "Ma", "PART", "IMEX", "Ux", "Uy", "Vx", "Vy", "Vort" 
ZONE I=2, J=2, DATAPACKING=POINT
-2.000000e+00 -8.500000e+00 1.000000e+00 1.000000e+00 1.000000e+00 1.000000e+00 1.195229e+00 1 0 4.662071e-13 3.181946e-12 5.466133e-15 3.808321e-14 -3.176479e-12
-1.646447e+00 -7.480847e+00 1.000000e+00 1.000000e+00 1.000000e+00 1.000000e+00 1.195229e+00 1 0 1.433220e-12 4.263124e-13 -3.330391e-13 -4.892031e-13 -7.593515e-13
-3.000000e+00 -8.353553e+00 1.000000e+00 1.000000e+00 1.000000e+00 1.000000e+00 1.195229e+00 1 0 5.047748e-14 3.431656e-13 -1.288178e-14 -8.720420e-14 -3.560474e-13
-2.646447e+00 -7.436928e+00 1.000000e+00 1.000000e+00 1.000000e+00 1.000000e+00 1.195229e+00 1 0 1.480147e-12 -2.826257e-13 -2.914818e-13 -9.190596e-15 -8.856163e-15
VARIABLES = "X", "Y", "ro", "u", "v", "pre", "Ma", "PART", "IMEX", "Ux", "Uy", "Vx", "Vy", "Vort" 
ZONE I=2, J=2, DATAPACKING=POINT
-1.646447e+00 -7.480847e+00 1.000000e+00 1.000000e+00 1.000000e+00 1.000000e+00 1.195229e+00 1 0 1.023712e-10 2.296878e-09 -2.370760e-11 -5.331997e-10 -2.320585e-09
-1.500000e+00 -6.461940e+00 1.000000e+00 1.000000e+00 1.000000e+00 1.000000e+00 1.195229e+00 1 0 2.038084e-09 2.018660e-09 -4.237318e-10 -4.757045e-10 -2.442391e-09
-2.646447e+00 -7.436928e+00 1.000000e+00 1.000000e+00 1.000000e+00 1.000000e+00 1.195229e+00 1 0 1.574752e-11 3.245190e-10 -5.806407e-12 -1.256023e-10 -3.303254e-10
-2.500000e+00 -6.461940e+00 1.000000e+00 1.000000e+00 1.000000e+00 1.000000e+00 1.195229e+00 1 0 2.038084e-09 2.075715e-11 -4.237318e-10 -6.282851e-11 -4.444890e-10
VARIABLES = "X", "Y", "ro", "u", "v", "pre", "Ma", "PART", "IMEX", "Ux", "Uy", "Vx", "Vy", "Vort" 
ZONE I=2, J=2, DATAPACKING=POINT
-1.500000e+00 -6.461940e+00 1.000000e+00 1.000000e+00 1.000000e+00 1.000000e+00 1.195229e+00 1 0 2.038078e-09 5.646638e-07 -4.237301e-10 -1.697609e-07 -5.650875e-07
-1.646447e+00 -5.480847e+00 1.000000e+00 1.000001e+00 9.999998e-01 1.000000e+00 1.195229e+00 1 0 5.021745e-07 6.393186e-07 -1.354880e-07 -1.899218e-07 -7.748066e-07
-2.500000e+00 -6.461940e+00 1.000000e+00 1.000000e+00 1.000000e+00 1.000000e+00 1.195229e+00 1 0 2.038083e-09 7.993012e-08 -4.237314e-10 -3.885619e-08 -8.035385e-08
-2.646447e+00 -5.436928e+00 1.000000e+00 1.000000e+00 1.000000e+00 1.000000e+00 1.195229e+00 1 0 4.806097e-07 1.483052e-07 -1.296644e-07 -5.732121e-08 -2.779695e-07
VARIABLES = "X", "Y", "ro", "u", "v", "pre", "Ma", "PART", "IMEX", "Ux", "Uy", "Vx", "Vy", "Vort" 
ZONE I=2, J=2, DATAPACKING=POINT
-1.646447e+00 -5.480847e+00 1.000000e+00 1.000001e+00 9.999998e-01 1.000000e+00 1.195229e+00 1 0 1.912919e-06 3.276096e-05 -7.689238e-07 -1.461279e-05 -3.352988e-05
-2.000000e+00 -4.500000e+00 1.000000e+00 1.000032e+00 9.999858e-01 1.000000e+00 1.195239e+00 1 0 3.362335e-05 4.419121e-05 -1.370070e-05 -1.927414e-05 -5.789191e-05
-2.646447e+00 -5.436928e+00 1.000000e+00 1.000000e+00 1.000000e+00 1.000000e+00 1.195229e+00 1 0 6.775660e-07 4.632858e-06 -2.651366e-07 -3.141926e-06 -4.897994e-06
-3.000000e+00 -4.353553e+00 1.000000e+00 1.000005e+00 9.999966e-01 1.000000e+00 1.195230e+00 1 0 2.919297e-05 1.393870e-05 -1.189395e-05 -6.936926e-06 -2.583266e-05
VARIABLES = "X", "Y", "ro", "u", "v", "pre", "Ma", "PART", "IMEX", "Ux", "Uy", "Vx", "Vy", "Vort" 
ZONE I=2, J=2, DATAPACKING=POINT
-2.000000e+00 -4.500000e+00 1.000000e+00 1.000032e+00 9.999858e-01 1.000000e+00 1.195239e+00 1 0 1.251173e-04 6.689510e-04 -7.783942e-05 -4.572408e-04 -7.467904e-04
-2.353553e+00 -3.480847e+00 1.000000e+00 1.000670e+00 9.995473e-01 1.000000e+00 1.195358e+00 1 0 8.046692e-04 9.046937e-04 -5.147637e-04 -6.088138e-04 -1.419457e-03
-3.000000e+00 -4.353553e+00 1.000000e+00 1.000005e+00 9.999966e-01 1.000000e+00 1.195230e+00 1 0 3.886886e-05 8.000980e-05 -2.238519e-05 -7.857556e-05 -1.023950e-04
-3.353553e+00 -3.243092e+00 1.000000e+00 1.000080e+00 9.999173e-01 1.000000e+00 1.195227e+00 1 0 6.552555e-04 2.762576e-04 -4.186967e-04 -2.047549e-04 -6.949543e-04
VARIABLES = "X", "Y", "ro", "u", "v", "pre", "Ma", "PART", "IMEX", "Ux", "Uy", "Vx", "Vy", "Vort" 
ZONE I=2, J=2, DATAPACKING=POINT
-2.353553e+00 -3.480847e+00 1.000000e+00 1.000670e+00 9.995473e-01 1.000000e+00 1.195358e+00 1 0 2.104356e-03 6.371194e-03 -1.955012e-03 -6.666517e-03 -8.326205e-03
-2.500000e+00 -2.461940e+00 9.999972e-01 1.006853e+00 9.930410e-01 9.999961e-01 1.195194e+00 1 0 8.245984e-03 7.253958e-03 -8.091245e-03 -7.548508e-03 -1.534520e-02
-3.353553e+00 -3.243092e+00 1.000000e+00 1.000080e+00 9.999173e-01 1.000000e+00 1.195227e+00 1 0 7.243226e-04 5.667547e-04 -5.761910e-04 -8.671780e-04 -1.142946e-03
-3.500000e+00 -2.191342e+00 1.000000e+00 1.000570e+00 9.990896e-01 1.000000e+00 1.195026e+00 1 0 6.660054e-03 1.393251e-03 -6.506709e-03 -1.692948e-03 -7.899960e-03
VARIABLES = "X", "Y", "ro", "u", "v", "pre", "Ma", "PART", "IMEX", "Ux", "Uy", "Vx", "Vy", "Vort" 
ZONE I=2, J=2, DATAPACKING=POINT
-2.500000e+00 -2.461940e+00 9.999972e-01 1.006853e+00 9.930410e-01 9.999961e-01 1.195194e+00 1 0 1.500588e-02 3.223527e-02 -2.110721e-02 -5.564924e-02 -5.334248e-02
-2.353553e+00 -1.480847e+00 9.997304e-01 1.040685e+00 9.353375e-01 9.996226e-01 1.182640e+00 1 0 4.459271e-02 2.783728e-02 -6.887935e-02 -4.854973e-02 -9.671663e-02
-3.500000e+00 -2.191342e+00 1.000000e+00 1.000570e+00 9.990896e-01 1.000000e+00 1.195026e+00 1 0 6.620295e-03 1.246322e-03 -7.567557e-03 -5.613331e-03 -8.813879e-03
-3.353553e+00 -1.243092e+00 9.999983e-01 1.002721e+00 9.926585e-01 9.999976e-01 1.192483e+00 1 0 3.712997e-02 -3.465551e-03 -5.683141e-02 1.994901e-03 -5.336586e-02
VARIABLES = "X", "Y", "ro", "u", "v", "pre", "Ma", "PART", "IMEX", "Ux", "Uy", "Vx", "Vy", "Vort" 
ZONE I=2, J=2, DATAPACKING=POINT
-2.353553e+00 -1.480847e+00 9.997304e-01 1.040685e+00 9.353375e-01 9.996226e-01 1.182640e+00 1 0 4.331428e-02 2.246018e-02 -1.078725e-01 -2.125555e-01 -1.303327e-01
-2.000000e+00 -5.000000e-01 9.912538e-01 1.078349e+00 6.866053e-01 9.877767e-01 1.082331e+00 1 0 7.582047e-02 1.139703e-02 -2.965058e-01 -1.488800e-01 -3.079029e-01
-3.353553e+00 -1.243092e+00 9.999983e-01 1.002721e+00 9.926585e-01 9.999976e-01 1.192483e+00 1 0 3.519460e-02 -1.160574e-02 -6.059558e-02 -1.383723e-02 -4.898983e-02
-3.000000e+00 -3.535534e-01 9.999330e-01 1.004841e+00 9.589238e-01 9.999063e-01 1.173910e+00 1 0 6.919135e-02 -2.511768e-02 -2.603547e-01 6.555348e-02 -2.352370e-01
VARIABLES = "X", "Y", "ro", "u", "v", "pre", "Ma", "PART", "IMEX", "Ux", "Uy", "Vx", "Vy", "Vort" 
ZONE I=2, J=2, DATAPACKING=POINT
-9.999999e-01 -8.353553e+00 1.000000e+00 1.000000e+00 1.000000e+00 1.000000e+00 1.195229e+00 1 0 -4.659657e-12 3.184845e-11 3.412866e-13 -2.333483e-12 -3.150716e-11
-6.464466e-01 -7.243092e+00 1.000000e+00 1.000000e+00 1.000000e+00 1.000000e+00 1.195229e+00 1 0 2.483105e-11 1.910276e-11 -1.925453e-12 -2.047618e-12 -2.102821e-11
-2.000000e+00 -8.500000e+00 1.000000e+00 1.000000e+00 1.000000e+00 1.000000e+00 1.195229e+00 1 0 -5.112002e-13 3.521017e-12 -6.636083e-15 4.228157e-14 -3.527653e-12
-1.646447e+00 -7.480847e+00 1.000000e+00 1.000000e+00 1.000000e+00 1.000000e+00 1.195229e+00 1 0 3.180656e-11 -1.011006e-11 -2.480018e-12 2.557118e-13 7.630046e-12
VARIABLES = "X", "Y", "ro", "u", "v", "pre", "Ma", "PART", "IMEX", "Ux", "Uy", "Vx", "Vy", "Vort" 
ZONE I=2, J=2, DATAPACKING=POINT
-6.464466e-01 -7.243092e+00 1.000000e+00 1.000000e+00 1.000000e+00 1.000000e+00 1.195229e+00 1 0 -7.913350e-09 3.340766e-08 6.389860e-10 -2.697670e-09 -3.276868e-08
-5.000000e-01 -6.191342e+00 1.000000e+00 1.000000e+00 1.000000e+00 1.000000e+00 1.195229e+00 1 0 2.380694e-08 2.899090e-08 -1.551909e-09 -2.392608e-09 -3.054281e-08
-1.646447e+00 -7.480847e+00 1.000000e+00 1.000000e+00 1.000000e+00 1.000000e+00 1.195229e+00 1 0 -5.385120e-10 2.388991e-09 1.296120e-10 -5.552361e-10 -2.259379e-09
-1.500000e+00 -6.461940e+00 1.000000e+00 1.000000e+00 1.000000e+00 1.000000e+00 1.195229e+00 1 0 3.228184e-08 -2.328248e-09 -2.137263e-09 -2.294203e-10 1.909845e-10
VARIABLES = "X", "Y", "ro", "u", "v", "pre", "Ma", "PART", "IMEX", "Ux", "Uy", "Vx", "Vy", "Vort" 
ZONE I=2, J=2, DATAPACKING=POINT
-5.000000e-01 -6.191342e+00 1.000000e+00 1.000000e+00 1.000000e+00 1.000000e+00 1.195229e+00 1 0 -1.600971e-06 6.033387e-06 1.994227e-07 -7.450979e-07 -5.833965e-06
-6.464466e-01 -5.243092e+00 1.000000e+00 1.000006e+00 9.999993e-01 1.000000e+00 1.195232e+00 1 0 3.800765e-06 6.867626e-06 -3.732745e-07 -8.335447e-07 -7.240900e-06
-1.500000e+00 -6.461940e+00 1.000000e+00 1.000000e+00 1.000000e+00 1.000000e+00 1.195229e+00 1 0 -1.163627e-07 5.469902e-07 4.202312e-08 -1.634249e-07 -5.049671e-07
-1.646447e+00 -5.480847e+00 1.000000e+00 1.000001e+00 9.999998e-01 1.000000e+00 1.195229e+00 1 0 5.117771e-06 1.328283e-06 -5.129046e-07 -2.462584e-07 -1.841188e-06
VARIABLES = "X", "Y", "ro", "u", "v", "pre", "Ma", "PART", "IMEX", "Ux", "Uy", "Vx", "Vy", "Vort" 
ZONE I=2, J=2, DATAPACKING=POINT
-6.464466e-01 -5.243092e+00 1.000000e+00 1.000006e+00 9.999993e-01 1.000000e+00 1.195232e+00 1 0 -5.839142e-05 2.684488e-04 1.418620e-05 -6.207089e-05 -2.542626e-04
-1.000000e+00 -4.353553e+00 1.000000e+00 1.000265e+00 9.999390e-01 1.000000e+00 1.195351e+00 1 0 1.802147e-04 3.632845e-04 -3.479911e-05 -8.154044e-05 -3.980836e-04
-1.646447e+00 -5.480847e+00 1.000000e+00 1.000001e+00 9.999998e-01 1.000000e+00 1.195229e+00 1 0 -2.018568e-06 3.134383e-05 2.612978e-06 -1.339376e-05 -2.873085e-05
-2.000000e+00 -4.500000e+00 1.000000e+00 1.000032e+00 9.999858e-01 1.000000e+00 1.195239e+00 1 0 2.172516e-04 1.103813e-04 -4.240269e-05 -2.961999e-05 -1.527840e-04
VARIABLES = "X", "Y", "ro", "u", "v", "pre", "Ma", "PART", "IMEX", "Ux", "Uy", "Vx", "Vy", "Vort" 
ZONE I=2, J=2, DATAPACKING=POINT
-1.000000e+00 -4.353553e+00 1.000000e+00 1.000265e+00 9.999390e-01 1.000000e+00 1.195351e+00 1 0 -4.816827e-04 4.883003e-03 2.390568e-04 -1.951546e-03 -4.643946e-03
-1.353553e+00 -3.436928e+00 9.999993e-01 1.004912e+00 9.980657e-01 9.999990e-01 1.197015e+00 1 0 3.952508e-03 6.593331e-03 -1.368675e-03 -2.571670e-03 -7.962006e-03
-2.000000e+00 -4.500000e+00 1.000000e+00 1.000032e+00 9.999858e-01 1.000000e+00 1.195239e+00 1 0 1.349513e-04 6.723625e-04 1.547996e-05 -4.248675e-04 -6.568825e-04
-2.353553e+00 -3.480847e+00 1.000000e+00 1.000670e+00 9.995473e-01 1.000000e+00 1.195358e+00 1 0 4.151351e-03 2.065688e-03 -1.440771e-03 -9.300541e-04 -3.506459e-03
VARIABLES = "X", "Y", "ro", "u", "v", "pre", "Ma", "PART", "IMEX", "Ux", "Uy", "Vx", "Vy", "Vort" 
ZONE I=2, J=2, DATAPACKING=POINT
-1.353553e+00 -3.436928e+00 9.999993e-01 1.004912e+00 9.980657e-01 9.999990e-01 1.197015e+00 1 0 2.168341e-03 4.721752e-02 -1.780221e-04 -2.968198e-02 -4.739554e-02
-1.500000e+00 -2.461940e+00 9.998489e-01 1.050637e+00 9.691478e-01 9.997885e-01 1.208071e+00 1 0 4.379094e-02 5.348348e-02 -2.389675e-02 -3.325353e-02 -7.738023e-02
-2.353553e+00 -3.480847e+00 1.000000e+00 1.000670e+00 9.995473e-01 1.000000e+00 1.195358e+00 1 0 3.950604e-03 6.636553e-03 -1.193638e-03 -6.557086e-03 -7.830192e-03
-2.500000e+00 -2.461940e+00 9.999972e-01 1.006853e+00 9.930410e-01 9.999961e-01 1.195194e+00 1 0 4.377795e-02 1.236093e-02 -2.388966e-02 -9.819199e-03 -3.625059e-02
VARIABLES = "X", "Y", "ro", "u", "v", "pre", "Ma", "PART", "IMEX", "Ux", "Uy", "Vx", "Vy", "Vort" 
ZONE I=2, J=2, DATAPACKING=POINT
-1.500000e+00 -2.461940e+00 9.998489e-01 1.050637e+00 9.691478e-01 9.997885e-01 1.208071e+00 1 0 4.379093e-02 2.038175e-01 -2.389674e-02 -2.107049e-01 -2.277142e-01
-1.353553e+00 -1.436928e+00 9.875635e-01 1.268645e+00 7.469430e-01 9.826322e-01 1.247357e+00 1 0 2.227079e-01 1.835143e-01 -1.822197e-01 -1.934453e-01 -3.657340e-01
-2.500000e+00 -2.461940e+00 9.999972e-01 1.006853e+00 9.930410e-01 9.999961e-01 1.195194e+00 1 0 4.377795e-02 2.794050e-02 -2.388966e-02 -5.523390e-02 -5.183015e-02
-2.353553e+00 -1.480847e+00 9.997304e-01 1.040685e+00 9.353375e-01 9.996226e-01 1.182640e+00 1 0 2.251459e-01 8.863122e-04 -1.847289e-01 -3.125700e-02 -1.856152e-01
VARIABLES = "X", "Y", "ro", "u", "v", "pre", "Ma", "PART", "IMEX", "Ux", "Uy", "Vx", "Vy", "Vort" 
ZONE I=2, J=2, DATAPACKING=POINT
-1.353553e+00 -1.436928e+00 9.875635e-01 1.268645e+00 7.469430e-01 9.826322e-01 1.247357e+00 1 0 2.342701e-01 -7.974875e-02 -1.767620e-01 -3.177110e-01 -9.701329e-02
-1.000000e+00 -3.535534e-01 8.122016e-01 1.264303e+00 2.524388e-01 7.473591e-01 1.135908e+00 1 0 2.390884e-01 -8.289809e-02 -4.711177e-01 -4.012526e-01 -3.882196e-01
-2.353553e+00 -1.480847e+00 9.997304e-01 1.040685e+00 9.353375e-01 9.996226e-01 1.182640e+00 1 0 2.271080e-01 -4.378960e-02 -1.778747e-01 -1.873228e-01 -1.340851e-01
-2.000000e+00 -5.000000e-01 9.912538e-01 1.078349e+00 6.866053e-01 9.877767e-01 1.082331e+00 1 0 1.548686e-01 -1.709642e-02 -3.360253e-01 -1.346350e-01 -3.189289e-01
VARIABLES = "X", "Y", "ro", "u", "v", "pre", "Ma", "PART", "IMEX", "Ux", "Uy", "Vx", "Vy", "Vort" 
ZONE I=2, J=2, DATAPACKING=POINT
5.358979e-08 -8.000000e+00 1.000000e+00 1.000000e+00 1.000000e+00 1.000000e+00 1.195229e+00 1 0 -1.749543e-10 4.952083e-10 -9.012653e-12 2.549320e-11 -5.042210e-10
3.535534e-01 -6.862937e+00 1.000000e+00 1.000000e+00 1.000000e+00 1.000000e+00 1.195229e+00 1 0 3.427645e-10 3.335271e-10 2.264164e-11 1.565075e-11 -3.108855e-10
-9.999999e-01 -8.353553e+00 1.000000e+00 1.000000e+00 1.000000e+00 1.000000e+00 1.195229e+00 1 0 -1.195274e-11 3.417045e-11 8.869939e-13 -2.507228e-12 -3.328345e-11
-6.464466e-01 -7.243092e+00 1.000000e+00 1.000000e+00 1.000000e+00 1.000000e+00 1.195229e+00 1 0 5.224935e-10 -1.393210e-10 3.367288e-11 -1.337843e-11 1.729939e-10
VARIABLES = "X", "Y", "ro", "u", "v", "pre", "Ma", "PART", "IMEX", "Ux", "Uy", "Vx", "Vy", "Vort" 
ZONE I=2, J=2, DATAPACKING=POINT
3.535534e-01 -6.862937e+00 1.000000e+00 1.000000e+00 1.000000e+00 1.000000e+00 1.195229e+00 1 0 -1.199931e-07 3.168780e-07 -1.034789e-08 2.729542e-08 -3.272259e-07
5.000000e-01 -5.808658e+00 1.000000e+00 1.000000e+00 1.000000e+00 1.000000e+00 1.195229e+00 1 0 1.775498e-07 2.755472e-07 2.126903e-08 2.290361e-08 -2.542782e-07
-6.464466e-01 -7.243092e+00 1.000000e+00 1.000000e+00 1.000000e+00 1.000000e+00 1.195229e+00 1 0 -1.247182e-08 3.404239e-08 1.077327e-09 -2.758705e-09 -3.296506e-08
-5.000000e-01 -6.191342e+00 1.000000e+00 1.000000e+00 1.000000e+00 1.000000e+00 1.195229e+00 1 0 2.858667e-07 -7.498503e-09 3.277879e-08 -7.172842e-09 4.027729e-08
VARIABLES = "X", "Y", "ro", "u", "v", "pre", "Ma", "PART", "IMEX", "Ux", "Uy", "Vx", "Vy", "Vort" 
ZONE I=2, J=2, DATAPACKING=POINT
5.000000e-01 -5.808658e+00 1.000000e+00 1.000000e+00 1.000000e+00 1.000000e+00 1.195229e+00 1 0 -1.638565e-05 4.355728e-05 -1.180748e-06 3.163925e-06 -4.473803e-05
3.535534e-01 -4.862937e+00 1.000000e+00 1.000044e+00 1.000003e+00 1.000000e+00 1.195257e+00 1 0 1.926298e-05 4.907754e-05 2.510790e-06 3.735566e-06 -4.656675e-05
-5.000000e-01 -6.191342e+00 1.000000e+00 1.000000e+00 1.000000e+00 1.000000e+00 1.195229e+00 1 0 -2.002169e-06 5.971427e-06 3.087114e-07 -7.282195e-07 -5.662715e-06
-6.464466e-01 -5.243092e+00 1.000000e+00 1.000006e+00 9.999993e-01 1.000000e+00 1.195232e+00 1 0 3.356198e-05 1.146392e-05 3.991501e-06 -1.594535e-07 -7.472415e-06
VARIABLES = "X", "Y", "ro", "u", "v", "pre", "Ma", "PART", "IMEX", "Ux", "Uy", "Vx", "Vy", "Vort" 
ZONE I=2, J=2, DATAPACKING=POINT
3.535534e-01 -4.862937e+00 1.000000e+00 1.000044e+00 1.000003e+00 1.000000e+00 1.195257e+00 1 0 -6.215077e-04 1.734629e-03 4.617988e-06 -1.807432e-06 -1.730011e-03
-2.679490e-08 -4.000000e+00 9.999999e-01 1.001761e+00 1.000000e+00 9.999999e-01 1.196281e+00 1 0 6.915994e-04 2.272622e-03 5.439687e-05 1.858744e-05 -2.218225e-03
-6.464466e-01 -5.243092e+00 1.000000e+00 1.000006e+00 9.999993e-01 1.000000e+00 1.195232e+00 1 0 -6.337855e-05 2.664666e-04 2.577624e-05 -5.746435e-05 -2.406904e-04
-1.000000e+00 -4.353553e+00 1.000000e+00 1.000265e+00 9.999390e-01 1.000000e+00 1.195351e+00 1 0 1.220472e-03 7.767422e-04 7.444604e-05 -3.812019e-05 -7.022962e-04
VARIABLES = "X", "Y", "ro", "u", "v", "pre", "Ma", "PART", "IMEX", "Ux", "Uy", "Vx", "Vy", "Vort" 
ZONE I=2, J=2, DATAPACKING=POINT
-2.679490e-08 -4.000000e+00 9.999999e-01 1.001761e+00 1.000000e+00 9.999999e-01 1.196281e+00 1 0 -8.157723e-03 2.730229e-02 1.190831e-03 -3.195735e-03 -2.611145e-02
-3.535534e-01 -3.137063e+00 9.999711e-01 1.028206e+00 9.968212e-01 9.999596e-01 1.210337e+00 1 0 1.256161e-02 3.579295e-02 -1.245804e-04 -3.734884e-03 -3.591753e-02
-1.000000e+00 -4.353553e+00 1.000000e+00 1.000265e+00 9.999390e-01 1.000000e+00 1.195351e+00 1 0 -2.613558e-04 4.967986e-03 6.895151e-04 -1.777798e-03 -4.278470e-03
-1.353553e+00 -3.436928e+00 9.999993e-01 1.004912e+00 9.980657e-01 9.999990e-01 1.197015e+00 1 0 1.951613e-02 1.259641e-02 -5.661404e-04 -2.262123e-03 -1.316255e-02
VARIABLES = "X", "Y", "ro", "u", "v", "pre", "Ma", "PART", "IMEX", "Ux", "Uy", "Vx", "Vy", "Vort" 
ZONE I=2, J=2, DATAPACKING=POINT
-3.535534e-01 -3.137063e+00 9.999711e-01 1.028206e+00 9.968212e-01 9.999596e-01 1.210337e+00 1 0 -3.862895e-02 2.065047e-01 1.368699e-02 -4.979410e-02 -1.928177e-01
-5.000000e-01 -2.191342e+00 9.960721e-01 1.229945e+00 9.475332e-01 9.945053e-01 1.313225e+00 1 0 1.171301e-01 2.322910e-01 -7.235443e-03 -5.344119e-02 -2.395265e-01
-1.353553e+00 -3.436928e+00 9.999993e-01 1.004912e+00 9.980657e-01 9.999990e-01 1.197015e+00 1 0 8.834224e-03 4.821876e-02 7.318477e-03 -2.855598e-02 -4.090028e-02
-1.500000e+00 -2.461940e+00 9.998489e-01 1.050637e+00 9.691478e-01 9.997885e-01 1.208071e+00 1 0 1.594566e-01 7.085687e-02 -1.297836e-02 -3.161355e-02 -8.383522e-02
VARIABLES = "X", "Y", "ro", "u", "v", "pre", "Ma", "PART", "IMEX", "Ux", "Uy", "Vx", "Vy", "Vort" 
ZONE I=2, J=2, DATAPACKING=POINT
-5.000000e-01 -2.191342e+00 9.960721e-01 1.229945e+00 9.475332e-01 9.945053e-01 1.313225e+00 1 0 7.121747e-02 4.019619e-01 1.783265e-02 -1.460808e-01 -3.841292e-01
-3.535534e-01 -1.137063e+00 8.576752e-01 1.734220e+00 7.717048e-01 8.065884e-01 1.654270e+00 1 0 3.855700e-01 5.019360e-01 9.035558e-02 -2.062385e-01 -4.115805e-01
-1.500000e+00 -2.461940e+00 9.998489e-01 1.050637e+00 9.691478e-01 9.997885e-01 1.208071e+00 1 0 1.266824e-01 1.919745e-01 3.787143e-02 -2.195299e-01 -1.541031e-01
-1.353553e+00 -1.436928e+00 9.875635e-01 1.268645e+00 7.469430e-01 9.826322e-01 1.247357e+00 1 0 3.549783e-01 1.646164e-01 9.122781e-02 -2.325136e-01 -7.338860e-02
VARIABLES = "X", "Y", "ro", "u", "v", "pre", "Ma", "PART", "IMEX", "Ux", "Uy", "Vx", "Vy", "Vort" 
ZONE I=2, J=2, DATAPACKING=POINT
-3.535534e-01 -1.137063e+00 8.576752e-01 1.734220e+00 7.717048e-01 8.065884e-01 1.654270e+00 1 0 7.141514e-01 -5.938270e-01 -6.784356e-03 1.177066e-01 5.870426e-01
0.000000e+00 0.000000e+00 4.938073e-01 1.000000e+00 1.000000e+00 3.723750e-01 1.376384e+00 1 0 -4.291936e-02 -1.108175e+00 1.242915e+00 -3.774582e-02 2.351090e+00
-1.353553e+00 -1.436928e+00 9.875635e-01 1.268645e+00 7.469430e-01 9.826322e-01 1.247357e+00 1 0 4.492975e-01 -1.499217e-01 1.486170e-01 -4.238967e-01 2.985387e-01
-1.000000e+00 -3.535534e-01 8.122016e-01 1.264303e+00 2.524388e-01 7.473591e-01 1.135908e+00 1 0 -1.797039e-01 5.377246e-02 7.356027e-01 -7.950592e-01 6.818303e-01
