VARIABLES = "X", "Y", "ro", "u", "v", "pre", "Ma", "PART", "IMEX", "Ux", "Uy", "Vx", "Vy", "Vort" 
ZONE I=2, J=2, DATAPACKING=POINT
1.000000e+00 3.535534e-01 6.727462e-01 1.039005e+00 1.705490e+00 5.648866e-01 1.841921e+00 3 0 -1.036354e-01 -4.974685e-01 1.975306e+00 -8.497857e-01 2.472775e+00
1.353553e+00 1.436928e+00 9.309345e-01 5.917804e-01 1.455912e+00 8.948957e-01 1.354714e+00 3 0 4.203020e-01 -5.393391e-01 3.383222e-01 -3.483508e-01 8.776613e-01
0.000000e+00 0.000000e+00 6.723633e-01 1.331820e+00 4.224496e-01 5.393653e-01 1.318437e+00 3 0 -3.023147e-01 -4.967696e-01 1.264592e+00 -8.023785e-02 1.761361e+00
3.535534e-01 1.137063e+00 5.829987e-01 3.082813e-01 1.048419e+00 5.035250e-01 9.938053e-01 3 0 6.705500e-01 -1.367931e+00 5.722542e-01 3.646386e-01 1.940185e+00
VARIABLES = "X", "Y", "ro", "u", "v", "pre", "Ma", "PART", "IMEX", "Ux", "Uy", "Vx", "Vy", "Vort" 
ZONE I=2, J=2, DATAPACKING=POINT
1.353553e+00 1.436928e+00 9.472219e-01 5.318836e-01 1.435961e+00 9.228688e-01 1.311151e+00 3 0 3.016064e-01 7.431603e-02 4.454221e-01 -4.726882e-01 3.711061e-01
1.500000e+00 2.461940e+00 1.000213e+00 7.773628e-01 1.082893e+00 1.013153e+00 1.119393e+00 3 0 1.360986e-01 3.135288e-01 1.995410e-01 -3.420113e-01 -1.139878e-01
3.535534e-01 1.137063e+00 6.510295e-01 2.188584e-01 9.714798e-01 5.647964e-01 9.035962e-01 3 0 1.516035e-01 2.626576e-01 7.567276e-01 -2.323285e-01 4.940700e-01
5.000000e-01 2.191342e+00 9.637711e-01 5.425445e-01 9.998935e-01 9.508446e-01 9.679637e-01 3 0 1.767210e-01 2.806110e-01 4.643992e-02 1.066287e-01 -2.341711e-01
VARIABLES = "X", "Y", "ro", "u", "v", "pre", "Ma", "PART", "IMEX", "Ux", "Uy", "Vx", "Vy", "Vort" 
ZONE I=2, J=2, DATAPACKING=POINT
1.500000e+00 2.461940e+00 9.815744e-01 8.025390e-01 1.083038e+00 9.806628e-01 1.139777e+00 3 0 1.526234e-01 2.573115e-01 9.148859e-02 -7.289668e-02 -1.658229e-01
1.353553e+00 3.436928e+00 9.998380e-01 9.757800e-01 1.004060e+00 9.977510e-01 1.184538e+00 3 0 3.034706e-02 1.493317e-01 1.700954e-02 -6.754463e-02 -1.323222e-01
5.000000e-01 2.191342e+00 9.646354e-01 5.557407e-01 1.025672e+00 9.505656e-01 9.931889e-01 3 0 1.607369e-01 4.199314e-01 5.757663e-02 3.461308e-02 -3.623547e-01
3.535534e-01 3.137063e+00 1.012507e+00 8.996681e-01 1.001473e+00 1.017784e+00 1.134824e+00 3 0 -3.944135e-02 3.614063e-01 2.670555e-02 -4.278505e-02 -3.347007e-01
VARIABLES = "X", "Y", "ro", "u", "v", "pre", "Ma", "PART", "IMEX", "Ux", "Uy", "Vx", "Vy", "Vort" 
ZONE I=2, J=2, DATAPACKING=POINT
1.353553e+00 3.436928e+00 9.970360e-01 9.754542e-01 1.008018e+00 9.950438e-01 1.186697e+00 3 0 5.539636e-02 4.315466e-02 -9.084692e-04 -1.380416e-03 -4.406313e-02
1.000000e+00 4.353553e+00 1.000392e+00 9.968455e-01 9.995771e-01 1.000795e+00 1.192852e+00 3 0 -4.405232e-03 2.392861e-02 6.828599e-03 -1.008443e-02 -1.710001e-02
3.535534e-01 3.137063e+00 1.003681e+00 9.158722e-01 1.003054e+00 1.004817e+00 1.147311e+00 3 0 6.747529e-03 1.301523e-01 1.584125e-02 8.508982e-04 -1.143111e-01
2.679490e-08 4.000000e+00 9.991289e-01 9.941427e-01 9.967340e-01 9.987114e-01 1.190026e+00 3 0 -2.160578e-02 6.448192e-02 3.315800e-03 -3.758452e-03 -6.116612e-02
VARIABLES = "X", "Y", "ro", "u", "v", "pre", "Ma", "PART", "IMEX", "Ux", "Uy", "Vx", "Vy", "Vort" 
ZONE I=2, J=2, DATAPACKING=POINT
1.000000e+00 4.353553e+00 9.996969e-01 9.978023e-01 9.998819e-01 9.996720e-01 1.193860e+00 3 0 1.170687e-03 5.289552e-03 1.575694e-03 1.360389e-03 -3.713859e-03
6.464466e-01 5.243092e+00 9.999483e-01 1.000095e+00 9.999640e-01 9.998969e-01 1.195295e+00 3 0 -2.205089e-04 1.227136e-03 -7.329363e-05 -1.838613e-04 -1.300429e-03
2.679490e-08 4.000000e+00 9.988514e-01 9.948557e-01 9.984573e-01 9.984153e-01 1.191494e+00 3 0 8.764341e-04 7.479037e-03 -1.261439e-03 5.361295e-03 -8.740477e-03
-3.535534e-01 4.862937e+00 1.000104e+00 9.996855e-01 1.000020e+00 1.000142e+00 1.195030e+00 3 0 -1.296146e-03 4.515897e-03 1.401497e-04 -2.457256e-04 -4.375747e-03
VARIABLES = "X", "Y", "ro", "u", "v", "pre", "Ma", "PART", "IMEX", "Ux", "Uy", "Vx", "Vy", "Vort" 
ZONE I=2, J=2, DATAPACKING=POINT
6.464466e-01 5.243092e+00 9.999748e-01 1.000009e+00 1.000006e+00 9.999546e-01 1.195249e+00 3 0 3.296125e-04 -1.689328e-04 -8.192551e-05 6.908661e-05 8.700725e-05
5.000000e-01 6.191342e+00 1.000004e+00 9.999844e-01 9.999989e-01 1.000009e+00 1.195215e+00 3 0 -4.593425e-05 8.284926e-05 3.156828e-05 -4.844446e-05 -5.128099e-05
-3.535534e-01 4.862937e+00 1.000028e+00 9.998050e-01 9.999616e-01 1.000035e+00 1.195085e+00 3 0 -1.485575e-04 4.668016e-04 2.385004e-04 -6.283016e-05 -2.283011e-04
-5.000000e-01 5.808658e+00 9.999871e-01 1.000017e+00 9.999947e-01 9.999835e-01 1.195238e+00 3 0 -5.858535e-05 6.279254e-05 -6.150879e-05 1.102391e-04 -1.243013e-04
VARIABLES = "X", "Y", "ro", "u", "v", "pre", "Ma", "PART", "IMEX", "Ux", "Uy", "Vx", "Vy", "Vort" 
ZONE I=2, J=2, DATAPACKING=POINT
5.000000e-01 6.191342e+00 9.999999e-01 9.999959e-01 9.999977e-01 1.000001e+00 1.195224e+00 3 0 -2.527874e-05 3.123754e-05 3.759872e-06 -2.025911e-08 -2.747766e-05
6.464466e-01 7.243092e+00 1.000000e+00 1.000001e+00 1.000001e+00 9.999998e-01 1.195230e+00 3 0 4.397052e-06 -8.457045e-06 -9.203578e-07 3.963865e-06 7.536687e-06
-5.000000e-01 5.808658e+00 1.000000e+00 1.000005e+00 1.000006e+00 1.000001e+00 1.195234e+00 3 0 2.130984e-05 -3.400722e-05 -4.216381e-05 2.208570e-05 -8.156595e-06
-3.535534e-01 6.862937e+00 1.000001e+00 9.999981e-01 9.999995e-01 1.000001e+00 1.195227e+00 3 0 -4.490716e-07 8.511938e-06 1.256343e-05 -2.059487e-05 4.051488e-06
VARIABLES = "X", "Y", "ro", "u", "v", "pre", "Ma", "PART", "IMEX", "Ux", "Uy", "Vx", "Vy", "Vort" 
ZONE I=2, J=2, DATAPACKING=POINT
6.464466e-01 7.243092e+00 1.000000e+00 1.000000e+00 1.000001e+00 1.000000e+00 1.195229e+00 3 0 1.713141e-06 -2.271325e-06 1.654812e-06 -1.449995e-06 3.926137e-06
9.999999e-01 8.353553e+00 9.999999e-01 1.000000e+00 9.999999e-01 9.999999e-01 1.195229e+00 3 0 -2.820089e-07 7.626954e-07 -4.359409e-07 2.696877e-08 -1.198636e-06
-3.535534e-01 6.862937e+00 9.999988e-01 9.999998e-01 9.999981e-01 9.999983e-01 1.195228e+00 3 0 -3.066879e-06 4.417624e-06 6.666137e-06 -2.409398e-06 2.248512e-06
-5.358979e-08 8.000000e+00 1.000000e+00 1.000000e+00 1.000000e+00 1.000000e+00 1.195229e+00 3 0 4.962202e-07 -1.629586e-06 -2.503098e-06 3.834522e-06 -8.735112e-07
VARIABLES = "X", "Y", "ro", "u", "v", "pre", "Ma", "PART", "IMEX", "Ux", "Uy", "Vx", "Vy", "Vort" 
ZONE I=2, J=2, DATAPACKING=POINT
2.000000e+00 5.000000e-01 9.505176e-01 9.213468e-01 1.554348e+00 9.483275e-01 1.528869e+00 3 0 1.235117e-01 -2.440676e-01 -2.563655e-01 -1.910624e-01 -1.229790e-02
2.353553e+00 1.480847e+00 9.892278e-01 8.543276e-01 1.223607e+00 9.919575e-01 1.259524e+00 3 0 2.191445e-01 -7.911183e-02 -1.924152e-01 -2.962129e-01 -1.133033e-01
1.000000e+00 3.535534e-01 6.134913e-01 1.001084e+00 1.833921e+00 5.190272e-01 1.919813e+00 3 0 -1.983932e-01 -4.805849e-01 -8.231211e-02 -2.937816e-01 3.982728e-01
1.353553e+00 1.436928e+00 9.166362e-01 6.102395e-01 1.455790e+00 8.786759e-01 1.362604e+00 3 0 3.024812e-01 -4.016083e-01 -2.327588e-01 -2.375256e-01 1.688495e-01
VARIABLES = "X", "Y", "ro", "u", "v", "pre", "Ma", "PART", "IMEX", "Ux", "Uy", "Vx", "Vy", "Vort" 
ZONE I=2, J=2, DATAPACKING=POINT
2.353553e+00 1.480847e+00 9.810170e-01 8.581036e-01 1.215506e+00 9.766346e-01 1.260309e+00 3 0 2.547231e-01 7.296839e-02 -2.158560e-01 -1.614104e-01 -2.888244e-01
2.500000e+00 2.461940e+00 9.951100e-01 9.587263e-01 1.043975e+00 9.926037e-01 1.199438e+00 3 0 1.670744e-01 7.315608e-02 -7.749520e-02 -1.529322e-01 -1.506513e-01
1.353553e+00 1.436928e+00 9.387527e-01 5.612048e-01 1.442211e+00 9.044064e-01 1.332526e+00 3 0 3.570977e-01 7.519689e-02 -2.036886e-01 -3.589042e-01 -2.788855e-01
1.500000e+00 2.461940e+00 1.009595e+00 7.840186e-01 1.099781e+00 1.021352e+00 1.134902e+00 3 0 1.846406e-01 2.568274e-01 -2.039362e-02 -3.085439e-01 -2.772210e-01
VARIABLES = "X", "Y", "ro", "u", "v", "pre", "Ma", "PART", "IMEX", "Ux", "Uy", "Vx", "Vy", "Vort" 
ZONE I=2, J=2, DATAPACKING=POINT
2.500000e+00 2.461940e+00 9.927429e-01 9.595430e-01 1.043183e+00 9.900409e-01 1.199535e+00 3 0 1.630669e-01 5.452075e-02 -7.542007e-02 -5.129849e-02 -1.299408e-01
2.353553e+00 3.480847e+00 1.000579e+00 9.912192e-01 1.003500e+00 1.000868e+00 1.191923e+00 3 0 2.331210e-02 3.710352e-02 1.633192e-03 -3.848843e-02 -3.547033e-02
1.500000e+00 2.461940e+00 9.934213e-01 8.013106e-01 1.096918e+00 9.956571e-01 1.146792e+00 3 0 1.540090e-01 2.333631e-01 -2.166762e-02 -1.090082e-01 -2.550307e-01
1.353553e+00 3.436928e+00 1.001566e+00 9.727606e-01 1.004063e+00 1.000553e+00 1.182124e+00 3 0 2.549645e-03 1.617995e-01 3.035554e-03 -8.293870e-02 -1.587639e-01
VARIABLES = "X", "Y", "ro", "u", "v", "pre", "Ma", "PART", "IMEX", "Ux", "Uy", "Vx", "Vy", "Vort" 
ZONE I=2, J=2, DATAPACKING=POINT
2.353553e+00 3.480847e+00 9.997115e-01 9.931336e-01 1.003020e+00 9.994877e-01 1.193078e+00 3 0 1.701513e-02 1.608841e-02 -3.205688e-03 -5.395508e-03 -1.929410e-02
2.000000e+00 4.500000e+00 9.997159e-01 9.997195e-01 9.997659e-01 9.996036e-01 1.194988e+00 3 0 2.224657e-04 4.698092e-03 3.176929e-04 -2.297263e-03 -4.380399e-03
1.353553e+00 3.436928e+00 9.975247e-01 9.764649e-01 1.007293e+00 9.956471e-01 1.186783e+00 3 0 1.605893e-02 3.686147e-02 -5.623568e-03 -3.679228e-03 -4.248504e-02
1.000000e+00 4.353553e+00 9.999995e-01 9.975565e-01 9.997506e-01 1.000238e+00 1.193478e+00 3 0 4.565727e-04 2.022001e-02 1.495887e-03 -1.034599e-02 -1.872413e-02
VARIABLES = "X", "Y", "ro", "u", "v", "pre", "Ma", "PART", "IMEX", "Ux", "Uy", "Vx", "Vy", "Vort" 
ZONE I=2, J=2, DATAPACKING=POINT
2.000000e+00 4.500000e+00 9.997174e-01 9.997217e-01 9.999357e-01 9.996256e-01 1.195079e+00 3 0 1.186514e-03 6.836486e-04 -3.713323e-04 3.078664e-04 -1.054981e-03
1.646447e+00 5.480847e+00 1.000047e+00 9.999790e-01 1.000030e+00 1.000064e+00 1.195224e+00 3 0 4.953638e-05 2.859804e-04 5.794068e-05 -6.068835e-05 -2.280397e-04
1.000000e+00 4.353553e+00 9.996709e-01 9.980539e-01 1.000048e+00 9.996501e-01 1.194107e+00 3 0 1.665992e-03 4.004228e-03 1.707866e-04 5.927955e-04 -3.833442e-03
6.464466e-01 5.243092e+00 1.000008e+00 1.000012e+00 9.999592e-01 9.999772e-01 1.195230e+00 3 0 -6.125443e-04 1.371166e-03 1.123749e-04 -2.955386e-04 -1.258791e-03
VARIABLES = "X", "Y", "ro", "u", "v", "pre", "Ma", "PART", "IMEX", "Ux", "Uy", "Vx", "Vy", "Vort" 
ZONE I=2, J=2, DATAPACKING=POINT
1.646447e+00 5.480847e+00 1.000031e+00 9.999817e-01 1.000025e+00 1.000040e+00 1.195227e+00 3 0 4.248812e-05 3.025599e-05 4.834531e-05 -3.665950e-05 1.808932e-05
1.500000e+00 6.461940e+00 9.999914e-01 1.000001e+00 9.999927e-01 9.999887e-01 1.195226e+00 3 0 -2.361882e-05 1.523354e-05 9.747058e-06 -2.360214e-05 -5.486485e-06
6.464466e-01 5.243092e+00 9.999900e-01 9.999917e-01 9.999959e-01 9.999738e-01 1.195231e+00 3 0 -5.399777e-05 -5.017787e-05 -9.234472e-06 7.704018e-05 4.094340e-05
5.000000e-01 6.191342e+00 9.999948e-01 9.999959e-01 9.999970e-01 9.999970e-01 1.195223e+00 3 0 2.567022e-05 3.573497e-05 -1.951745e-06 -3.768709e-05 -3.768671e-05
VARIABLES = "X", "Y", "ro", "u", "v", "pre", "Ma", "PART", "IMEX", "Ux", "Uy", "Vx", "Vy", "Vort" 
ZONE I=2, J=2, DATAPACKING=POINT
1.500000e+00 6.461940e+00 9.999937e-01 1.000002e+00 9.999942e-01 9.999916e-01 1.195227e+00 3 0 -7.080658e-06 1.655084e-06 -2.498999e-06 1.042097e-05 -4.154083e-06
1.646447e+00 7.480847e+00 1.000001e+00 1.000000e+00 1.000001e+00 1.000002e+00 1.195229e+00 3 0 4.307466e-06 -3.955761e-06 -3.628975e-06 5.644458e-06 3.267854e-07
5.000000e-01 6.191342e+00 9.999972e-01 9.999986e-01 9.999969e-01 9.999974e-01 1.195226e+00 3 0 1.073572e-05 4.754153e-06 -6.889735e-06 5.741183e-06 -1.164389e-05
6.464466e-01 7.243092e+00 1.000001e+00 9.999998e-01 1.000001e+00 1.000001e+00 1.195229e+00 3 0 -2.817108e-06 -9.830590e-07 1.536816e-06 2.955066e-06 2.519875e-06
VARIABLES = "X", "Y", "ro", "u", "v", "pre", "Ma", "PART", "IMEX", "Ux", "Uy", "Vx", "Vy", "Vort" 
ZONE I=2, J=2, DATAPACKING=POINT
1.646447e+00 7.480847e+00 1.000001e+00 9.999997e-01 1.000001e+00 1.000001e+00 1.195229e+00 3 0 1.289942e-06 -8.212711e-07 -2.849340e-07 -1.701054e-06 5.363370e-07
2.000000e+00 8.500000e+00 9.999998e-01 1.000000e+00 9.999998e-01 9.999997e-01 1.195229e+00 3 0 -5.800344e-07 8.937143e-07 5.645185e-07 -1.106178e-06 -3.291958e-07
6.464466e-01 7.243092e+00 1.000001e+00 9.999999e-01 1.000001e+00 1.000001e+00 1.195229e+00 3 0 -1.226939e-06 8.255070e-07 1.789383e-06 -3.089022e-06 9.638757e-07
9.999999e-01 8.353553e+00 9.999997e-01 1.000000e+00 9.999997e-01 9.999997e-01 1.195229e+00 3 0 2.051856e-07 -3.674257e-08 -4.260478e-07 4.742697e-07 -3.893052e-07
VARIABLES = "X", "Y", "ro", "u", "v", "pre", "Ma", "PART", "IMEX", "Ux", "Uy", "Vx", "Vy", "Vort" 
ZONE I=2, J=2, DATAPACKING=POINT
3.000000e+00 3.535534e-01 9.925166e-01 1.021853e+00 1.141842e+00 9.899238e-01 1.296737e+00 3 0 -4.261107e-02 -6.822731e-03 -4.339597e-01 8.563051e-02 -4.271369e-01
3.353553e+00 1.243092e+00 9.975868e-01 9.973856e-01 1.050196e+00 9.964516e-01 1.224768e+00 3 0 9.709730e-02 -7.461457e-02 -2.068707e-01 -3.235594e-02 -1.322562e-01
2.000000e+00 5.000000e-01 9.669256e-01 9.726645e-01 1.543078e+00 9.540883e-01 1.551942e+00 3 0 1.302096e-01 -2.610502e-01 -4.190755e-01 -1.169044e-01 -1.580253e-01
2.353553e+00 1.480847e+00 1.003763e+00 8.636734e-01 1.225155e+00 1.008481e+00 1.263901e+00 3 0 1.255252e-01 -1.098228e-01 -2.248870e-01 -2.780557e-01 -1.150642e-01
VARIABLES = "X", "Y", "ro", "u", "v", "pre", "Ma", "PART", "IMEX", "Ux", "Uy", "Vx", "Vy", "Vort" 
ZONE I=2, J=2, DATAPACKING=POINT
3.353553e+00 1.243092e+00 9.973786e-01 9.940074e-01 1.047670e+00 9.963048e-01 1.221214e+00 3 0 1.201387e-01 -2.490928e-02 -1.915521e-01 -1.360779e-02 -1.666429e-01
3.500000e+00 2.191342e+00 1.000039e+00 9.949967e-01 1.010154e+00 1.000027e+00 1.198348e+00 3 0 4.313599e-02 -1.532768e-03 -4.415237e-02 -3.355258e-02 -4.261960e-02
2.353553e+00 1.480847e+00 9.987202e-01 8.611053e-01 1.214640e+00 9.997520e-01 1.257709e+00 3 0 1.560874e-01 6.460139e-02 -1.971966e-01 -1.644858e-01 -2.617980e-01
2.500000e+00 2.461940e+00 1.001411e+00 9.561858e-01 1.042898e+00 1.001694e+00 1.195635e+00 3 0 5.931521e-02 9.844546e-02 -7.669830e-02 -1.589555e-01 -1.751438e-01
VARIABLES = "X", "Y", "ro", "u", "v", "pre", "Ma", "PART", "IMEX", "Ux", "Uy", "Vx", "Vy", "Vort" 
ZONE I=2, J=2, DATAPACKING=POINT
3.500000e+00 2.191342e+00 1.000513e+00 9.952517e-01 1.008462e+00 1.000572e+00 1.197439e+00 3 0 3.850671e-02 9.031154e-03 -3.331709e-02 -1.462964e-02 -4.234824e-02
3.353553e+00 3.243092e+00 9.998432e-01 9.987805e-01 1.001101e+00 9.997595e-01 1.195209e+00 3 0 5.251042e-03 4.170338e-03 -4.728655e-03 -6.470261e-03 -8.898993e-03
2.500000e+00 2.461940e+00 9.984453e-01 9.603759e-01 1.039264e+00 9.977129e-01 1.196382e+00 3 0 4.815488e-02 4.614921e-02 -5.071607e-02 -4.873369e-02 -9.686528e-02
2.353553e+00 3.480847e+00 9.996336e-01 9.930131e-01 1.003737e+00 9.994978e-01 1.193384e+00 3 0 1.679418e-02 3.240355e-02 -9.886512e-03 -3.384571e-02 -4.229006e-02
VARIABLES = "X", "Y", "ro", "u", "v", "pre", "Ma", "PART", "IMEX", "Ux", "Uy", "Vx", "Vy", "Vort" 
ZONE I=2, J=2, DATAPACKING=POINT
3.353553e+00 3.243092e+00 9.997951e-01 9.989539e-01 1.000888e+00 9.997313e-01 1.195173e+00 3 0 4.742419e-03 2.593029e-03 -3.093190e-03 -2.091471e-03 -5.686219e-03
3.000000e+00 4.353553e+00 9.999898e-01 9.998684e-01 1.000065e+00 9.999883e-01 1.195190e+00 3 0 7.759217e-04 9.724260e-04 1.754272e-04 -5.401954e-04 -7.969987e-04
2.353553e+00 3.480847e+00 9.994429e-01 9.941289e-01 1.003097e+00 9.991653e-01 1.193749e+00 3 0 9.220521e-03 1.053109e-02 -3.232111e-03 -5.715860e-03 -1.376320e-02
2.000000e+00 4.500000e+00 9.998621e-01 9.995071e-01 9.998042e-01 9.998002e-01 1.194854e+00 3 0 4.610559e-04 4.649606e-03 3.847452e-05 -2.413004e-03 -4.611131e-03
VARIABLES = "X", "Y", "ro", "u", "v", "pre", "Ma", "PART", "IMEX", "Ux", "Uy", "Vx", "Vy", "Vort" 
ZONE I=2, J=2, DATAPACKING=POINT
3.000000e+00 4.353553e+00 9.999996e-01 9.998947e-01 1.000042e+00 9.999963e-01 1.195193e+00 3 0 4.297353e-04 2.919631e-04 1.966368e-04 -3.169971e-05 -9.532628e-05
2.646447e+00 5.436928e+00 9.999940e-01 1.000005e+00 9.999880e-01 9.999919e-01 1.195225e+00 3 0 -6.344628e-05 5.760576e-05 -1.863415e-05 -2.580745e-05 -7.623992e-05
2.000000e+00 4.500000e+00 9.997895e-01 9.996458e-01 9.999044e-01 9.997160e-01 1.195004e+00 3 0 1.648110e-04 7.361015e-04 1.090444e-04 3.589440e-04 -6.270571e-04
1.646447e+00 5.480847e+00 1.000016e+00 1.000017e+00 1.000021e+00 1.000023e+00 1.195247e+00 3 0 6.862219e-05 2.392034e-04 -6.369786e-05 6.728027e-06 -3.029013e-04
VARIABLES = "X", "Y", "ro", "u", "v", "pre", "Ma", "PART", "IMEX", "Ux", "Uy", "Vx", "Vy", "Vort" 
ZONE I=2, J=2, DATAPACKING=POINT
2.646447e+00 5.436928e+00 9.999936e-01 1.000005e+00 9.999934e-01 9.999917e-01 1.195229e+00 3 0 -3.137021e-05 -8.729024e-06 -3.556514e-05 1.512740e-05 -2.683611e-05
2.500000e+00 6.461940e+00 1.000002e+00 9.999992e-01 1.000003e+00 1.000002e+00 1.195229e+00 3 0 1.473567e-05 -5.379865e-06 2.092790e-06 2.329082e-06 7.472654e-06
1.646447e+00 5.480847e+00 1.000018e+00 1.000003e+00 1.000026e+00 1.000024e+00 1.195243e+00 3 0 5.059865e-05 -3.333086e-05 -3.021375e-05 -2.624376e-05 3.117108e-06
1.500000e+00 6.461940e+00 9.999972e-01 9.999942e-01 9.999955e-01 9.999963e-01 1.195223e+00 3 0 -9.290994e-06 1.114586e-05 1.339877e-05 -3.328845e-05 2.252906e-06
VARIABLES = "X", "Y", "ro", "u", "v", "pre", "Ma", "PART", "IMEX", "Ux", "Uy", "Vx", "Vy", "Vort" 
ZONE I=2, J=2, DATAPACKING=POINT
2.500000e+00 6.461940e+00 1.000002e+00 9.999989e-01 1.000002e+00 1.000002e+00 1.195229e+00 3 0 6.721861e-06 -4.096658e-07 5.063619e-06 -4.733492e-06 5.473285e-06
2.646447e+00 7.436928e+00 9.999997e-01 1.000000e+00 9.999996e-01 9.999996e-01 1.195228e+00 3 0 -2.238011e-06 2.018767e-06 -1.688724e-08 -1.026625e-06 -2.035654e-06
1.500000e+00 6.461940e+00 9.999963e-01 9.999983e-01 9.999953e-01 9.999950e-01 1.195226e+00 3 0 -7.522416e-06 1.247540e-05 8.724463e-06 3.435913e-06 -3.750939e-06
1.646447e+00 7.480847e+00 1.000000e+00 1.000001e+00 1.000001e+00 1.000001e+00 1.195229e+00 3 0 1.314873e-06 -3.058012e-06 -2.329497e-06 5.998704e-06 7.285154e-07
VARIABLES = "X", "Y", "ro", "u", "v", "pre", "Ma", "PART", "IMEX", "Ux", "Uy", "Vx", "Vy", "Vort" 
ZONE I=2, J=2, DATAPACKING=POINT
2.646447e+00 7.436928e+00 9.999997e-01 1.000000e+00 9.999997e-01 9.999997e-01 1.195229e+00 3 0 -8.785706e-07 4.857411e-07 -5.449932e-07 1.052165e-06 -1.030734e-06
3.000000e+00 8.353553e+00 1.000000e+00 9.999999e-01 1.000000e+00 9.999999e-01 1.195229e+00 3 0 2.342997e-08 -9.797270e-07 -1.276747e-07 -4.009389e-07 8.520523e-07
1.646447e+00 7.480847e+00 1.000001e+00 1.000000e+00 1.000001e+00 1.000001e+00 1.195229e+00 3 0 1.004326e-06 -2.145204e-06 -1.641469e-06 3.980812e-08 5.037352e-07
2.000000e+00 8.500000e+00 9.999999e-01 9.999999e-01 9.999999e-01 9.999999e-01 1.195228e+00 3 0 -1.834329e-07 6.044383e-07 1.195201e-07 -1.220857e-06 -4.849182e-07
VARIABLES = "X", "Y", "ro", "u", "v", "pre", "Ma", "PART", "IMEX", "Ux", "Uy", "Vx", "Vy", "Vort" 
ZONE I=2, J=2, DATAPACKING=POINT
4.000000e+00 2.679490e-08 9.991465e-01 1.001557e+00 1.005478e+00 9.983639e-01 1.199905e+00 3 0 1.282492e-02 -7.566135e-03 -6.922200e-02 2.336637e-02 -6.165586e-02
4.353553e+00 8.629373e-01 9.997675e-01 1.000595e+00 1.001457e+00 9.996638e-01 1.196517e+00 3 0 1.207616e-02 -5.132897e-03 -2.674868e-02 6.664409e-03 -2.161579e-02
3.000000e+00 3.535534e-01 1.000388e+00 1.003578e+00 1.111871e+00 1.001271e+00 1.265319e+00 3 0 -3.842947e-02 -1.994483e-03 -1.664149e-01 -3.488083e-03 -1.644204e-01
3.353553e+00 1.243092e+00 1.004743e+00 9.915450e-01 1.040661e+00 1.006646e+00 1.213681e+00 3 0 -6.084665e-03 -1.044309e-02 -7.992941e-02 -5.730730e-02 -6.948632e-02
VARIABLES = "X", "Y", "ro", "u", "v", "pre", "Ma", "PART", "IMEX", "Ux", "Uy", "Vx", "Vy", "Vort" 
ZONE I=2, J=2, DATAPACKING=POINT
4.353553e+00 8.629373e-01 1.000121e+00 1.000695e+00 1.001421e+00 1.000153e+00 1.196473e+00 3 0 1.112471e-02 -1.814694e-03 -2.634829e-02 3.044779e-03 -2.453360e-02
4.500000e+00 1.808658e+00 1.000270e+00 1.000292e+00 1.000623e+00 1.000380e+00 1.195710e+00 3 0 2.496676e-03 -1.162377e-03 -6.700767e-03 4.706867e-04 -5.538390e-03
3.353553e+00 1.243092e+00 1.004039e+00 9.908297e-01 1.038234e+00 1.005608e+00 1.211982e+00 3 0 5.253196e-03 2.844949e-03 -6.500488e-02 -2.491544e-02 -6.784983e-02
3.500000e+00 2.191342e+00 1.000857e+00 9.959629e-01 1.008608e+00 1.001113e+00 1.197831e+00 3 0 8.508386e-03 5.331383e-03 -2.159414e-02 -2.805015e-02 -2.692552e-02
VARIABLES = "X", "Y", "ro", "u", "v", "pre", "Ma", "PART", "IMEX", "Ux", "Uy", "Vx", "Vy", "Vort" 
ZONE I=2, J=2, DATAPACKING=POINT
4.500000e+00 1.808658e+00 1.000196e+00 1.000177e+00 1.000735e+00 1.000287e+00 1.195719e+00 3 0 2.844394e-03 -9.625528e-05 -6.503889e-03 -1.158685e-03 -6.407634e-03
4.353553e+00 2.862937e+00 1.000009e+00 9.998845e-01 1.000184e+00 1.000015e+00 1.195266e+00 3 0 9.606156e-04 -4.475378e-05 -9.293906e-04 -8.683273e-04 -8.846368e-04
3.500000e+00 2.191342e+00 1.000814e+00 9.961818e-01 1.007360e+00 1.001023e+00 1.197239e+00 3 0 7.435145e-03 3.888497e-03 -1.240829e-02 -1.005883e-02 -1.629679e-02
3.353553e+00 3.243092e+00 9.999013e-01 9.989025e-01 1.000909e+00 9.998556e-01 1.195144e+00 3 0 2.306285e-03 2.997424e-03 -3.257577e-03 -5.745629e-03 -6.255001e-03
VARIABLES = "X", "Y", "ro", "u", "v", "pre", "Ma", "PART", "IMEX", "Ux", "Uy", "Vx", "Vy", "Vort" 
ZONE I=2, J=2, DATAPACKING=POINT
4.353553e+00 2.862937e+00 9.999970e-01 9.998788e-01 1.000126e+00 9.999944e-01 1.195233e+00 3 0 9.531763e-04 3.776834e-04 -6.317254e-04 -4.134442e-04 -1.009409e-03
4.000000e+00 4.000000e+00 9.999978e-01 9.999915e-01 1.000002e+00 9.999971e-01 1.195225e+00 3 0 6.814344e-05 1.386991e-04 -1.000118e-04 -7.400046e-05 -2.387109e-04
3.353553e+00 3.243092e+00 9.998484e-01 9.990579e-01 1.000730e+00 9.998036e-01 1.195129e+00 3 0 1.567988e-03 1.537967e-03 -1.424572e-03 -1.361612e-03 -2.962539e-03
3.000000e+00 4.353553e+00 9.999879e-01 9.999149e-01 1.000070e+00 9.999866e-01 1.195220e+00 3 0 4.563809e-04 8.046702e-04 -2.382118e-04 -5.288633e-04 -1.042882e-03
VARIABLES = "X", "Y", "ro", "u", "v", "pre", "Ma", "PART", "IMEX", "Ux", "Uy", "Vx", "Vy", "Vort" 
ZONE I=2, J=2, DATAPACKING=POINT
4.000000e+00 4.000000e+00 1.000002e+00 9.999994e-01 1.000011e+00 1.000003e+00 1.195234e+00 3 0 3.495680e-05 2.346482e-05 -8.225828e-05 -1.379692e-05 -1.057231e-04
3.646447e+00 5.137063e+00 1.000001e+00 9.999979e-01 1.000004e+00 1.000002e+00 1.195229e+00 3 0 1.200897e-05 -5.512111e-06 1.984053e-06 -1.958343e-05 7.496164e-06
3.000000e+00 4.353553e+00 1.000004e+00 9.999295e-01 1.000060e+00 1.000004e+00 1.195222e+00 3 0 1.979226e-04 1.497703e-04 -4.143879e-05 -9.688400e-05 -1.912091e-04
2.646447e+00 5.436928e+00 9.999978e-01 9.999960e-01 9.999910e-01 9.999965e-01 1.195222e+00 3 0 -2.120718e-06 5.358205e-05 4.697080e-06 -5.108180e-05 -4.888497e-05
VARIABLES = "X", "Y", "ro", "u", "v", "pre", "Ma", "PART", "IMEX", "Ux", "Uy", "Vx", "Vy", "Vort" 
ZONE I=2, J=2, DATAPACKING=POINT
3.646447e+00 5.137063e+00 9.999997e-01 9.999971e-01 1.000000e+00 9.999994e-01 1.195227e+00 3 0 7.665853e-06 2.501619e-06 9.769877e-06 -6.799384e-06 7.268258e-06
3.500000e+00 6.191342e+00 9.999995e-01 1.000000e+00 9.999991e-01 9.999993e-01 1.195228e+00 3 0 -2.183943e-06 3.698893e-06 -4.575296e-08 3.237714e-06 -3.744646e-06
2.646447e+00 5.436928e+00 9.999944e-01 9.999993e-01 9.999917e-01 9.999926e-01 1.195224e+00 3 0 -1.407096e-05 6.815484e-06 8.019390e-06 1.186415e-05 1.203906e-06
2.500000e+00 6.461940e+00 1.000001e+00 1.000001e+00 1.000002e+00 1.000001e+00 1.195230e+00 3 0 2.438589e-06 -2.852062e-06 -2.267704e-06 8.931917e-06 5.843583e-07
VARIABLES = "X", "Y", "ro", "u", "v", "pre", "Ma", "PART", "IMEX", "Ux", "Uy", "Vx", "Vy", "Vort" 
ZONE I=2, J=2, DATAPACKING=POINT
3.500000e+00 6.191342e+00 9.999999e-01 1.000000e+00 9.999998e-01 9.999998e-01 1.195229e+00 3 0 -1.664707e-06 9.740654e-09 -1.344574e-06 2.221229e-06 -1.354314e-06
3.646447e+00 7.137063e+00 1.000000e+00 9.999999e-01 1.000000e+00 1.000000e+00 1.195229e+00 3 0 3.338245e-07 -7.224866e-07 -8.149811e-08 -5.118095e-07 6.409885e-07
2.500000e+00 6.461940e+00 1.000001e+00 1.000000e+00 1.000002e+00 1.000002e+00 1.195229e+00 3 0 2.434116e-06 -2.476827e-06 -2.260695e-06 -1.260064e-06 2.161315e-07
2.646447e+00 7.436928e+00 9.999999e-01 9.999998e-01 9.999998e-01 9.999998e-01 1.195228e+00 3 0 -2.978457e-07 8.618873e-07 2.076136e-07 -2.109614e-06 -6.542737e-07
VARIABLES = "X", "Y", "ro", "u", "v", "pre", "Ma", "PART", "IMEX", "Ux", "Uy", "Vx", "Vy", "Vort" 
ZONE I=2, J=2, DATAPACKING=POINT
3.646447e+00 7.137063e+00 1.000000e+00 9.999999e-01 1.000000e+00 1.000000e+00 1.195229e+00 3 0 2.571057e-07 3.809690e-08 7.276702e-08 -4.546333e-07 3.467012e-08
4.000000e+00 8.000000e+00 1.000000e+00 1.000000e+00 1.000000e+00 1.000000e+00 1.195229e+00 3 0 -2.777711e-08 -1.623788e-07 1.493703e-07 1.220014e-07 3.117492e-07
2.646447e+00 7.436928e+00 9.999998e-01 1.000000e+00 9.999998e-01 9.999998e-01 1.195229e+00 3 0 -2.475549e-07 7.479460e-07 4.456738e-07 1.624998e-07 -3.022722e-07
3.000000e+00 8.353553e+00 9.999999e-01 9.999999e-01 9.999999e-01 9.999999e-01 1.195229e+00 3 0 -2.364968e-07 -8.831372e-07 -9.532538e-08 -2.205574e-07 7.878118e-07
VARIABLES = "X", "Y", "ro", "u", "v", "pre", "Ma", "PART", "IMEX", "Ux", "Uy", "Vx", "Vy", "Vort" 
ZONE I=2, J=2, DATAPACKING=POINT
5.000000e+00 -3.535534e-01 1.000087e+00 1.000181e+00 1.000100e+00 1.000186e+00 1.195337e+00 3 0 -4.842966e-04 3.559447e-04 -4.226137e-03 1.683920e-03 -4.582081e-03
5.353553e+00 5.630719e-01 1.000081e+00 1.000087e+00 1.000120e+00 1.000116e+00 1.195331e+00 3 0 3.464436e-04 -4.652732e-04 -1.922334e-03 8.114986e-04 -1.457061e-03
4.000000e+00 2.679490e-08 1.000693e+00 1.001008e+00 1.005142e+00 1.000767e+00 1.198863e+00 3 0 -1.995714e-03 -6.472915e-04 -6.083667e-03 -1.153803e-03 -5.436375e-03
4.353553e+00 8.629373e-01 1.000336e+00 1.000044e+00 1.001779e+00 1.000452e+00 1.196249e+00 3 0 -1.158508e-03 -4.892140e-04 -1.989870e-03 -3.599805e-03 -1.500656e-03
VARIABLES = "X", "Y", "ro", "u", "v", "pre", "Ma", "PART", "IMEX", "Ux", "Uy", "Vx", "Vy", "Vort" 
ZONE I=2, J=2, DATAPACKING=POINT
5.353553e+00 5.630719e-01 1.000029e+00 1.000042e+00 1.000158e+00 1.000041e+00 1.195340e+00 3 0 5.730643e-04 -2.702549e-04 -1.682694e-03 2.104451e-04 -1.412439e-03
5.500000e+00 1.538060e+00 9.999763e-01 9.999669e-01 1.000008e+00 9.999648e-01 1.195220e+00 3 0 1.237639e-04 -2.550747e-05 -2.376914e-04 -2.248749e-04 -2.121840e-04
4.353553e+00 8.629373e-01 1.000424e+00 1.000029e+00 1.001553e+00 1.000580e+00 1.196081e+00 3 0 -1.252036e-03 2.120732e-04 -1.474163e-03 -1.530623e-03 -1.686236e-03
4.500000e+00 1.808658e+00 1.000235e+00 1.000079e+00 1.000406e+00 1.000337e+00 1.195458e+00 3 0 -5.138842e-04 1.548930e-04 -1.015781e-03 -6.788129e-04 -1.170674e-03
VARIABLES = "X", "Y", "ro", "u", "v", "pre", "Ma", "PART", "IMEX", "Ux", "Uy", "Vx", "Vy", "Vort" 
ZONE I=2, J=2, DATAPACKING=POINT
5.500000e+00 1.538060e+00 9.999927e-01 9.999786e-01 9.999750e-01 9.999873e-01 1.195204e+00 3 0 2.535545e-05 6.404445e-05 -2.046172e-04 -8.487781e-05 -2.686616e-04
5.353553e+00 2.563072e+00 1.000009e+00 1.000016e+00 9.999942e-01 1.000013e+00 1.195233e+00 3 0 3.567303e-06 2.412191e-05 -1.095023e-04 5.397023e-05 -1.336242e-04
4.500000e+00 1.808658e+00 1.000189e+00 1.000082e+00 1.000471e+00 1.000276e+00 1.195507e+00 3 0 -3.408516e-04 -1.558848e-04 -1.125807e-03 -3.008930e-04 -9.699222e-04
4.353553e+00 2.862937e+00 1.000013e+00 9.999431e-01 1.000152e+00 1.000018e+00 1.195282e+00 3 0 1.540437e-04 -1.495778e-04 -3.655971e-04 -4.865774e-04 -2.160192e-04
VARIABLES = "X", "Y", "ro", "u", "v", "pre", "Ma", "PART", "IMEX", "Ux", "Uy", "Vx", "Vy", "Vort" 
ZONE I=2, J=2, DATAPACKING=POINT
5.353553e+00 2.563072e+00 1.000009e+00 1.000015e+00 1.000004e+00 1.000012e+00 1.195238e+00 3 0 3.111354e-05 -7.376823e-06 -1.104621e-04 -1.542521e-05 -1.030853e-04
5.000000e+00 3.646447e+00 9.999997e-01 9.999971e-01 1.000004e+00 9.999995e-01 1.195229e+00 3 0 1.945052e-05 -1.059710e-05 -2.129715e-06 -1.529653e-05 8.467383e-06
4.353553e+00 2.862937e+00 1.000003e+00 9.999237e-01 1.000114e+00 1.000001e+00 1.195252e+00 3 0 2.096327e-04 7.776433e-05 -1.994847e-04 -2.307855e-04 -2.772490e-04
4.000000e+00 4.000000e+00 9.999969e-01 9.999854e-01 1.000001e+00 9.999956e-01 1.195221e+00 3 0 3.019942e-05 9.658969e-05 -2.402946e-05 -6.607331e-05 -1.206191e-04
VARIABLES = "X", "Y", "ro", "u", "v", "pre", "Ma", "PART", "IMEX", "Ux", "Uy", "Vx", "Vy", "Vort" 
ZONE I=2, J=2, DATAPACKING=POINT
5.000000e+00 3.646447e+00 9.999991e-01 9.999966e-01 1.000001e+00 9.999987e-01 1.195227e+00 3 0 1.372853e-05 6.558604e-06 9.575196e-07 -7.292284e-06 -5.601084e-06
4.646447e+00 4.756908e+00 9.999998e-01 1.000000e+00 9.999993e-01 9.999998e-01 1.195228e+00 3 0 -1.119091e-06 3.669410e-06 -1.999084e-06 1.605240e-06 -5.668493e-06
4.000000e+00 4.000000e+00 9.999998e-01 9.999943e-01 1.000005e+00 1.000000e+00 1.195228e+00 3 0 -2.209377e-06 2.103257e-05 -1.619646e-05 1.740733e-06 -3.722903e-05
3.646447e+00 5.137063e+00 1.000001e+00 9.999999e-01 1.000003e+00 1.000001e+00 1.195230e+00 3 0 3.472071e-06 -4.006632e-06 -9.590002e-06 -1.158972e-05 -5.583370e-06
VARIABLES = "X", "Y", "ro", "u", "v", "pre", "Ma", "PART", "IMEX", "Ux", "Uy", "Vx", "Vy", "Vort" 
ZONE I=2, J=2, DATAPACKING=POINT
4.646447e+00 4.756908e+00 1.000000e+00 1.000000e+00 9.999999e-01 1.000000e+00 1.195229e+00 3 0 -5.733835e-07 -2.548576e-07 -1.551390e-06 1.321285e-06 -1.296533e-06
4.500000e+00 5.808658e+00 1.000000e+00 9.999999e-01 1.000000e+00 1.000000e+00 1.195229e+00 3 0 4.451549e-07 -5.644990e-07 3.263466e-07 -5.046291e-07 8.908456e-07
3.646447e+00 5.137063e+00 1.000000e+00 9.999987e-01 1.000001e+00 9.999999e-01 1.195229e+00 3 0 4.872266e-06 -7.675261e-07 -1.872098e-06 -5.886855e-06 -1.104572e-06
3.500000e+00 6.191342e+00 9.999996e-01 9.999999e-01 9.999993e-01 9.999995e-01 1.195228e+00 3 0 1.360972e-07 2.720975e-06 1.828150e-06 1.159042e-06 -8.928257e-07
VARIABLES = "X", "Y", "ro", "u", "v", "pre", "Ma", "PART", "IMEX", "Ux", "Uy", "Vx", "Vy", "Vort" 
ZONE I=2, J=2, DATAPACKING=POINT
4.500000e+00 5.808658e+00 1.000000e+00 9.999999e-01 1.000000e+00 1.000000e+00 1.195229e+00 3 0 2.774845e-07 2.962257e-08 2.456950e-07 -3.775437e-07 2.160724e-07
4.646447e+00 6.756908e+00 1.000000e+00 1.000000e+00 1.000000e+00 1.000000e+00 1.195229e+00 3 0 -7.031679e-08 1.162290e-07 -4.563858e-08 7.868240e-08 -1.618676e-07
3.500000e+00 6.191342e+00 9.999999e-01 1.000000e+00 9.999997e-01 9.999998e-01 1.195229e+00 3 0 -7.204987e-07 5.486400e-07 7.259576e-07 1.250459e-06 1.773176e-07
3.646447e+00 7.137063e+00 1.000000e+00 1.000000e+00 1.000000e+00 1.000000e+00 1.195229e+00 3 0 -2.251725e-09 -4.015562e-07 -2.927716e-07 -9.523903e-08 1.087845e-07
VARIABLES = "X", "Y", "ro", "u", "v", "pre", "Ma", "PART", "IMEX", "Ux", "Uy", "Vx", "Vy", "Vort" 
ZONE I=2, J=2, DATAPACKING=POINT
4.646447e+00 6.756908e+00 1.000000e+00 1.000000e+00 1.000000e+00 1.000000e+00 1.195229e+00 3 0 -5.509915e-08 -1.406950e-08 -2.471735e-08 5.318155e-08 -1.064786e-08
5.000000e+00 7.646447e+00 1.000000e+00 1.000000e+00 1.000000e+00 1.000000e+00 1.195229e+00 3 0 3.151631e-08 3.772920e-08 8.320382e-09 3.450414e-08 -2.940881e-08
3.646447e+00 7.137063e+00 1.000000e+00 1.000000e+00 1.000000e+00 1.000000e+00 1.195229e+00 3 0 8.674296e-08 -6.985053e-08 -1.697036e-07 -2.369924e-07 -9.985305e-08
4.000000e+00 8.000000e+00 1.000000e+00 1.000000e+00 1.000000e+00 1.000000e+00 1.195229e+00 3 0 3.406132e-09 -7.968990e-08 9.851965e-08 1.360115e-07 1.782096e-07
VARIABLES = "X", "Y", "ro", "u", "v", "pre", "Ma", "PART", "IMEX", "Ux", "Uy", "Vx", "Vy", "Vort" 
ZONE I=2, J=2, DATAPACKING=POINT
6.000000e+00 -5.000000e-01 9.999850e-01 9.999769e-01 1.000017e+00 9.999718e-01 1.195233e+00 3 0 1.104884e-04 -7.140218e-05 -2.131357e-05 -1.187080e-05 5.008861e-05
6.353553e+00 5.191530e-01 9.999910e-01 9.999893e-01 9.999920e-01 9.999869e-01 1.195220e+00 3 0 -1.649325e-05 4.819519e-05 7.656380e-05 -7.022086e-05 2.836861e-05
5.000000e+00 -3.535534e-01 1.000004e+00 1.000031e+00 1.000055e+00 1.000028e+00 1.195266e+00 3 0 -3.397663e-04 2.508095e-04 -1.169420e-04 -2.924599e-05 -3.677515e-04
5.353553e+00 5.630719e-01 1.000055e+00 1.000050e+00 1.000021e+00 1.000078e+00 1.195257e+00 3 0 -1.425840e-04 4.726642e-06 -2.318797e-04 1.146241e-04 -2.366064e-04
VARIABLES = "X", "Y", "ro", "u", "v", "pre", "Ma", "PART", "IMEX", "Ux", "Uy", "Vx", "Vy", "Vort" 
ZONE I=2, J=2, DATAPACKING=POINT
6.353553e+00 5.191530e-01 9.999995e-01 9.999966e-01 9.999842e-01 9.999991e-01 1.195217e+00 3 0 -3.918188e-05 3.166405e-05 6.838978e-05 -1.608112e-05 3.672572e-05
6.500000e+00 1.538060e+00 1.000004e+00 1.000006e+00 9.999994e-01 1.000006e+00 1.195231e+00 3 0 -1.331450e-06 -2.647774e-06 -2.048046e-05 3.588528e-05 -1.783268e-05
5.353553e+00 5.630719e-01 1.000031e+00 1.000039e+00 1.000048e+00 1.000045e+00 1.195272e+00 3 0 -5.047330e-05 -7.296947e-05 -2.946394e-04 8.166441e-05 -2.216699e-04
5.500000e+00 1.538060e+00 9.999883e-01 9.999844e-01 1.000013e+00 9.999819e-01 1.195231e+00 3 0 6.017481e-05 -5.015268e-05 -3.042966e-06 -9.830419e-05 4.710971e-05
VARIABLES = "X", "Y", "ro", "u", "v", "pre", "Ma", "PART", "IMEX", "Ux", "Uy", "Vx", "Vy", "Vort" 
ZONE I=2, J=2, DATAPACKING=POINT
6.500000e+00 1.538060e+00 1.000002e+00 1.000003e+00 1.000005e+00 1.000003e+00 1.195233e+00 3 0 8.397624e-06 -1.070186e-05 -1.964075e-05 6.110805e-06 -8.938883e-06
6.353553e+00 2.519153e+00 9.999982e-01 9.999971e-01 1.000001e+00 9.999975e-01 1.195228e+00 3 0 6.157066e-07 -3.272179e-06 7.100179e-06 -1.134637e-05 1.037236e-05
5.500000e+00 1.538060e+00 9.999939e-01 9.999856e-01 9.999958e-01 9.999893e-01 1.195220e+00 3 0 3.275861e-05 2.681647e-05 5.340572e-05 -3.405113e-05 2.658925e-05
5.353553e+00 2.563072e+00 1.000006e+00 1.000008e+00 9.999939e-01 1.000008e+00 1.195228e+00 3 0 -2.835456e-05 2.039030e-05 7.285674e-06 2.736682e-05 -1.310463e-05
VARIABLES = "X", "Y", "ro", "u", "v", "pre", "Ma", "PART", "IMEX", "Ux", "Uy", "Vx", "Vy", "Vort" 
ZONE I=2, J=2, DATAPACKING=POINT
6.353553e+00 2.519153e+00 9.999985e-01 9.999974e-01 9.999994e-01 9.999978e-01 1.195227e+00 3 0 -4.628835e-06 2.108984e-06 6.092126e-06 -2.152262e-06 3.983142e-06
6.000000e+00 3.500000e+00 1.000000e+00 1.000001e+00 9.999994e-01 1.000000e+00 1.195229e+00 3 0 -2.260868e-06 2.398840e-06 -2.556144e-06 2.120414e-06 -4.954984e-06
5.353553e+00 2.563072e+00 1.000006e+00 1.000010e+00 9.999995e-01 1.000009e+00 1.195233e+00 3 0 -2.480291e-05 -1.296535e-05 -8.873253e-06 1.241002e-05 4.092094e-06
5.000000e+00 3.646447e+00 1.000000e+00 9.999996e-01 1.000003e+00 1.000001e+00 1.195230e+00 3 0 4.926500e-06 -1.175474e-05 -6.023172e-06 -6.926332e-06 5.731563e-06
VARIABLES = "X", "Y", "ro", "u", "v", "pre", "Ma", "PART", "IMEX", "Ux", "Uy", "Vx", "Vy", "Vort" 
ZONE I=2, J=2, DATAPACKING=POINT
6.000000e+00 3.500000e+00 1.000000e+00 1.000001e+00 1.000000e+00 1.000001e+00 1.195229e+00 3 0 -8.766673e-07 -9.203649e-07 -2.362275e-06 6.286164e-07 -1.441911e-06
5.646447e+00 4.519153e+00 1.000000e+00 9.999999e-01 1.000000e+00 1.000000e+00 1.195229e+00 3 0 3.956248e-07 -7.375832e-07 2.715607e-07 -5.608889e-07 1.009144e-06
5.000000e+00 3.646447e+00 9.999998e-01 9.999986e-01 1.000002e+00 9.999997e-01 1.195229e+00 3 0 6.540693e-06 1.203080e-06 -1.242308e-06 -5.592975e-06 -2.445387e-06
4.646447e+00 4.756908e+00 9.999998e-01 9.999999e-01 9.999995e-01 9.999998e-01 1.195228e+00 3 0 -2.774256e-07 2.510909e-06 1.122762e-06 5.794751e-07 -1.388146e-06
VARIABLES = "X", "Y", "ro", "u", "v", "pre", "Ma", "PART", "IMEX", "Ux", "Uy", "Vx", "Vy", "Vort" 
ZONE I=2, J=2, DATAPACKING=POINT
5.646447e+00 4.519153e+00 1.000000e+00 9.999999e-01 1.000000e+00 1.000000e+00 1.195229e+00 3 0 2.142829e-07 9.055509e-08 2.637899e-07 -2.956879e-07 1.732348e-07
5.500000e+00 5.538060e+00 1.000000e+00 1.000000e+00 1.000000e+00 1.000000e+00 1.195229e+00 3 0 -8.029891e-08 1.169196e-07 -4.309830e-08 9.352224e-08 -1.600179e-07
4.646447e+00 4.756908e+00 1.000000e+00 1.000000e+00 9.999998e-01 1.000000e+00 1.195229e+00 3 0 -7.999704e-07 2.445434e-07 2.854484e-07 1.011303e-06 4.090499e-08
4.500000e+00 5.808658e+00 1.000000e+00 1.000000e+00 1.000000e+00 1.000000e+00 1.195229e+00 3 0 7.926308e-08 -3.786497e-07 -2.980407e-07 -1.771752e-07 8.060894e-08
VARIABLES = "X", "Y", "ro", "u", "v", "pre", "Ma", "PART", "IMEX", "Ux", "Uy", "Vx", "Vy", "Vort" 
ZONE I=2, J=2, DATAPACKING=POINT
5.500000e+00 5.538060e+00 1.000000e+00 1.000000e+00 1.000000e+00 1.000000e+00 1.195229e+00 3 0 -4.712631e-08 -5.117655e-09 -3.663320e-08 6.818585e-08 -3.151555e-08
5.646447e+00 6.519153e+00 1.000000e+00 1.000000e+00 1.000000e+00 1.000000e+00 1.195229e+00 3 0 1.273543e-08 -1.952912e-08 5.032333e-09 -1.273629e-08 2.456145e-08
4.500000e+00 5.808658e+00 1.000000e+00 1.000000e+00 1.000000e+00 1.000000e+00 1.195229e+00 3 0 1.462248e-07 -7.814058e-08 -1.143552e-07 -1.934217e-07 -3.621464e-08
4.646447e+00 6.756908e+00 1.000000e+00 1.000000e+00 1.000000e+00 1.000000e+00 1.195229e+00 3 0 -1.230648e-08 6.181488e-08 4.892164e-08 5.393444e-09 -1.289324e-08
VARIABLES = "X", "Y", "ro", "u", "v", "pre", "Ma", "PART", "IMEX", "Ux", "Uy", "Vx", "Vy", "Vort" 
ZONE I=2, J=2, DATAPACKING=POINT
5.646447e+00 6.519153e+00 1.000000e+00 1.000000e+00 1.000000e+00 1.000000e+00 1.195229e+00 3 0 7.612070e-09 8.014631e-10 4.264680e-09 -9.208519e-09 3.463217e-09
6.000000e+00 7.500000e+00 1.000000e+00 1.000000e+00 1.000000e+00 1.000000e+00 1.195229e+00 3 0 -4.136326e-09 -9.979730e-10 -1.775553e-09 -2.952184e-09 -7.775804e-10
4.646447e+00 6.756908e+00 1.000000e+00 1.000000e+00 1.000000e+00 1.000000e+00 1.195229e+00 3 0 -1.698750e-08 2.233189e-09 2.436132e-08 1.810224e-08 2.212814e-08
5.000000e+00 7.646447e+00 1.000000e+00 1.000000e+00 1.000000e+00 1.000000e+00 1.195229e+00 3 0 1.029554e-11 3.109113e-08 -1.132076e-08 2.669697e-08 -4.241189e-08
VARIABLES = "X", "Y", "ro", "u", "v", "pre", "Ma", "PART", "IMEX", "Ux", "Uy", "Vx", "Vy", "Vort" 
ZONE I=2, J=2, DATAPACKING=POINT
7.000000e+00 -3.535534e-01 1.000004e+00 1.000005e+00 9.999966e-01 1.000006e+00 1.195228e+00 3 0 -1.789050e-05 8.838545e-06 4.126637e-06 1.688913e-06 -4.711908e-06
7.353553e+00 7.569078e-01 1.000001e+00 1.000001e+00 1.000001e+00 1.000001e+00 1.195230e+00 3 0 5.971419e-06 -9.504786e-06 -1.480820e-05 1.031603e-05 -5.303411e-06
6.000000e+00 -5.000000e-01 9.999976e-01 9.999965e-01 1.000007e+00 9.999945e-01 1.195232e+00 3 0 5.748496e-05 -4.103066e-05 -3.708365e-05 1.713031e-05 3.947010e-06
6.353553e+00 5.191530e-01 9.999936e-01 9.999931e-01 1.000002e+00 9.999908e-01 1.195227e+00 3 0 1.596280e-05 4.522554e-06 2.551261e-05 -2.434649e-05 2.099005e-05
VARIABLES = "X", "Y", "ro", "u", "v", "pre", "Ma", "PART", "IMEX", "Ux", "Uy", "Vx", "Vy", "Vort" 
ZONE I=2, J=2, DATAPACKING=POINT
7.353553e+00 7.569078e-01 9.999998e-01 1.000000e+00 1.000002e+00 9.999998e-01 1.195230e+00 3 0 6.633870e-06 -4.506117e-06 -1.308055e-05 2.524363e-06 -8.574434e-06
7.500000e+00 1.808658e+00 9.999994e-01 9.999992e-01 1.000000e+00 9.999990e-01 1.195228e+00 3 0 -5.972499e-07 1.116754e-06 3.137148e-06 -4.038177e-06 2.020394e-06
6.353553e+00 5.191530e-01 9.999975e-01 9.999959e-01 9.999978e-01 9.999963e-01 1.195226e+00 3 0 -7.496110e-07 1.335390e-05 3.641985e-05 -1.467606e-05 2.306595e-05
6.500000e+00 1.538060e+00 1.000003e+00 1.000003e+00 9.999988e-01 1.000004e+00 1.195229e+00 3 0 -1.147276e-05 4.553300e-06 -2.651958e-06 1.020207e-05 -7.205258e-06
VARIABLES = "X", "Y", "ro", "u", "v", "pre", "Ma", "PART", "IMEX", "Ux", "Uy", "Vx", "Vy", "Vort" 
ZONE I=2, J=2, DATAPACKING=POINT
7.500000e+00 1.808658e+00 9.999998e-01 9.999996e-01 9.999994e-01 9.999996e-01 1.195228e+00 3 0 -2.004170e-06 1.558410e-06 2.697934e-06 -8.073357e-07 1.139524e-06
7.353553e+00 2.756908e+00 1.000000e+00 1.000000e+00 9.999998e-01 1.000000e+00 1.195229e+00 3 0 -5.545055e-08 4.095851e-07 -1.493443e-06 1.412546e-06 -1.903028e-06
6.500000e+00 1.538060e+00 1.000001e+00 1.000002e+00 1.000001e+00 1.000002e+00 1.195230e+00 3 0 -3.492285e-06 -5.741729e-06 -1.002719e-05 4.302359e-06 -4.285462e-06
6.353553e+00 2.519153e+00 9.999989e-01 9.999984e-01 1.000001e+00 9.999984e-01 1.195229e+00 3 0 5.755273e-06 -2.924975e-06 -2.685657e-07 -4.656582e-06 2.656409e-06
VARIABLES = "X", "Y", "ro", "u", "v", "pre", "Ma", "PART", "IMEX", "Ux", "Uy", "Vx", "Vy", "Vort" 
ZONE I=2, J=2, DATAPACKING=POINT
7.353553e+00 2.756908e+00 1.000000e+00 1.000000e+00 1.000000e+00 1.000000e+00 1.195229e+00 3 0 8.794401e-07 -3.517935e-07 -1.201875e-06 2.522890e-07 -8.500817e-07
7.000000e+00 3.646447e+00 9.999999e-01 9.999999e-01 1.000000e+00 9.999999e-01 1.195229e+00 3 0 4.272166e-07 -4.036202e-07 2.962458e-07 -3.735851e-07 6.998659e-07
6.353553e+00 2.519153e+00 9.999989e-01 9.999982e-01 1.000000e+00 9.999984e-01 1.195228e+00 3 0 3.449368e-06 2.720912e-06 2.015019e-06 -2.040899e-06 -7.058928e-07
6.000000e+00 3.500000e+00 1.000000e+00 1.000000e+00 9.999996e-01 1.000000e+00 1.195228e+00 3 0 -1.662585e-06 1.861681e-06 6.476460e-07 1.246583e-06 -1.214035e-06
VARIABLES = "X", "Y", "ro", "u", "v", "pre", "Ma", "PART", "IMEX", "Ux", "Uy", "Vx", "Vy", "Vort" 
ZONE I=2, J=2, DATAPACKING=POINT
7.000000e+00 3.646447e+00 9.999999e-01 9.999999e-01 1.000000e+00 9.999999e-01 1.195229e+00 3 0 1.160529e-07 1.809229e-07 2.853419e-07 -1.548466e-07 1.044189e-07
6.646447e+00 4.563072e+00 1.000000e+00 1.000000e+00 1.000000e+00 1.000000e+00 1.195229e+00 3 0 -6.895559e-08 1.424874e-07 -4.371611e-08 1.054982e-07 -1.862035e-07
6.000000e+00 3.500000e+00 1.000000e+00 1.000000e+00 9.999999e-01 1.000000e+00 1.195229e+00 3 0 -1.250097e-06 -4.830482e-07 -2.137208e-07 7.955385e-07 2.693274e-07
5.646447e+00 4.519153e+00 1.000000e+00 1.000000e+00 1.000000e+00 1.000000e+00 1.195229e+00 3 0 1.885639e-07 -4.431005e-07 -2.229420e-07 -2.699857e-07 2.201585e-07
VARIABLES = "X", "Y", "ro", "u", "v", "pre", "Ma", "PART", "IMEX", "Ux", "Uy", "Vx", "Vy", "Vort" 
ZONE I=2, J=2, DATAPACKING=POINT
6.646447e+00 4.563072e+00 1.000000e+00 1.000000e+00 1.000000e+00 1.000000e+00 1.195229e+00 3 0 -2.055349e-08 -1.532249e-08 -4.125150e-08 5.483348e-08 -2.592901e-08
6.500000e+00 5.538060e+00 1.000000e+00 1.000000e+00 1.000000e+00 1.000000e+00 1.195229e+00 3 0 1.361057e-08 -1.962556e-08 6.284105e-09 -1.716288e-08 2.590966e-08
5.646447e+00 4.519153e+00 1.000000e+00 1.000000e+00 1.000000e+00 1.000000e+00 1.195229e+00 3 0 1.734367e-07 2.174257e-10 -3.436186e-08 -1.974621e-07 -3.457928e-08
5.500000e+00 5.538060e+00 1.000000e+00 1.000000e+00 1.000000e+00 1.000000e+00 1.195229e+00 3 0 -2.853769e-08 6.903633e-08 5.050851e-08 3.597373e-08 -1.852782e-08
VARIABLES = "X", "Y", "ro", "u", "v", "pre", "Ma", "PART", "IMEX", "Ux", "Uy", "Vx", "Vy", "Vort" 
ZONE I=2, J=2, DATAPACKING=POINT
6.500000e+00 5.538060e+00 1.000000e+00 1.000000e+00 1.000000e+00 1.000000e+00 1.195229e+00 3 0 5.927493e-09 9.986356e-10 5.279235e-09 -1.082872e-08 4.280599e-09
6.646447e+00 6.563072e+00 1.000000e+00 1.000000e+00 1.000000e+00 1.000000e+00 1.195229e+00 3 0 -1.994448e-09 2.713136e-09 -6.962894e-10 2.149903e-09 -3.409425e-09
5.500000e+00 5.538060e+00 1.000000e+00 1.000000e+00 1.000000e+00 1.000000e+00 1.195229e+00 3 0 -2.735671e-08 9.272087e-09 1.592807e-08 3.362775e-08 6.655984e-09
5.646447e+00 6.519153e+00 1.000000e+00 1.000000e+00 1.000000e+00 1.000000e+00 1.195229e+00 3 0 4.375150e-09 -9.961268e-09 -8.757723e-09 -2.590623e-09 1.203545e-09
VARIABLES = "X", "Y", "ro", "u", "v", "pre", "Ma", "PART", "IMEX", "Ux", "Uy", "Vx", "Vy", "Vort" 
ZONE I=2, J=2, DATAPACKING=POINT
6.646447e+00 6.563072e+00 1.000000e+00 1.000000e+00 1.000000e+00 1.000000e+00 1.195229e+00 3 0 -8.617277e-10 -1.096835e-10 -4.194055e-10 1.233873e-09 -3.097221e-10
7.000000e+00 7.646447e+00 1.000000e+00 1.000000e+00 1.000000e+00 1.000000e+00 1.195229e+00 3 0 4.864413e-10 -1.430165e-10 -2.743063e-10 4.244401e-10 -1.312898e-10
5.646447e+00 6.519153e+00 1.000000e+00 1.000000e+00 1.000000e+00 1.000000e+00 1.195229e+00 3 0 3.073174e-09 -5.118319e-10 -3.360373e-09 -3.657176e-09 -2.848541e-09
6.000000e+00 7.500000e+00 1.000000e+00 1.000000e+00 1.000000e+00 1.000000e+00 1.195229e+00 3 0 2.735540e-10 -2.343446e-09 2.597844e-09 -1.629146e-09 4.941290e-09
VARIABLES = "X", "Y", "ro", "u", "v", "pre", "Ma", "PART", "IMEX", "Ux", "Uy", "Vx", "Vy", "Vort" 
ZONE I=2, J=2, DATAPACKING=POINT
8.000000e+00 -5.358979e-08 9.999992e-01 9.999990e-01 1.000001e+00 9.999988e-01 1.195229e+00 3 0 2.993223e-06 -1.037936e-06 -1.501178e-06 -1.268547e-07 -4.632424e-07
8.353553e+00 1.137063e+00 9.999998e-01 9.999998e-01 9.999999e-01 9.999997e-01 1.195229e+00 3 0 -1.409909e-06 1.704233e-06 2.350685e-06 -1.358831e-06 6.464526e-07
7.000000e+00 -3.535534e-01 1.000001e+00 1.000001e+00 9.999989e-01 1.000002e+00 1.195228e+00 3 0 -1.207894e-05 5.962591e-06 7.740172e-06 -2.647680e-06 1.777581e-06
7.353553e+00 7.569078e-01 1.000001e+00 1.000001e+00 9.999997e-01 1.000001e+00 1.195229e+00 3 0 -1.113470e-06 -1.922682e-06 -3.432083e-06 2.807069e-06 -1.509401e-06
VARIABLES = "X", "Y", "ro", "u", "v", "pre", "Ma", "PART", "IMEX", "Ux", "Uy", "Vx", "Vy", "Vort" 
ZONE I=2, J=2, DATAPACKING=POINT
8.353553e+00 1.137063e+00 1.000000e+00 1.000000e+00 9.999998e-01 9.999999e-01 1.195229e+00 3 0 -1.665567e-06 6.552395e-07 1.872818e-06 -3.339843e-07 1.217578e-06
8.500000e+00 2.191342e+00 1.000000e+00 1.000000e+00 1.000000e+00 1.000000e+00 1.195229e+00 3 0 -1.763235e-07 -6.448691e-08 -4.798360e-07 3.747508e-07 -4.153491e-07
7.353553e+00 7.569078e-01 1.000000e+00 1.000000e+00 1.000000e+00 1.000000e+00 1.195229e+00 3 0 1.298890e-06 -1.995376e-06 -4.357081e-06 1.777754e-06 -2.361705e-06
7.500000e+00 1.808658e+00 9.999996e-01 9.999995e-01 1.000000e+00 9.999994e-01 1.195229e+00 3 0 1.715984e-06 -4.928730e-07 4.255761e-07 -1.031084e-06 9.184491e-07
VARIABLES = "X", "Y", "ro", "u", "v", "pre", "Ma", "PART", "IMEX", "Ux", "Uy", "Vx", "Vy", "Vort" 
ZONE I=2, J=2, DATAPACKING=POINT
8.500000e+00 2.191342e+00 1.000000e+00 1.000000e+00 1.000000e+00 1.000000e+00 1.195229e+00 3 0 1.121954e-07 -7.956188e-08 -4.187005e-07 9.911166e-08 -3.391387e-07
8.353553e+00 3.137063e+00 1.000000e+00 1.000000e+00 1.000000e+00 1.000000e+00 1.195229e+00 3 0 1.083364e-06 2.983976e-07 7.077814e-07 9.978969e-08 4.093838e-07
7.500000e+00 1.808658e+00 9.999998e-01 9.999997e-01 9.999999e-01 9.999997e-01 1.195228e+00 3 0 3.919252e-07 8.233995e-07 1.336658e-06 -5.862302e-07 5.132590e-07
7.353553e+00 2.756908e+00 1.000000e+00 1.000000e+00 9.999998e-01 1.000000e+00 1.195229e+00 3 0 -1.278313e-06 2.743467e-07 -1.749957e-07 4.839391e-07 -4.493424e-07
VARIABLES = "X", "Y", "ro", "u", "v", "pre", "Ma", "PART", "IMEX", "Ux", "Uy", "Vx", "Vy", "Vort" 
ZONE I=2, J=2, DATAPACKING=POINT
8.353553e+00 3.137063e+00 1.000000e+00 1.000000e+00 1.000000e+00 1.000000e+00 1.195229e+00 3 0 1.099474e-06 4.465772e-07 9.715876e-07 3.834623e-07 5.250104e-07
8.000000e+00 4.000000e+00 1.000000e+00 1.000000e+00 1.000000e+00 1.000000e+00 1.195229e+00 3 0 7.792444e-08 -1.270904e-07 4.454146e-07 9.925754e-08 5.725049e-07
7.353553e+00 2.756908e+00 1.000000e+00 1.000000e+00 9.999999e-01 1.000000e+00 1.195229e+00 3 0 -8.527541e-07 -5.729749e-07 -5.955085e-07 1.547572e-07 -2.253358e-08
7.000000e+00 3.646447e+00 1.000000e+00 1.000000e+00 1.000000e+00 9.999999e-01 1.195229e+00 3 0 3.025092e-07 -1.875689e-07 -2.406839e-07 -1.874560e-07 -5.311502e-08
VARIABLES = "X", "Y", "ro", "u", "v", "pre", "Ma", "PART", "IMEX", "Ux", "Uy", "Vx", "Vy", "Vort" 
ZONE I=2, J=2, DATAPACKING=POINT
8.000000e+00 4.000000e+00 1.000000e+00 1.000000e+00 1.000000e+00 1.000000e+00 1.195229e+00 3 0 -5.757665e-08 -1.021341e-07 2.476083e-07 3.412936e-08 3.497424e-07
7.646447e+00 4.862937e+00 1.000000e+00 1.000000e+00 1.000000e+00 1.000000e+00 1.195229e+00 3 0 -5.989318e-08 -3.069842e-08 -7.882193e-08 -6.627462e-08 -4.812351e-08
7.000000e+00 3.646447e+00 1.000000e+00 9.999999e-01 1.000000e+00 9.999999e-01 1.195229e+00 3 0 2.227559e-07 1.379936e-07 -3.496778e-08 -1.070661e-07 -1.729614e-07
6.646447e+00 4.563072e+00 1.000000e+00 1.000000e+00 1.000000e+00 1.000000e+00 1.195229e+00 3 0 -2.417923e-08 7.045343e-08 5.922497e-08 6.775602e-08 -1.122846e-08
VARIABLES = "X", "Y", "ro", "u", "v", "pre", "Ma", "PART", "IMEX", "Ux", "Uy", "Vx", "Vy", "Vort" 
ZONE I=2, J=2, DATAPACKING=POINT
7.646447e+00 4.862937e+00 1.000000e+00 1.000000e+00 1.000000e+00 1.000000e+00 1.195229e+00 3 0 -3.177348e-08 1.273513e-08 -5.929123e-08 -3.885257e-09 -7.202636e-08
7.500000e+00 5.808658e+00 1.000000e+00 1.000000e+00 1.000000e+00 1.000000e+00 1.195229e+00 3 0 8.780633e-09 3.000829e-09 9.250298e-09 7.899281e-09 6.249469e-09
6.646447e+00 4.563072e+00 1.000000e+00 1.000000e+00 1.000000e+00 1.000000e+00 1.195229e+00 3 0 -1.660228e-08 -9.357363e-09 2.307701e-08 2.645961e-08 3.243437e-08
6.500000e+00 5.538060e+00 1.000000e+00 1.000000e+00 1.000000e+00 1.000000e+00 1.195229e+00 3 0 3.107950e-09 -1.029911e-08 -1.061243e-08 -8.894394e-09 -3.133268e-10
VARIABLES = "X", "Y", "ro", "u", "v", "pre", "Ma", "PART", "IMEX", "Ux", "Uy", "Vx", "Vy", "Vort" 
ZONE I=2, J=2, DATAPACKING=POINT
7.500000e+00 5.808658e+00 1.000000e+00 1.000000e+00 1.000000e+00 1.000000e+00 1.195229e+00 3 0 2.686002e-09 -2.891440e-09 7.251475e-09 -1.085909e-09 1.014292e-08
7.646447e+00 6.862937e+00 1.000000e+00 1.000000e+00 1.000000e+00 1.000000e+00 1.195229e+00 3 0 -1.261888e-09 6.568967e-10 -1.202091e-09 -4.892909e-10 -1.858988e-09
6.500000e+00 5.538060e+00 1.000000e+00 1.000000e+00 1.000000e+00 1.000000e+00 1.195229e+00 3 0 2.800681e-09 5.364407e-10 -4.561380e-09 -3.677529e-09 -5.097821e-09
6.646447e+00 6.563072e+00 1.000000e+00 1.000000e+00 1.000000e+00 1.000000e+00 1.195229e+00 3 0 -3.913386e-10 8.789545e-10 1.649036e-09 7.196643e-10 7.700813e-10
VARIABLES = "X", "Y", "ro", "u", "v", "pre", "Ma", "PART", "IMEX", "Ux", "Uy", "Vx", "Vy", "Vort" 
ZONE I=2, J=2, DATAPACKING=POINT
7.646447e+00 6.862937e+00 1.000000e+00 1.000000e+00 1.000000e+00 1.000000e+00 1.195229e+00 3 0 -2.122344e-11 3.352527e-10 -1.031372e-09 3.217287e-10 -1.366624e-09
8.000000e+00 8.000000e+00 1.000000e+00 1.000000e+00 1.000000e+00 1.000000e+00 1.195229e+00 3 0 6.237193e-11 -1.705091e-10 2.548164e-10 -4.216890e-11 4.253256e-10
6.646447e+00 6.563072e+00 1.000000e+00 1.000000e+00 1.000000e+00 1.000000e+00 1.195229e+00 3 0 -3.547328e-10 -1.814000e-10 7.650464e-10 3.337777e-10 9.464464e-10
7.000000e+00 7.646447e+00 1.000000e+00 1.000000e+00 1.000000e+00 1.000000e+00 1.195229e+00 3 0 -5.481198e-11 3.329849e-10 -3.865753e-10 -3.909912e-12 -7.195602e-10
