VARIABLES = "X", "Y", "ro", "u", "v", "pre", "Ma", "PART", "IMEX", "Ux", "Uy", "Vx", "Vy", "Vort" 
ZONE I=2, J=2, DATAPACKING=POINT
-7.000000e+00 3.535534e-01 1.000000e+00 1.000000e+00 1.000000e+00 1.000000e+00 1.195229e+00 0 0 4.833940e-11 -1.649460e-10 -2.939844e-12 -5.492712e-10 1.620061e-10
-6.646447e+00 1.436928e+00 1.000000e+00 1.000000e+00 1.000000e+00 1.000000e+00 1.195229e+00 0 0 -1.402581e-10 -1.033954e-10 -6.944506e-10 -3.235862e-10 -5.910552e-10
-8.000000e+00 5.358979e-08 1.000000e+00 1.000000e+00 1.000000e+00 1.000000e+00 1.195229e+00 0 0 -1.115520e-11 3.330194e-12 -2.220743e-10 6.823729e-11 -2.254045e-10
-7.646447e+00 1.137063e+00 1.000000e+00 1.000000e+00 1.000000e+00 1.000000e+00 1.195229e+00 0 0 -1.893555e-10 5.873904e-11 -8.761772e-10 2.716212e-10 -9.349162e-10
VARIABLES = "X", "Y", "ro", "u", "v", "pre", "Ma", "PART", "IMEX", "Ux", "Uy", "Vx", "Vy", "Vort" 
ZONE I=2, J=2, DATAPACKING=POINT
-6.646447e+00 1.436928e+00 1.000000e+00 1.000000e+00 1.000000e+00 1.000000e+00 1.195229e+00 0 0 -1.994764e-10 9.407428e-11 -9.852928e-10 6.462340e-10 -1.079367e-09
-6.500000e+00 2.461940e+00 1.000000e+00 1.000000e+00 1.000000e+00 1.000000e+00 1.195229e+00 0 0 -1.266913e-10 8.367525e-11 -4.277714e-10 5.665769e-10 -5.114467e-10
-7.646447e+00 1.137063e+00 1.000000e+00 1.000000e+00 1.000000e+00 1.000000e+00 1.195229e+00 0 0 -1.792058e-10 2.489134e-11 -8.294217e-10 1.156998e-10 -8.543131e-10
-7.500000e+00 2.191342e+00 1.000000e+00 1.000000e+00 1.000000e+00 1.000000e+00 1.195229e+00 0 0 -1.086127e-10 1.508547e-11 -2.870263e-10 4.035729e-11 -3.021118e-10
VARIABLES = "X", "Y", "ro", "u", "v", "pre", "Ma", "PART", "IMEX", "Ux", "Uy", "Vx", "Vy", "Vort" 
ZONE I=2, J=2, DATAPACKING=POINT
-6.500000e+00 2.461940e+00 1.000000e+00 1.000000e+00 1.000000e+00 1.000000e+00 1.195229e+00 0 0 -1.269934e-10 8.475741e-11 -3.356427e-10 2.259958e-10 -4.204001e-10
-6.646447e+00 3.436928e+00 1.000000e+00 1.000000e+00 1.000000e+00 1.000000e+00 1.195229e+00 0 0 -3.278411e-11 9.890731e-11 -8.509011e-11 2.636274e-10 -1.839974e-10
-7.500000e+00 2.191342e+00 1.000000e+00 1.000000e+00 1.000000e+00 1.000000e+00 1.195229e+00 0 0 -1.003687e-10 -1.538050e-11 -2.651468e-10 -4.049872e-11 -2.497663e-10
-7.646447e+00 3.137063e+00 1.000000e+00 1.000000e+00 1.000000e+00 1.000000e+00 1.195229e+00 0 0 -3.049928e-12 -3.105174e-13 -5.972112e-12 -3.650560e-13 -5.661595e-12
VARIABLES = "X", "Y", "ro", "u", "v", "pre", "Ma", "PART", "IMEX", "Ux", "Uy", "Vx", "Vy", "Vort" 
ZONE I=2, J=2, DATAPACKING=POINT
-6.646447e+00 3.436928e+00 1.000000e+00 1.000000e+00 1.000000e+00 1.000000e+00 1.195229e+00 0 0 -3.718326e-12 1.977404e-12 -7.186034e-12 3.829398e-12 -9.163438e-12
-7.000000e+00 4.353553e+00 1.000000e+00 1.000000e+00 1.000000e+00 1.000000e+00 1.195229e+00 0 0 -1.070192e-12 2.998700e-12 -2.067853e-12 5.803240e-12 -5.066553e-12
-7.646447e+00 3.137063e+00 1.000000e+00 1.000000e+00 1.000000e+00 1.000000e+00 1.195229e+00 0 0 -2.801000e-12 -1.140648e-12 -5.420732e-12 -2.203813e-12 -4.280084e-12
-8.000000e+00 4.000000e+00 1.000000e+00 1.000000e+00 1.000000e+00 1.000000e+00 1.195229e+00 0 0 -1.087326e-14 2.492564e-15 -1.934569e-14 9.185180e-15 -2.183825e-14
VARIABLES = "X", "Y", "ro", "u", "v", "pre", "Ma", "PART", "IMEX", "Ux", "Uy", "Vx", "Vy", "Vort" 
ZONE I=2, J=2, DATAPACKING=POINT
-7.000000e+00 4.353553e+00 1.000000e+00 1.000000e+00 1.000000e+00 1.000000e+00 1.195229e+00 0 0 -1.224299e-14 6.366735e-15 -1.972481e-14 1.025752e-14 -2.609155e-14
-7.353553e+00 5.243092e+00 1.000000e+00 1.000000e+00 1.000000e+00 1.000000e+00 1.195229e+00 0 0 -3.709686e-15 9.758355e-15 -5.976717e-15 1.572179e-14 -1.573507e-14
-8.000000e+00 4.000000e+00 1.000000e+00 1.000000e+00 1.000000e+00 1.000000e+00 1.195229e+00 0 0 -8.727756e-15 -3.575842e-15 -1.406138e-14 -5.761080e-15 -1.048554e-14
-8.353553e+00 4.862937e+00 1.000000e+00 1.000000e+00 1.000000e+00 1.000000e+00 1.195229e+00 0 0 0.000000e+00 0.000000e+00 0.000000e+00 0.000000e+00 0.000000e+00
VARIABLES = "X", "Y", "ro", "u", "v", "pre", "Ma", "PART", "IMEX", "Ux", "Uy", "Vx", "Vy", "Vort" 
ZONE I=2, J=2, DATAPACKING=POINT
-7.353553e+00 5.243092e+00 1.000000e+00 1.000000e+00 1.000000e+00 1.000000e+00 1.195229e+00 0 0 0.000000e+00 0.000000e+00 0.000000e+00 0.000000e+00 0.000000e+00
-7.500000e+00 6.191342e+00 1.000000e+00 1.000000e+00 1.000000e+00 1.000000e+00 1.195229e+00 0 0 0.000000e+00 0.000000e+00 0.000000e+00 0.000000e+00 0.000000e+00
-8.353553e+00 4.862937e+00 1.000000e+00 1.000000e+00 1.000000e+00 1.000000e+00 1.195229e+00 0 0 0.000000e+00 0.000000e+00 0.000000e+00 0.000000e+00 0.000000e+00
-8.500000e+00 5.808658e+00 1.000000e+00 1.000000e+00 1.000000e+00 1.000000e+00 1.195229e+00 0 0 0.000000e+00 0.000000e+00 0.000000e+00 0.000000e+00 0.000000e+00
VARIABLES = "X", "Y", "ro", "u", "v", "pre", "Ma", "PART", "IMEX", "Ux", "Uy", "Vx", "Vy", "Vort" 
ZONE I=2, J=2, DATAPACKING=POINT
-7.500000e+00 6.191342e+00 1.000000e+00 1.000000e+00 1.000000e+00 1.000000e+00 1.195229e+00 0 0 0.000000e+00 0.000000e+00 0.000000e+00 0.000000e+00 0.000000e+00
-7.353553e+00 7.243092e+00 1.000000e+00 1.000000e+00 1.000000e+00 1.000000e+00 1.195229e+00 0 0 0.000000e+00 0.000000e+00 0.000000e+00 0.000000e+00 0.000000e+00
-8.500000e+00 5.808658e+00 1.000000e+00 1.000000e+00 1.000000e+00 1.000000e+00 1.195229e+00 0 0 0.000000e+00 0.000000e+00 0.000000e+00 0.000000e+00 0.000000e+00
-8.353553e+00 6.862937e+00 1.000000e+00 1.000000e+00 1.000000e+00 1.000000e+00 1.195229e+00 0 0 0.000000e+00 0.000000e+00 0.000000e+00 0.000000e+00 0.000000e+00
VARIABLES = "X", "Y", "ro", "u", "v", "pre", "Ma", "PART", "IMEX", "Ux", "Uy", "Vx", "Vy", "Vort" 
ZONE I=2, J=2, DATAPACKING=POINT
-7.353553e+00 7.243092e+00 1.000000e+00 1.000000e+00 1.000000e+00 1.000000e+00 1.195229e+00 0 0 0.000000e+00 0.000000e+00 0.000000e+00 0.000000e+00 0.000000e+00
-7.000000e+00 8.353553e+00 1.000000e+00 1.000000e+00 1.000000e+00 1.000000e+00 1.195229e+00 0 0 0.000000e+00 0.000000e+00 0.000000e+00 0.000000e+00 0.000000e+00
-8.353553e+00 6.862937e+00 1.000000e+00 1.000000e+00 1.000000e+00 1.000000e+00 1.195229e+00 0 0 0.000000e+00 0.000000e+00 0.000000e+00 0.000000e+00 0.000000e+00
-8.000000e+00 8.000000e+00 1.000000e+00 1.000000e+00 1.000000e+00 1.000000e+00 1.195229e+00 0 0 0.000000e+00 0.000000e+00 0.000000e+00 0.000000e+00 0.000000e+00
VARIABLES = "X", "Y", "ro", "u", "v", "pre", "Ma", "PART", "IMEX", "Ux", "Uy", "Vx", "Vy", "Vort" 
ZONE I=2, J=2, DATAPACKING=POINT
-6.000000e+00 5.000000e-01 1.000000e+00 1.000000e+00 9.999999e-01 1.000000e+00 1.195229e+00 0 0 1.522738e-09 -7.053590e-08 -8.161128e-08 -1.638477e-07 -1.107538e-08
-5.646447e+00 1.480847e+00 1.000000e+00 9.999999e-01 9.999997e-01 1.000000e+00 1.195228e+00 0 0 -7.541204e-08 -4.280420e-08 -2.906875e-07 -8.848471e-08 -2.478833e-07
-7.000000e+00 3.535534e-01 1.000000e+00 1.000000e+00 1.000000e+00 1.000000e+00 1.195229e+00 0 0 -9.226091e-09 2.861713e-09 -1.108221e-07 3.561593e-08 -1.136838e-07
-6.646447e+00 1.436928e+00 1.000000e+00 1.000000e+00 1.000000e+00 1.000000e+00 1.195229e+00 0 0 -7.840921e-08 2.543924e-08 -2.988325e-07 9.697211e-08 -3.242718e-07
VARIABLES = "X", "Y", "ro", "u", "v", "pre", "Ma", "PART", "IMEX", "Ux", "Uy", "Vx", "Vy", "Vort" 
ZONE I=2, J=2, DATAPACKING=POINT
-5.646447e+00 1.480847e+00 1.000000e+00 9.999999e-01 9.999997e-01 1.000000e+00 1.195228e+00 0 0 -7.939521e-08 4.788964e-08 -3.055882e-07 2.507950e-07 -3.534779e-07
-5.500000e+00 2.461940e+00 1.000000e+00 1.000000e+00 9.999999e-01 1.000000e+00 1.195229e+00 0 0 -4.200215e-08 4.230802e-08 -9.379085e-08 2.191803e-07 -1.360989e-07
-6.646447e+00 1.436928e+00 1.000000e+00 1.000000e+00 1.000000e+00 1.000000e+00 1.195229e+00 0 0 -7.778290e-08 1.117866e-08 -2.964560e-07 4.286105e-08 -3.076347e-07
-6.500000e+00 2.461940e+00 1.000000e+00 1.000000e+00 1.000000e+00 1.000000e+00 1.195229e+00 0 0 -4.200215e-08 6.066552e-09 -9.379086e-08 1.390565e-08 -9.985741e-08
VARIABLES = "X", "Y", "ro", "u", "v", "pre", "Ma", "PART", "IMEX", "Ux", "Uy", "Vx", "Vy", "Vort" 
ZONE I=2, J=2, DATAPACKING=POINT
-5.500000e+00 2.461940e+00 1.000000e+00 1.000000e+00 9.999999e-01 1.000000e+00 1.195229e+00 0 0 -4.200215e-08 3.403712e-08 -9.379085e-08 7.681090e-08 -1.278280e-07
-5.646447e+00 3.480847e+00 1.000000e+00 1.000000e+00 1.000000e+00 1.000000e+00 1.195229e+00 0 0 -3.012632e-09 3.964105e-08 -5.989498e-09 8.943051e-08 -4.563054e-08
-6.500000e+00 2.461940e+00 1.000000e+00 1.000000e+00 1.000000e+00 1.000000e+00 1.195229e+00 0 0 -4.200215e-08 -6.205035e-09 -9.379086e-08 -1.381130e-08 -8.758582e-08
-6.646447e+00 3.436928e+00 1.000000e+00 1.000000e+00 1.000000e+00 1.000000e+00 1.195229e+00 0 0 -1.267841e-09 -8.660252e-11 -2.060365e-09 -3.306570e-11 -1.973762e-09
VARIABLES = "X", "Y", "ro", "u", "v", "pre", "Ma", "PART", "IMEX", "Ux", "Uy", "Vx", "Vy", "Vort" 
ZONE I=2, J=2, DATAPACKING=POINT
-5.646447e+00 3.480847e+00 1.000000e+00 1.000000e+00 1.000000e+00 1.000000e+00 1.195229e+00 0 0 -1.306518e-09 7.940468e-10 -2.118446e-09 1.289401e-09 -2.912493e-09
-6.000000e+00 4.500000e+00 1.000000e+00 1.000000e+00 1.000000e+00 1.000000e+00 1.195229e+00 0 0 -1.772490e-10 1.185801e-09 -2.866762e-10 1.924858e-09 -1.472477e-09
-6.646447e+00 3.436928e+00 1.000000e+00 1.000000e+00 1.000000e+00 1.000000e+00 1.195229e+00 0 0 -1.250609e-09 -4.789635e-10 -2.027757e-09 -7.755293e-10 -1.548793e-09
-7.000000e+00 4.353553e+00 1.000000e+00 1.000000e+00 1.000000e+00 1.000000e+00 1.195229e+00 0 0 -3.873379e-12 1.917477e-12 -5.446415e-12 4.500089e-12 -7.363892e-12
VARIABLES = "X", "Y", "ro", "u", "v", "pre", "Ma", "PART", "IMEX", "Ux", "Uy", "Vx", "Vy", "Vort" 
ZONE I=2, J=2, DATAPACKING=POINT
-6.000000e+00 4.500000e+00 1.000000e+00 1.000000e+00 1.000000e+00 1.000000e+00 1.195229e+00 0 0 -3.922831e-12 2.255162e-12 -5.227965e-12 3.008417e-12 -7.483127e-12
-6.353553e+00 5.480847e+00 1.000000e+00 1.000000e+00 1.000000e+00 1.000000e+00 1.195229e+00 0 0 -8.068777e-13 3.378330e-12 -1.075466e-12 4.505215e-12 -4.453796e-12
-7.000000e+00 4.353553e+00 1.000000e+00 1.000000e+00 1.000000e+00 1.000000e+00 1.195229e+00 0 0 -3.396517e-12 -1.338737e-12 -4.526569e-12 -1.781019e-12 -3.187832e-12
-7.353553e+00 5.243092e+00 1.000000e+00 1.000000e+00 1.000000e+00 1.000000e+00 1.195229e+00 0 0 -5.787485e-15 8.932519e-15 -7.887260e-15 1.496243e-14 -1.681978e-14
VARIABLES = "X", "Y", "ro", "u", "v", "pre", "Ma", "PART", "IMEX", "Ux", "Uy", "Vx", "Vy", "Vort" 
ZONE I=2, J=2, DATAPACKING=POINT
-6.353553e+00 5.480847e+00 1.000000e+00 1.000000e+00 1.000000e+00 1.000000e+00 1.195229e+00 0 0 -4.395597e-15 3.078216e-15 -5.194796e-15 3.637892e-15 -8.273012e-15
-6.500000e+00 6.461940e+00 1.000000e+00 1.000000e+00 1.000000e+00 1.000000e+00 1.195229e+00 0 0 -9.712740e-16 3.589361e-15 -1.147869e-15 4.241972e-15 -4.737230e-15
-7.353553e+00 5.243092e+00 1.000000e+00 1.000000e+00 1.000000e+00 1.000000e+00 1.195229e+00 0 0 -3.533973e-15 -5.457830e-16 -4.176514e-15 -6.450163e-16 -3.630731e-15
-7.500000e+00 6.191342e+00 1.000000e+00 1.000000e+00 1.000000e+00 1.000000e+00 1.195229e+00 0 0 0.000000e+00 0.000000e+00 0.000000e+00 0.000000e+00 0.000000e+00
VARIABLES = "X", "Y", "ro", "u", "v", "pre", "Ma", "PART", "IMEX", "Ux", "Uy", "Vx", "Vy", "Vort" 
ZONE I=2, J=2, DATAPACKING=POINT
-6.500000e+00 6.461940e+00 1.000000e+00 1.000000e+00 1.000000e+00 1.000000e+00 1.195229e+00 0 0 0.000000e+00 0.000000e+00 0.000000e+00 0.000000e+00 0.000000e+00
-6.353553e+00 7.480847e+00 1.000000e+00 1.000000e+00 1.000000e+00 1.000000e+00 1.195229e+00 0 0 0.000000e+00 0.000000e+00 0.000000e+00 0.000000e+00 0.000000e+00
-7.500000e+00 6.191342e+00 1.000000e+00 1.000000e+00 1.000000e+00 1.000000e+00 1.195229e+00 0 0 0.000000e+00 0.000000e+00 0.000000e+00 0.000000e+00 0.000000e+00
-7.353553e+00 7.243092e+00 1.000000e+00 1.000000e+00 1.000000e+00 1.000000e+00 1.195229e+00 0 0 0.000000e+00 0.000000e+00 0.000000e+00 0.000000e+00 0.000000e+00
VARIABLES = "X", "Y", "ro", "u", "v", "pre", "Ma", "PART", "IMEX", "Ux", "Uy", "Vx", "Vy", "Vort" 
ZONE I=2, J=2, DATAPACKING=POINT
-6.353553e+00 7.480847e+00 1.000000e+00 1.000000e+00 1.000000e+00 1.000000e+00 1.195229e+00 0 0 0.000000e+00 0.000000e+00 0.000000e+00 0.000000e+00 0.000000e+00
-6.000000e+00 8.500000e+00 1.000000e+00 1.000000e+00 1.000000e+00 1.000000e+00 1.195229e+00 0 0 0.000000e+00 0.000000e+00 0.000000e+00 0.000000e+00 0.000000e+00
-7.353553e+00 7.243092e+00 1.000000e+00 1.000000e+00 1.000000e+00 1.000000e+00 1.195229e+00 0 0 0.000000e+00 0.000000e+00 0.000000e+00 0.000000e+00 0.000000e+00
-7.000000e+00 8.353553e+00 1.000000e+00 1.000000e+00 1.000000e+00 1.000000e+00 1.195229e+00 0 0 0.000000e+00 0.000000e+00 0.000000e+00 0.000000e+00 0.000000e+00
VARIABLES = "X", "Y", "ro", "u", "v", "pre", "Ma", "PART", "IMEX", "Ux", "Uy", "Vx", "Vy", "Vort" 
ZONE I=2, J=2, DATAPACKING=POINT
-5.000000e+00 3.535534e-01 1.000000e+00 9.999984e-01 9.999770e-01 1.000000e+00 1.195214e+00 0 0 -3.676549e-06 -1.407635e-05 -2.701137e-05 -2.834684e-05 -1.293502e-05
-4.646447e+00 1.243092e+00 1.000000e+00 9.999846e-01 9.999423e-01 1.000000e+00 1.195185e+00 0 0 -1.741615e-05 -8.615449e-06 -6.096697e-05 -1.485095e-05 -5.235152e-05
-6.000000e+00 5.000000e-01 1.000000e+00 1.000000e+00 9.999999e-01 1.000000e+00 1.195229e+00 0 0 -1.543867e-06 4.865112e-07 -2.174073e-05 7.643338e-06 -2.222724e-05
-5.646447e+00 1.480847e+00 1.000000e+00 9.999999e-01 9.999997e-01 1.000000e+00 1.195228e+00 0 0 -1.417004e-05 5.037707e-06 -5.294465e-05 1.889102e-05 -5.798236e-05
VARIABLES = "X", "Y", "ro", "u", "v", "pre", "Ma", "PART", "IMEX", "Ux", "Uy", "Vx", "Vy", "Vort" 
ZONE I=2, J=2, DATAPACKING=POINT
-4.646447e+00 1.243092e+00 1.000000e+00 9.999846e-01 9.999423e-01 1.000000e+00 1.195185e+00 0 0 -1.361284e-05 7.381291e-06 -4.662421e-05 4.547487e-05 -5.400550e-05
-4.500000e+00 2.191342e+00 1.000000e+00 9.999896e-01 9.999786e-01 1.000000e+00 1.195210e+00 0 0 -8.609135e-06 6.608524e-06 -1.054614e-05 3.990301e-05 -1.715466e-05
-5.646447e+00 1.480847e+00 1.000000e+00 9.999999e-01 9.999997e-01 1.000000e+00 1.195228e+00 0 0 -1.483281e-05 2.250115e-06 -5.542046e-05 8.477730e-06 -5.767057e-05
-5.500000e+00 2.461940e+00 1.000000e+00 1.000000e+00 9.999999e-01 1.000000e+00 1.195229e+00 0 0 -9.984350e-06 1.526391e-06 -2.046180e-05 3.259491e-06 -2.198820e-05
VARIABLES = "X", "Y", "ro", "u", "v", "pre", "Ma", "PART", "IMEX", "Ux", "Uy", "Vx", "Vy", "Vort" 
ZONE I=2, J=2, DATAPACKING=POINT
-4.500000e+00 2.191342e+00 1.000000e+00 9.999896e-01 9.999786e-01 1.000000e+00 1.195210e+00 0 0 -8.134754e-06 8.361607e-06 -1.662178e-05 1.745036e-05 -2.498339e-05
-4.646447e+00 3.243092e+00 1.000000e+00 9.999995e-01 9.999993e-01 1.000000e+00 1.195228e+00 0 0 1.866517e-06 9.754192e-06 4.189680e-06 2.034816e-05 -5.564512e-06
-5.500000e+00 2.461940e+00 1.000000e+00 1.000000e+00 9.999999e-01 1.000000e+00 1.195229e+00 0 0 -1.080685e-05 -1.513185e-06 -2.218211e-05 -3.097923e-06 -2.066892e-05
-5.646447e+00 3.480847e+00 1.000000e+00 1.000000e+00 1.000000e+00 1.000000e+00 1.195229e+00 0 0 -4.587375e-07 -2.585987e-08 -6.488998e-07 -2.974401e-09 -6.230400e-07
VARIABLES = "X", "Y", "ro", "u", "v", "pre", "Ma", "PART", "IMEX", "Ux", "Uy", "Vx", "Vy", "Vort" 
ZONE I=2, J=2, DATAPACKING=POINT
-4.646447e+00 3.243092e+00 1.000000e+00 9.999995e-01 9.999993e-01 1.000000e+00 1.195228e+00 0 0 -3.849000e-07 2.847019e-07 -5.510857e-07 4.084333e-07 -8.357876e-07
-5.000000e+00 4.353553e+00 1.000000e+00 1.000000e+00 1.000000e+00 1.000000e+00 1.195229e+00 0 0 6.085007e-08 4.266217e-07 8.773114e-08 6.118225e-07 -3.388906e-07
-5.646447e+00 3.480847e+00 1.000000e+00 1.000000e+00 1.000000e+00 1.000000e+00 1.195229e+00 0 0 -4.929509e-07 -1.697618e-07 -7.059365e-07 -2.428714e-07 -5.361747e-07
-6.000000e+00 4.500000e+00 1.000000e+00 1.000000e+00 1.000000e+00 1.000000e+00 1.195229e+00 0 0 -1.521912e-09 7.193248e-10 -1.655887e-09 1.449866e-09 -2.375212e-09
VARIABLES = "X", "Y", "ro", "u", "v", "pre", "Ma", "PART", "IMEX", "Ux", "Uy", "Vx", "Vy", "Vort" 
ZONE I=2, J=2, DATAPACKING=POINT
-5.000000e+00 4.353553e+00 1.000000e+00 1.000000e+00 1.000000e+00 1.000000e+00 1.195229e+00 0 0 -1.477640e-09 1.021629e-09 -1.696314e-09 1.173815e-09 -2.717943e-09
-5.353553e+00 5.436928e+00 1.000000e+00 1.000000e+00 1.000000e+00 1.000000e+00 1.195229e+00 0 0 6.536294e-11 1.525180e-09 7.534970e-11 1.751987e-09 -1.449830e-09
-6.000000e+00 4.500000e+00 1.000000e+00 1.000000e+00 1.000000e+00 1.000000e+00 1.195229e+00 0 0 -1.717374e-09 -6.153706e-10 -1.971573e-09 -7.057750e-10 -1.356203e-09
-6.353553e+00 5.480847e+00 1.000000e+00 1.000000e+00 1.000000e+00 1.000000e+00 1.195229e+00 0 0 -1.483599e-12 3.134401e-12 -1.402933e-12 4.387177e-12 -4.537333e-12
VARIABLES = "X", "Y", "ro", "u", "v", "pre", "Ma", "PART", "IMEX", "Ux", "Uy", "Vx", "Vy", "Vort" 
ZONE I=2, J=2, DATAPACKING=POINT
-5.353553e+00 5.436928e+00 1.000000e+00 1.000000e+00 1.000000e+00 1.000000e+00 1.195229e+00 0 0 -1.561519e-12 1.360223e-12 -1.536774e-12 1.339713e-12 -2.896997e-12
-5.500000e+00 6.461940e+00 1.000000e+00 1.000000e+00 1.000000e+00 1.000000e+00 1.195229e+00 0 0 -1.998353e-15 1.583037e-12 -1.665287e-15 1.559039e-12 -1.584702e-12
-6.353553e+00 5.480847e+00 1.000000e+00 1.000000e+00 1.000000e+00 1.000000e+00 1.195229e+00 0 0 -1.631792e-12 -2.398415e-13 -1.605947e-12 -2.353046e-13 -1.366105e-12
-6.500000e+00 6.461940e+00 1.000000e+00 1.000000e+00 1.000000e+00 1.000000e+00 1.195229e+00 0 0 -1.998401e-15 3.436043e-15 -1.665334e-15 4.164731e-15 -5.101377e-15
VARIABLES = "X", "Y", "ro", "u", "v", "pre", "Ma", "PART", "IMEX", "Ux", "Uy", "Vx", "Vy", "Vort" 
ZONE I=2, J=2, DATAPACKING=POINT
-5.500000e+00 6.461940e+00 1.000000e+00 1.000000e+00 1.000000e+00 1.000000e+00 1.195229e+00 0 0 -1.998401e-15 2.349834e-15 -1.665334e-15 1.958195e-15 -4.015168e-15
-5.353553e+00 7.436928e+00 1.000000e+00 1.000000e+00 1.000000e+00 1.000000e+00 1.195229e+00 0 0 8.942909e-17 2.036234e-15 7.452424e-17 1.696862e-15 -1.961710e-15
-6.500000e+00 6.461940e+00 1.000000e+00 1.000000e+00 1.000000e+00 1.000000e+00 1.195229e+00 0 0 -1.998401e-15 2.872284e-16 -1.665335e-15 2.393570e-16 -1.952563e-15
-6.353553e+00 7.480847e+00 1.000000e+00 1.000000e+00 1.000000e+00 1.000000e+00 1.195229e+00 0 0 0.000000e+00 0.000000e+00 0.000000e+00 0.000000e+00 0.000000e+00
VARIABLES = "X", "Y", "ro", "u", "v", "pre", "Ma", "PART", "IMEX", "Ux", "Uy", "Vx", "Vy", "Vort" 
ZONE I=2, J=2, DATAPACKING=POINT
-5.353553e+00 7.436928e+00 1.000000e+00 1.000000e+00 1.000000e+00 1.000000e+00 1.195229e+00 0 0 0.000000e+00 0.000000e+00 0.000000e+00 0.000000e+00 0.000000e+00
-5.000000e+00 8.353553e+00 1.000000e+00 1.000000e+00 1.000000e+00 1.000000e+00 1.195229e+00 0 0 0.000000e+00 0.000000e+00 0.000000e+00 0.000000e+00 0.000000e+00
-6.353553e+00 7.480847e+00 1.000000e+00 1.000000e+00 1.000000e+00 1.000000e+00 1.195229e+00 0 0 0.000000e+00 0.000000e+00 0.000000e+00 0.000000e+00 0.000000e+00
-6.000000e+00 8.500000e+00 1.000000e+00 1.000000e+00 1.000000e+00 1.000000e+00 1.195229e+00 0 0 0.000000e+00 0.000000e+00 0.000000e+00 0.000000e+00 0.000000e+00
VARIABLES = "X", "Y", "ro", "u", "v", "pre", "Ma", "PART", "IMEX", "Ux", "Uy", "Vx", "Vy", "Vort" 
ZONE I=2, J=2, DATAPACKING=POINT
-4.000000e+00 -2.679490e-08 9.999999e-01 1.000000e+00 9.982395e-01 9.999999e-01 1.194177e+00 0 0 -3.605135e-04 -1.024279e-03 -2.417059e-03 -1.921924e-03 -1.392780e-03
-3.646447e+00 8.629373e-01 9.999995e-01 9.989887e-01 9.957264e-01 9.999993e-01 1.192072e+00 0 0 -1.247188e-03 -6.610015e-04 -4.605610e-03 -1.025257e-03 -3.944608e-03
-5.000000e+00 3.535534e-01 1.000000e+00 9.999984e-01 9.999770e-01 1.000000e+00 1.195214e+00 0 0 -3.392686e-06 -1.418917e-05 -1.535590e-03 5.712481e-04 -1.521400e-03
-4.646447e+00 1.243092e+00 1.000000e+00 9.999846e-01 9.999423e-01 1.000000e+00 1.195185e+00 0 0 -8.703111e-04 3.303736e-04 -3.675375e-03 1.421721e-03 -4.005749e-03
VARIABLES = "X", "Y", "ro", "u", "v", "pre", "Ma", "PART", "IMEX", "Ux", "Uy", "Vx", "Vy", "Vort" 
ZONE I=2, J=2, DATAPACKING=POINT
-3.646447e+00 8.629373e-01 9.999995e-01 9.989887e-01 9.957264e-01 9.999993e-01 1.192072e+00 0 0 -9.405352e-04 1.456510e-04 -3.102071e-03 2.929812e-03 -3.247722e-03
-3.500000e+00 1.808658e+00 9.999999e-01 9.989887e-01 9.980429e-01 9.999998e-01 1.193455e+00 0 0 -9.449062e-04 1.463279e-04 -9.424369e-04 2.595387e-03 -1.088765e-03
-4.646447e+00 1.243092e+00 1.000000e+00 9.999846e-01 9.999423e-01 1.000000e+00 1.195185e+00 0 0 -9.387809e-04 1.502632e-04 -3.968316e-03 6.511367e-04 -4.118579e-03
-4.500000e+00 2.191342e+00 1.000000e+00 9.999896e-01 9.999786e-01 1.000000e+00 1.195210e+00 0 0 -9.431423e-04 1.509368e-04 -1.813803e-03 3.183960e-04 -1.964740e-03
VARIABLES = "X", "Y", "ro", "u", "v", "pre", "Ma", "PART", "IMEX", "Ux", "Uy", "Vx", "Vy", "Vort" 
ZONE I=2, J=2, DATAPACKING=POINT
-3.500000e+00 1.808658e+00 9.999999e-01 9.989887e-01 9.980429e-01 9.999998e-01 1.193455e+00 0 0 -7.003774e-04 7.853127e-04 -1.333522e-03 1.573433e-03 -2.118834e-03
-3.646447e+00 2.862937e+00 1.000000e+00 9.999192e-01 9.998970e-01 1.000000e+00 1.195119e+00 0 0 2.693662e-04 9.200165e-04 5.978261e-04 1.841710e-03 -3.221904e-04
-4.500000e+00 2.191342e+00 1.000000e+00 9.999896e-01 9.999786e-01 1.000000e+00 1.195210e+00 0 0 -1.053401e-03 -1.371821e-04 -2.036605e-03 -2.638138e-04 -1.899423e-03
-4.646447e+00 3.243092e+00 1.000000e+00 9.999995e-01 9.999993e-01 1.000000e+00 1.195228e+00 0 0 -8.106429e-05 -1.793161e-06 -1.000936e-04 5.827675e-06 -9.830041e-05
VARIABLES = "X", "Y", "ro", "u", "v", "pre", "Ma", "PART", "IMEX", "Ux", "Uy", "Vx", "Vy", "Vort" 
ZONE I=2, J=2, DATAPACKING=POINT
-3.646447e+00 2.862937e+00 1.000000e+00 9.999192e-01 9.998970e-01 1.000000e+00 1.195119e+00 0 0 -6.073280e-05 5.168897e-05 -7.721059e-05 6.602151e-05 -1.288996e-04
-4.000000e+00 4.000000e+00 1.000000e+00 9.999994e-01 9.999994e-01 1.000000e+00 1.195228e+00 0 0 2.737135e-05 7.908369e-05 3.509998e-05 1.009429e-04 -4.398371e-05
-4.646447e+00 3.243092e+00 1.000000e+00 9.999995e-01 9.999993e-01 1.000000e+00 1.195228e+00 0 0 -9.127533e-05 -2.865338e-05 -1.161446e-04 -3.639473e-05 -8.749125e-05
-5.000000e+00 4.353553e+00 1.000000e+00 1.000000e+00 1.000000e+00 1.000000e+00 1.195229e+00 0 0 -5.014172e-07 2.476047e-07 -4.307701e-07 4.467399e-07 -6.783748e-07
VARIABLES = "X", "Y", "ro", "u", "v", "pre", "Ma", "PART", "IMEX", "Ux", "Uy", "Vx", "Vy", "Vort" 
ZONE I=2, J=2, DATAPACKING=POINT
-4.000000e+00 4.000000e+00 1.000000e+00 9.999994e-01 9.999994e-01 1.000000e+00 1.195228e+00 0 0 -4.557205e-07 3.768546e-07 -4.553972e-07 3.770840e-07 -8.322518e-07
-4.353553e+00 5.137063e+00 1.000000e+00 1.000000e+00 1.000000e+00 1.000000e+00 1.195229e+00 0 0 1.704280e-07 5.715465e-07 1.706322e-07 5.717389e-07 -4.009144e-07
-5.000000e+00 4.353553e+00 1.000000e+00 1.000000e+00 1.000000e+00 1.000000e+00 1.195229e+00 0 0 -6.651750e-07 -2.155724e-07 -6.648120e-07 -2.152303e-07 -4.492396e-07
-5.353553e+00 5.436928e+00 1.000000e+00 1.000000e+00 1.000000e+00 1.000000e+00 1.195229e+00 0 0 -5.632212e-10 1.320045e-09 -3.265248e-10 1.620838e-09 -1.646570e-09
VARIABLES = "X", "Y", "ro", "u", "v", "pre", "Ma", "PART", "IMEX", "Ux", "Uy", "Vx", "Vy", "Vort" 
ZONE I=2, J=2, DATAPACKING=POINT
-4.353553e+00 5.137063e+00 1.000000e+00 1.000000e+00 1.000000e+00 1.000000e+00 1.195229e+00 0 0 -7.160794e-10 8.102889e-10 -6.065746e-10 6.869196e-10 -1.416863e-09
-4.500000e+00 6.191342e+00 1.000000e+00 1.000000e+00 1.000000e+00 1.000000e+00 1.195229e+00 0 0 2.541911e-10 9.450662e-10 2.156649e-10 8.011344e-10 -7.294013e-10
-5.353553e+00 5.436928e+00 1.000000e+00 1.000000e+00 1.000000e+00 1.000000e+00 1.195229e+00 0 0 -1.001489e-09 -1.415025e-10 -8.484399e-10 -1.196600e-10 -7.069374e-10
-5.500000e+00 6.461940e+00 1.000000e+00 1.000000e+00 1.000000e+00 1.000000e+00 1.195229e+00 0 0 -1.158327e-12 1.417829e-12 -7.267061e-13 1.455450e-12 -2.144535e-12
VARIABLES = "X", "Y", "ro", "u", "v", "pre", "Ma", "PART", "IMEX", "Ux", "Uy", "Vx", "Vy", "Vort" 
ZONE I=2, J=2, DATAPACKING=POINT
-4.500000e+00 6.191342e+00 1.000000e+00 1.000000e+00 1.000000e+00 1.000000e+00 1.195229e+00 0 0 -1.057669e-12 1.789811e-12 -7.683353e-13 1.301609e-12 -2.558146e-12
-4.353553e+00 7.137063e+00 1.000000e+00 1.000000e+00 1.000000e+00 1.000000e+00 1.195229e+00 0 0 4.600121e-13 1.554795e-12 3.352864e-13 1.130711e-12 -1.219509e-12
-5.500000e+00 6.461940e+00 1.000000e+00 1.000000e+00 1.000000e+00 1.000000e+00 1.195229e+00 0 0 -1.481230e-12 2.245354e-13 -1.076338e-12 1.633778e-13 -1.300874e-12
-5.353553e+00 7.436928e+00 1.000000e+00 1.000000e+00 1.000000e+00 1.000000e+00 1.195229e+00 0 0 -5.361154e-15 2.854931e-15 -3.121956e-15 2.176984e-15 -5.976887e-15
VARIABLES = "X", "Y", "ro", "u", "v", "pre", "Ma", "PART", "IMEX", "Ux", "Uy", "Vx", "Vy", "Vort" 
ZONE I=2, J=2, DATAPACKING=POINT
-4.353553e+00 7.137063e+00 1.000000e+00 1.000000e+00 1.000000e+00 1.000000e+00 1.195229e+00 0 0 -3.612918e-15 8.684998e-15 -2.193558e-15 5.273034e-15 -1.087856e-14
-4.000000e+00 8.000000e+00 1.000000e+00 1.000000e+00 1.000000e+00 1.000000e+00 1.195229e+00 0 0 2.224969e-15 6.293162e-15 1.350874e-15 3.820848e-15 -4.942288e-15
-5.353553e+00 7.436928e+00 1.000000e+00 1.000000e+00 1.000000e+00 1.000000e+00 1.195229e+00 0 0 -5.572701e-15 2.149458e-15 -3.383426e-15 1.305028e-15 -5.532883e-15
-5.000000e+00 8.353553e+00 1.000000e+00 1.000000e+00 1.000000e+00 1.000000e+00 1.195229e+00 0 0 0.000000e+00 0.000000e+00 0.000000e+00 0.000000e+00 0.000000e+00
VARIABLES = "X", "Y", "ro", "u", "v", "pre", "Ma", "PART", "IMEX", "Ux", "Uy", "Vx", "Vy", "Vort" 
ZONE I=2, J=2, DATAPACKING=POINT
-3.000000e+00 -3.535534e-01 9.999330e-01 1.004841e+00 9.589238e-01 9.999063e-01 1.173910e+00 0 0 -3.830261e-03 -2.452659e-02 -5.096778e-02 -3.294975e-02 -2.644119e-02
-2.646447e+00 5.630719e-01 9.995933e-01 9.809969e-01 9.106850e-01 9.994306e-01 1.131369e+00 0 0 -2.312715e-02 -1.710123e-02 -9.040571e-02 -1.777383e-02 -7.330448e-02
-4.000000e+00 -2.679490e-08 9.999999e-01 1.000000e+00 9.982395e-01 9.999999e-01 1.194177e+00 0 0 3.866162e-03 -2.755987e-03 -3.523825e-02 1.152522e-02 -3.248226e-02
-3.646447e+00 8.629373e-01 9.999995e-01 9.989887e-01 9.957264e-01 9.999993e-01 1.192072e+00 0 0 -1.632968e-02 5.518433e-03 -7.648353e-02 2.842379e-02 -8.200197e-02
VARIABLES = "X", "Y", "ro", "u", "v", "pre", "Ma", "PART", "IMEX", "Ux", "Uy", "Vx", "Vy", "Vort" 
ZONE I=2, J=2, DATAPACKING=POINT
-2.646447e+00 5.630719e-01 9.995933e-01 9.809969e-01 9.106850e-01 9.994306e-01 1.131369e+00 0 0 -1.962685e-02 -5.428332e-03 -6.811572e-02 5.655948e-02 -6.268739e-02
-2.500000e+00 1.538060e+00 9.998886e-01 9.728324e-01 9.558412e-01 9.998440e-01 1.152673e+00 0 0 -2.731423e-02 -4.268714e-03 -2.851836e-02 5.058446e-02 -2.424964e-02
-3.646447e+00 8.629373e-01 9.999995e-01 9.989887e-01 9.957264e-01 9.999993e-01 1.192072e+00 0 0 -1.718642e-02 2.661355e-03 -8.053282e-02 1.492010e-02 -8.319418e-02
-3.500000e+00 1.808658e+00 9.999999e-01 9.989887e-01 9.980429e-01 9.999998e-01 1.193455e+00 0 0 -2.510148e-02 3.887018e-03 -3.986380e-02 8.622431e-03 -4.375082e-02
VARIABLES = "X", "Y", "ro", "u", "v", "pre", "Ma", "PART", "IMEX", "Ux", "Uy", "Vx", "Vy", "Vort" 
ZONE I=2, J=2, DATAPACKING=POINT
-2.500000e+00 1.538060e+00 9.998886e-01 9.728324e-01 9.558412e-01 9.998440e-01 1.152673e+00 0 0 -2.079239e-02 1.983286e-02 -3.285244e-02 3.456779e-02 -5.268530e-02
-2.646447e+00 2.563072e+00 9.999992e-01 9.962037e-01 9.960803e-01 9.999989e-01 1.190618e+00 0 0 3.260761e-03 2.326437e-02 8.309795e-03 4.044008e-02 -1.495457e-02
-3.500000e+00 1.808658e+00 9.999999e-01 9.989887e-01 9.980429e-01 9.999998e-01 1.193455e+00 0 0 -2.692659e-02 -2.857688e-03 -4.335058e-02 -4.263025e-03 -4.049289e-02
-3.646447e+00 2.862937e+00 1.000000e+00 9.999192e-01 9.998970e-01 1.000000e+00 1.195119e+00 0 0 -3.600734e-03 3.824330e-04 -3.432385e-03 1.281886e-03 -3.814818e-03
VARIABLES = "X", "Y", "ro", "u", "v", "pre", "Ma", "PART", "IMEX", "Ux", "Uy", "Vx", "Vy", "Vort" 
ZONE I=2, J=2, DATAPACKING=POINT
-2.646447e+00 2.563072e+00 9.999992e-01 9.962037e-01 9.960803e-01 9.999989e-01 1.190618e+00 0 0 -2.974844e-03 2.469687e-03 -3.045571e-03 2.571865e-03 -5.515258e-03
-3.000000e+00 3.646447e+00 1.000000e+00 9.999311e-01 9.999433e-01 1.000000e+00 1.195154e+00 0 0 1.297847e-03 3.864051e-03 1.361715e-03 4.010153e-03 -2.502336e-03
-3.646447e+00 2.862937e+00 1.000000e+00 9.999192e-01 9.998970e-01 1.000000e+00 1.195119e+00 0 0 -4.074116e-03 -1.196215e-03 -4.179471e-03 -1.209518e-03 -2.983256e-03
-4.000000e+00 4.000000e+00 1.000000e+00 9.999994e-01 9.999994e-01 1.000000e+00 1.195228e+00 0 0 -4.870414e-05 5.542911e-05 -2.725408e-05 8.155477e-05 -8.268319e-05
VARIABLES = "X", "Y", "ro", "u", "v", "pre", "Ma", "PART", "IMEX", "Ux", "Uy", "Vx", "Vy", "Vort" 
ZONE I=2, J=2, DATAPACKING=POINT
-3.000000e+00 3.646447e+00 1.000000e+00 9.999311e-01 9.999433e-01 1.000000e+00 1.195154e+00 0 0 -5.234731e-05 4.512467e-05 -4.293751e-05 3.719534e-05 -8.806218e-05
-3.353553e+00 4.756908e+00 1.000000e+00 9.999997e-01 9.999998e-01 1.000000e+00 1.195228e+00 0 0 2.641299e-05 7.020071e-05 2.177996e-05 5.780037e-05 -4.842076e-05
-4.000000e+00 4.000000e+00 1.000000e+00 9.999994e-01 9.999994e-01 1.000000e+00 1.195228e+00 0 0 -7.653121e-05 -2.327773e-05 -6.280946e-05 -1.901102e-05 -3.953173e-05
-4.353553e+00 5.137063e+00 1.000000e+00 1.000000e+00 1.000000e+00 1.000000e+00 1.195229e+00 0 0 -8.734489e-08 4.913958e-07 4.586070e-09 5.201092e-07 -4.868097e-07
VARIABLES = "X", "Y", "ro", "u", "v", "pre", "Ma", "PART", "IMEX", "Ux", "Uy", "Vx", "Vy", "Vort" 
ZONE I=2, J=2, DATAPACKING=POINT
-3.353553e+00 4.756908e+00 1.000000e+00 9.999997e-01 9.999998e-01 1.000000e+00 1.195228e+00 0 0 -1.847771e-07 2.350998e-07 -1.300900e-07 1.658430e-07 -3.651898e-07
-3.500000e+00 5.808658e+00 1.000000e+00 1.000000e+00 1.000000e+00 1.000000e+00 1.195229e+00 0 0 1.046043e-07 2.753935e-07 7.386056e-08 1.942412e-07 -2.015329e-07
-4.353553e+00 5.137063e+00 1.000000e+00 1.000000e+00 1.000000e+00 1.000000e+00 1.195229e+00 0 0 -2.890702e-07 -3.924409e-08 -2.035938e-07 -2.750941e-08 -1.643497e-07
-4.500000e+00 6.191342e+00 1.000000e+00 1.000000e+00 1.000000e+00 1.000000e+00 1.195229e+00 0 0 -4.605691e-10 8.457810e-10 -1.871817e-10 7.451762e-10 -1.032963e-09
VARIABLES = "X", "Y", "ro", "u", "v", "pre", "Ma", "PART", "IMEX", "Ux", "Uy", "Vx", "Vy", "Vort" 
ZONE I=2, J=2, DATAPACKING=POINT
-3.500000e+00 5.808658e+00 1.000000e+00 1.000000e+00 1.000000e+00 1.000000e+00 1.195229e+00 0 0 -4.425408e-10 8.928912e-10 -2.663132e-10 5.383956e-10 -1.159204e-09
-3.353553e+00 6.756908e+00 1.000000e+00 1.000000e+00 1.000000e+00 1.000000e+00 1.195229e+00 0 0 2.923905e-10 7.793893e-10 1.767284e-10 4.699727e-10 -6.026608e-10
-4.500000e+00 6.191342e+00 1.000000e+00 1.000000e+00 1.000000e+00 1.000000e+00 1.195229e+00 0 0 -7.397747e-10 1.161815e-10 -4.454960e-10 7.016847e-11 -5.616774e-10
-4.353553e+00 7.137063e+00 1.000000e+00 1.000000e+00 1.000000e+00 1.000000e+00 1.195229e+00 0 0 -3.097612e-12 2.105700e-12 -1.401899e-12 1.399717e-12 -3.507599e-12
VARIABLES = "X", "Y", "ro", "u", "v", "pre", "Ma", "PART", "IMEX", "Ux", "Uy", "Vx", "Vy", "Vort" 
ZONE I=2, J=2, DATAPACKING=POINT
-3.353553e+00 6.756908e+00 1.000000e+00 1.000000e+00 1.000000e+00 1.000000e+00 1.195229e+00 0 0 -1.952961e-12 5.115179e-12 -9.669610e-13 2.543233e-12 -6.082140e-12
-3.000000e+00 7.646447e+00 1.000000e+00 1.000000e+00 1.000000e+00 1.000000e+00 1.195229e+00 0 0 1.348756e-12 3.878291e-12 6.705809e-13 1.921497e-12 -3.207710e-12
-4.353553e+00 7.137063e+00 1.000000e+00 1.000000e+00 1.000000e+00 1.000000e+00 1.195229e+00 0 0 -3.370413e-12 1.388094e-12 -1.671937e-12 6.893821e-13 -3.060031e-12
-4.000000e+00 8.000000e+00 1.000000e+00 1.000000e+00 1.000000e+00 1.000000e+00 1.195229e+00 0 0 -1.736400e-14 1.431894e-14 -6.310157e-15 6.959643e-15 -2.062910e-14
VARIABLES = "X", "Y", "ro", "u", "v", "pre", "Ma", "PART", "IMEX", "Ux", "Uy", "Vx", "Vy", "Vort" 
ZONE I=2, J=2, DATAPACKING=POINT
-2.000000e+00 -5.000000e-01 9.912538e-01 1.078349e+00 6.866053e-01 9.877767e-01 1.082331e+00 0 0 3.957304e-02 -2.361159e-01 -2.845992e-01 -6.757641e-02 -4.848329e-02
-1.646447e+00 5.191530e-01 9.690751e-01 8.465145e-01 5.132346e-01 9.569746e-01 8.419315e-01 0 0 -1.467016e-01 -1.817914e-01 -4.113420e-01 -3.130762e-02 -2.295506e-01
-3.000000e+00 -3.535534e-01 9.999330e-01 1.004841e+00 9.589238e-01 9.999063e-01 1.173910e+00 0 0 6.536911e-02 -5.121762e-02 -2.628138e-01 4.876181e-02 -2.115962e-01
-2.646447e+00 5.630719e-01 9.995933e-01 9.809969e-01 9.106850e-01 9.994306e-01 1.131369e+00 0 0 -1.293286e-01 2.386195e-02 -3.811711e-01 9.437787e-02 -4.050331e-01
VARIABLES = "X", "Y", "ro", "u", "v", "pre", "Ma", "PART", "IMEX", "Ux", "Uy", "Vx", "Vy", "Vort" 
ZONE I=2, J=2, DATAPACKING=POINT
-1.646447e+00 5.191530e-01 9.690751e-01 8.465145e-01 5.132346e-01 9.569746e-01 8.419315e-01 0 0 -1.399235e-01 -2.745850e-02 -3.946116e-01 3.496318e-01 -3.671531e-01
-1.500000e+00 1.538060e+00 9.939273e-01 7.992574e-01 8.042249e-01 9.915086e-01 9.594367e-01 0 0 -1.746161e-01 -2.012304e-02 -1.525257e-01 3.003721e-01 -1.324026e-01
-2.646447e+00 5.630719e-01 9.995933e-01 9.809969e-01 9.106850e-01 9.994306e-01 1.131369e+00 0 0 -1.298876e-01 1.113322e-02 -3.807695e-01 1.035212e-01 -3.919028e-01
-2.500000e+00 1.538060e+00 9.998886e-01 9.728324e-01 9.558412e-01 9.998440e-01 1.152673e+00 0 0 -1.725402e-01 1.754473e-02 -1.507124e-01 6.893842e-02 -1.682571e-01
VARIABLES = "X", "Y", "ro", "u", "v", "pre", "Ma", "PART", "IMEX", "Ux", "Uy", "Vx", "Vy", "Vort" 
ZONE I=2, J=2, DATAPACKING=POINT
-1.500000e+00 1.538060e+00 9.939273e-01 7.992574e-01 8.042249e-01 9.915086e-01 9.594367e-01 0 0 -1.746161e-01 1.431878e-01 -1.525257e-01 1.540686e-01 -2.957134e-01
-1.646447e+00 2.519153e+00 9.999283e-01 9.643132e-01 9.766762e-01 9.998997e-01 1.160003e+00 0 0 -2.471034e-02 1.635386e-01 -1.180941e-02 1.729570e-01 -1.753480e-01
-2.500000e+00 1.538060e+00 9.998886e-01 9.728324e-01 9.558412e-01 9.998440e-01 1.152673e+00 0 0 -1.725402e-01 -1.847816e-03 -1.507124e-01 1.772877e-02 -1.488646e-01
-2.646447e+00 2.563072e+00 9.999992e-01 9.962037e-01 9.960803e-01 9.999989e-01 1.190618e+00 0 0 -3.108200e-02 1.835771e-02 -1.779042e-02 3.671106e-02 -3.614814e-02
VARIABLES = "X", "Y", "ro", "u", "v", "pre", "Ma", "PART", "IMEX", "Ux", "Uy", "Vx", "Vy", "Vort" 
ZONE I=2, J=2, DATAPACKING=POINT
-1.646447e+00 2.519153e+00 9.999283e-01 9.643132e-01 9.766762e-01 9.998997e-01 1.160003e+00 0 0 -3.084389e-02 2.388222e-02 -1.869174e-02 1.625137e-02 -4.257396e-02
-2.000000e+00 3.500000e+00 9.999999e-01 9.986406e-01 9.992232e-01 9.999999e-01 1.193952e+00 0 0 4.048045e-03 3.645426e-02 2.793482e-03 2.399258e-02 -3.366078e-02
-2.646447e+00 2.563072e+00 9.999992e-01 9.962037e-01 9.960803e-01 9.999989e-01 1.190618e+00 0 0 -3.219863e-02 -7.067336e-03 -1.952599e-02 -2.806428e-03 -1.245865e-02
-3.000000e+00 3.646447e+00 1.000000e+00 9.999311e-01 9.999433e-01 1.000000e+00 1.195154e+00 0 0 -8.261917e-04 3.170882e-03 -2.078905e-04 3.497920e-03 -3.378773e-03
VARIABLES = "X", "Y", "ro", "u", "v", "pre", "Ma", "PART", "IMEX", "Ux", "Uy", "Vx", "Vy", "Vort" 
ZONE I=2, J=2, DATAPACKING=POINT
-2.000000e+00 3.500000e+00 9.999999e-01 9.986406e-01 9.992232e-01 9.999999e-01 1.193952e+00 0 0 -1.155898e-03 9.195063e-04 -6.421701e-04 5.324742e-04 -1.561676e-03
-2.353553e+00 4.519153e+00 1.000000e+00 9.999863e-01 9.999929e-01 1.000000e+00 1.195216e+00 0 0 3.275899e-04 1.434142e-03 1.881639e-04 8.205245e-04 -1.245978e-03
-3.000000e+00 3.646447e+00 1.000000e+00 9.999311e-01 9.999433e-01 1.000000e+00 1.195154e+00 0 0 -1.344182e-03 -3.661751e-04 -7.475557e-04 -1.871440e-04 -3.813806e-04
-3.353553e+00 4.756908e+00 1.000000e+00 9.999997e-01 9.999998e-01 1.000000e+00 1.195228e+00 0 0 1.414059e-06 6.224145e-05 5.597629e-06 5.264817e-05 -5.664382e-05
VARIABLES = "X", "Y", "ro", "u", "v", "pre", "Ma", "PART", "IMEX", "Ux", "Uy", "Vx", "Vy", "Vort" 
ZONE I=2, J=2, DATAPACKING=POINT
-2.353553e+00 4.519153e+00 1.000000e+00 9.999863e-01 9.999929e-01 1.000000e+00 1.195216e+00 0 0 -1.057451e-05 1.181737e-05 -5.453516e-06 6.166893e-06 -1.727088e-05
-2.500000e+00 5.538060e+00 1.000000e+00 9.999999e-01 1.000000e+00 1.000000e+00 1.195229e+00 0 0 3.683210e-06 1.386661e-05 1.924646e-06 7.227350e-06 -1.194197e-05
-3.353553e+00 4.756908e+00 1.000000e+00 9.999997e-01 9.999998e-01 1.000000e+00 1.195228e+00 0 0 -1.377826e-05 -1.657668e-06 -7.111412e-06 -8.062423e-07 -5.453744e-06
-3.500000e+00 5.808658e+00 1.000000e+00 1.000000e+00 1.000000e+00 1.000000e+00 1.195229e+00 0 0 1.569996e-09 2.610469e-07 1.945084e-08 1.866652e-07 -2.415961e-07
VARIABLES = "X", "Y", "ro", "u", "v", "pre", "Ma", "PART", "IMEX", "Ux", "Uy", "Vx", "Vy", "Vort" 
ZONE I=2, J=2, DATAPACKING=POINT
-2.500000e+00 5.538060e+00 1.000000e+00 9.999999e-01 1.000000e+00 1.000000e+00 1.195229e+00 0 0 -4.795247e-08 7.803575e-08 -2.152505e-08 3.523804e-08 -9.956080e-08
-2.353553e+00 6.519153e+00 1.000000e+00 1.000000e+00 1.000000e+00 1.000000e+00 1.195229e+00 0 0 1.597191e-08 6.849383e-08 7.244588e-09 3.094363e-08 -6.124924e-08
-3.500000e+00 5.808658e+00 1.000000e+00 1.000000e+00 1.000000e+00 1.000000e+00 1.195229e+00 0 0 -6.608396e-08 1.103048e-08 -2.968526e-08 5.081824e-09 -4.071573e-08
-3.353553e+00 6.756908e+00 1.000000e+00 1.000000e+00 1.000000e+00 1.000000e+00 1.195229e+00 0 0 -1.126472e-10 8.419428e-10 5.613823e-12 4.963995e-10 -8.363290e-10
VARIABLES = "X", "Y", "ro", "u", "v", "pre", "Ma", "PART", "IMEX", "Ux", "Uy", "Vx", "Vy", "Vort" 
ZONE I=2, J=2, DATAPACKING=POINT
-2.353553e+00 6.519153e+00 1.000000e+00 1.000000e+00 1.000000e+00 1.000000e+00 1.195229e+00 0 0 -2.177097e-10 3.997551e-10 -7.808361e-11 1.442887e-10 -4.778387e-10
-2.000000e+00 7.500000e+00 1.000000e+00 1.000000e+00 1.000000e+00 1.000000e+00 1.195229e+00 0 0 4.428307e-11 3.077791e-10 1.604966e-11 1.110139e-10 -2.917295e-10
-3.353553e+00 6.756908e+00 1.000000e+00 1.000000e+00 1.000000e+00 1.000000e+00 1.195229e+00 0 0 -2.848698e-10 1.175631e-10 -1.022327e-10 4.279222e-11 -2.197957e-10
-3.000000e+00 7.646447e+00 1.000000e+00 1.000000e+00 1.000000e+00 1.000000e+00 1.195229e+00 0 0 -1.357742e-13 4.468328e-12 1.062968e-13 2.145775e-12 -4.362031e-12
VARIABLES = "X", "Y", "ro", "u", "v", "pre", "Ma", "PART", "IMEX", "Ux", "Uy", "Vx", "Vy", "Vort" 
ZONE I=2, J=2, DATAPACKING=POINT
-1.000000e+00 -3.535534e-01 8.122016e-01 1.264303e+00 2.524388e-01 7.473591e-01 1.135908e+00 0 0 3.546001e-01 -8.716616e-01 -5.867306e-01 3.882019e-01 2.849310e-01
-6.464466e-01 7.569078e-01 7.871362e-01 3.948956e-01 4.832030e-01 7.152697e-01 5.532729e-01 0 0 -3.937397e-01 -6.824952e-01 -9.515719e-02 2.447233e-01 5.873380e-01
-2.000000e+00 -5.000000e-01 9.912538e-01 1.078349e+00 6.866053e-01 9.877767e-01 1.082331e+00 0 0 1.948309e-01 -2.899763e-01 -3.491239e-01 -4.519222e-02 -5.914761e-02
-1.646447e+00 5.191530e-01 9.690751e-01 8.465145e-01 5.132346e-01 9.569746e-01 8.419315e-01 0 0 -3.395107e-01 -1.149041e-01 1.850362e-02 -1.804249e-01 1.334078e-01
VARIABLES = "X", "Y", "ro", "u", "v", "pre", "Ma", "PART", "IMEX", "Ux", "Uy", "Vx", "Vy", "Vort" 
ZONE I=2, J=2, DATAPACKING=POINT
-6.464466e-01 7.569078e-01 7.871362e-01 3.948956e-01 4.832030e-01 7.152697e-01 5.532729e-01 0 0 -6.325277e-01 3.218504e-01 -1.560680e-01 5.009149e-01 -4.779183e-01
-5.000000e-01 1.808658e+00 9.819246e-01 5.919952e-01 8.872079e-01 9.747862e-01 9.047204e-01 0 0 -2.602524e-01 1.864636e-01 6.996675e-04 3.078280e-01 -1.857639e-01
-1.646447e+00 5.191530e-01 9.690751e-01 8.465145e-01 5.132346e-01 9.569746e-01 8.419315e-01 0 0 -3.680986e-01 5.336901e-03 -9.736223e-02 3.069085e-01 -1.026991e-01
-1.500000e+00 1.538060e+00 9.939273e-01 7.992574e-01 8.042249e-01 9.915086e-01 9.594367e-01 0 0 -2.003135e-01 -1.642957e-02 6.901343e-03 2.774578e-01 2.333091e-02
VARIABLES = "X", "Y", "ro", "u", "v", "pre", "Ma", "PART", "IMEX", "Ux", "Uy", "Vx", "Vy", "Vort" 
ZONE I=2, J=2, DATAPACKING=POINT
-5.000000e-01 1.808658e+00 9.819246e-01 5.919952e-01 8.872079e-01 9.747862e-01 9.047204e-01 0 0 -2.968665e-01 3.217717e-01 5.346244e-02 1.128422e-01 -2.683093e-01
-6.464466e-01 2.756908e+00 9.997975e-01 9.343585e-01 9.846082e-01 9.997166e-01 1.147241e+00 0 0 -1.102179e-01 3.375714e-01 -1.548303e-02 9.848854e-02 -3.530545e-01
-1.500000e+00 1.538060e+00 9.939273e-01 7.992574e-01 8.042249e-01 9.915086e-01 9.594367e-01 0 0 -2.408311e-01 1.333039e-01 3.280438e-02 1.817326e-01 -1.004995e-01
-1.646447e+00 2.519153e+00 9.999283e-01 9.643132e-01 9.766762e-01 9.998997e-01 1.160003e+00 0 0 -6.732074e-02 1.571782e-01 -3.245755e-02 1.698749e-01 -1.896357e-01
VARIABLES = "X", "Y", "ro", "u", "v", "pre", "Ma", "PART", "IMEX", "Ux", "Uy", "Vx", "Vy", "Vort" 
ZONE I=2, J=2, DATAPACKING=POINT
-6.464466e-01 2.756908e+00 9.997975e-01 9.343585e-01 9.846082e-01 9.997166e-01 1.147241e+00 0 0 -4.248645e-02 5.269186e-02 3.740639e-03 1.763351e-02 -4.895122e-02
-1.000000e+00 3.646447e+00 9.999996e-01 9.962386e-01 9.989685e-01 9.999995e-01 1.192366e+00 0 0 -1.189496e-02 6.482255e-02 -2.474350e-03 1.515680e-02 -6.729690e-02
-1.646447e+00 2.519153e+00 9.999283e-01 9.643132e-01 9.766762e-01 9.998997e-01 1.160003e+00 0 0 -3.525127e-02 2.229355e-02 2.270687e-03 2.380743e-02 -2.002286e-02
-2.000000e+00 3.500000e+00 9.999999e-01 9.986406e-01 9.992232e-01 9.999999e-01 1.193952e+00 0 0 -7.149433e-03 3.241805e-02 -3.439306e-03 2.174593e-02 -3.585735e-02
VARIABLES = "X", "Y", "ro", "u", "v", "pre", "Ma", "PART", "IMEX", "Ux", "Uy", "Vx", "Vy", "Vort" 
ZONE I=2, J=2, DATAPACKING=POINT
-1.000000e+00 3.646447e+00 9.999996e-01 9.962386e-01 9.989685e-01 9.999995e-01 1.192366e+00 0 0 -2.831408e-03 2.932720e-03 -3.938276e-04 9.501015e-04 -3.326548e-03
-1.353553e+00 4.563072e+00 1.000000e+00 9.999279e-01 9.999786e-01 1.000000e+00 1.195173e+00 0 0 -2.312989e-04 3.935610e-03 -6.163140e-05 1.078233e-03 -3.997242e-03
-2.000000e+00 3.500000e+00 9.999999e-01 9.986406e-01 9.992232e-01 9.999999e-01 1.193952e+00 0 0 -2.469825e-03 4.636931e-04 -3.476310e-04 6.346525e-04 -8.113241e-04
-2.353553e+00 4.519153e+00 1.000000e+00 9.999863e-01 9.999929e-01 1.000000e+00 1.195216e+00 0 0 -1.146986e-04 1.280708e-03 -4.673428e-05 7.390362e-04 -1.327442e-03
VARIABLES = "X", "Y", "ro", "u", "v", "pre", "Ma", "PART", "IMEX", "Ux", "Uy", "Vx", "Vy", "Vort" 
ZONE I=2, J=2, DATAPACKING=POINT
-1.353553e+00 4.563072e+00 1.000000e+00 9.999279e-01 9.999786e-01 1.000000e+00 1.195173e+00 0 0 -6.127220e-05 6.422782e-05 -1.513406e-05 1.952248e-05 -7.936188e-05
-1.500000e+00 5.538060e+00 1.000000e+00 9.999995e-01 9.999999e-01 1.000000e+00 1.195228e+00 0 0 -4.463055e-07 7.336408e-05 -1.082696e-07 2.177941e-05 -7.347235e-05
-2.353553e+00 4.519153e+00 1.000000e+00 9.999863e-01 9.999929e-01 1.000000e+00 1.195216e+00 0 0 -5.866681e-05 4.905101e-06 -1.449045e-05 4.868022e-06 -1.939555e-05
-2.500000e+00 5.538060e+00 1.000000e+00 9.999999e-01 1.000000e+00 1.000000e+00 1.195229e+00 0 0 -4.463048e-07 1.327308e-05 -1.082695e-07 6.935160e-06 -1.338135e-05
VARIABLES = "X", "Y", "ro", "u", "v", "pre", "Ma", "PART", "IMEX", "Ux", "Uy", "Vx", "Vy", "Vort" 
ZONE I=2, J=2, DATAPACKING=POINT
-1.500000e+00 5.538060e+00 1.000000e+00 9.999995e-01 9.999999e-01 1.000000e+00 1.195228e+00 0 0 -4.463047e-07 5.658395e-07 -1.082694e-07 1.515534e-07 -6.741090e-07
-1.353553e+00 6.563072e+00 1.000000e+00 1.000000e+00 1.000000e+00 1.000000e+00 1.195229e+00 0 0 -2.340764e-08 5.054189e-07 -6.216256e-09 1.369728e-07 -5.116352e-07
-2.500000e+00 5.538060e+00 1.000000e+00 9.999999e-01 1.000000e+00 1.000000e+00 1.195229e+00 0 0 -4.463047e-07 1.374973e-07 -1.082694e-07 4.818627e-08 -2.457667e-07
-2.353553e+00 6.519153e+00 1.000000e+00 1.000000e+00 1.000000e+00 1.000000e+00 1.195229e+00 0 0 -4.351633e-09 7.152750e-08 -1.617677e-09 3.226649e-08 -7.314518e-08
VARIABLES = "X", "Y", "ro", "u", "v", "pre", "Ma", "PART", "IMEX", "Ux", "Uy", "Vx", "Vy", "Vort" 
ZONE I=2, J=2, DATAPACKING=POINT
-1.353553e+00 6.563072e+00 1.000000e+00 1.000000e+00 1.000000e+00 1.000000e+00 1.195229e+00 0 0 -1.290408e-09 1.828334e-09 -2.164106e-10 3.610146e-10 -2.044745e-09
-1.000000e+00 7.646447e+00 1.000000e+00 1.000000e+00 1.000000e+00 1.000000e+00 1.195229e+00 0 0 -2.173761e-10 1.481522e-09 -4.466898e-11 3.054048e-10 -1.526191e-09
-2.353553e+00 6.519153e+00 1.000000e+00 1.000000e+00 1.000000e+00 1.000000e+00 1.195229e+00 0 0 -1.243945e-09 7.696750e-10 -2.089564e-10 1.914644e-10 -9.786314e-10
-2.000000e+00 7.500000e+00 1.000000e+00 1.000000e+00 1.000000e+00 1.000000e+00 1.195229e+00 0 0 -5.048819e-11 3.419401e-10 -1.799841e-11 1.232867e-10 -3.599385e-10
VARIABLES = "X", "Y", "ro", "u", "v", "pre", "Ma", "PART", "IMEX", "Ux", "Uy", "Vx", "Vy", "Vort" 
ZONE I=2, J=2, DATAPACKING=POINT
0.000000e+00 0.000000e+00 4.938073e-01 1.000000e+00 1.000000e+00 3.723750e-01 1.376384e+00 0 0 -4.291936e-02 -1.108175e+00 1.242915e+00 -3.774582e-02 2.351090e+00
3.535534e-01 1.137063e+00 8.576752e-01 2.657800e-01 1.228295e+00 8.065884e-01 1.095243e+00 0 0 2.589523e-02 -3.798236e-01 7.256412e-01 -1.100306e-01 1.105465e+00
-1.000000e+00 -3.535534e-01 8.122016e-01 1.264303e+00 2.524388e-01 7.473591e-01 1.135908e+00 0 0 1.212153e-01 -7.973556e-01 4.319223e-01 6.387883e-02 1.229278e+00
-6.464466e-01 7.569078e-01 7.871362e-01 3.948956e-01 4.832030e-01 7.152697e-01 5.532729e-01 0 0 1.893410e-01 -8.681389e-01 8.309186e-01 -5.012467e-02 1.699057e+00
VARIABLES = "X", "Y", "ro", "u", "v", "pre", "Ma", "PART", "IMEX", "Ux", "Uy", "Vx", "Vy", "Vort" 
ZONE I=2, J=2, DATAPACKING=POINT
3.535534e-01 1.137063e+00 8.576752e-01 2.657800e-01 1.228295e+00 8.065884e-01 1.095243e+00 0 0 -3.480496e-01 6.038409e-01 7.996713e-01 -3.047673e-01 1.958304e-01
5.000000e-01 2.191342e+00 9.960721e-01 7.700548e-01 1.052467e+00 9.945053e-01 1.103032e+00 0 0 1.892685e-02 4.092254e-01 2.300978e-01 -1.755659e-01 -1.791276e-01
-6.464466e-01 7.569078e-01 7.871362e-01 3.948956e-01 4.832030e-01 7.152697e-01 5.532729e-01 0 0 -2.423880e-01 2.675270e-01 6.648943e-01 3.866034e-01 3.973673e-01
-5.000000e-01 1.808658e+00 9.819246e-01 5.919952e-01 8.872079e-01 9.747862e-01 9.047204e-01 0 0 1.300668e-01 1.321152e-01 5.260502e-02 3.006007e-01 -7.951021e-02
VARIABLES = "X", "Y", "ro", "u", "v", "pre", "Ma", "PART", "IMEX", "Ux", "Uy", "Vx", "Vy", "Vort" 
ZONE I=2, J=2, DATAPACKING=POINT
5.000000e-01 2.191342e+00 9.960721e-01 7.700548e-01 1.052467e+00 9.945053e-01 1.103032e+00 0 0 8.834262e-02 2.278333e-01 1.726999e-01 -2.557788e-02 -5.513337e-02
3.535534e-01 3.137063e+00 9.999711e-01 9.717944e-01 1.003179e+00 9.999596e-01 1.180428e+00 0 0 -4.093841e-02 2.061471e-01 3.617316e-02 -4.631208e-02 -1.699739e-01
-5.000000e-01 1.808658e+00 9.819246e-01 5.919952e-01 8.872079e-01 9.747862e-01 9.047204e-01 0 0 3.771431e-02 3.734440e-01 1.204953e-01 1.231947e-01 -2.529487e-01
-6.464466e-01 2.756908e+00 9.997975e-01 9.343585e-01 9.846082e-01 9.997166e-01 1.147241e+00 0 0 -9.195902e-02 3.403913e-01 -1.867939e-02 9.799490e-02 -3.590707e-01
VARIABLES = "X", "Y", "ro", "u", "v", "pre", "Ma", "PART", "IMEX", "Ux", "Uy", "Vx", "Vy", "Vort" 
ZONE I=2, J=2, DATAPACKING=POINT
3.535534e-01 3.137063e+00 9.999711e-01 9.717944e-01 1.003179e+00 9.999596e-01 1.180428e+00 0 0 2.230499e-02 3.978491e-02 1.727690e-02 3.394665e-03 -2.250800e-02
2.679490e-08 4.000000e+00 9.999999e-01 9.982395e-01 1.000000e+00 9.999999e-01 1.194177e+00 0 0 -7.715961e-03 2.748328e-02 2.038579e-03 -2.848405e-03 -2.544470e-02
-6.464466e-01 2.756908e+00 9.997975e-01 9.343585e-01 9.846082e-01 9.997166e-01 1.147241e+00 0 0 9.549030e-03 7.337373e-02 1.080326e-02 2.044060e-02 -6.257047e-02
-1.000000e+00 3.646447e+00 9.999996e-01 9.962386e-01 9.989685e-01 9.999995e-01 1.192366e+00 0 0 -1.980574e-02 6.167835e-02 -4.098931e-03 1.451110e-02 -6.577728e-02
VARIABLES = "X", "Y", "ro", "u", "v", "pre", "Ma", "PART", "IMEX", "Ux", "Uy", "Vx", "Vy", "Vort" 
ZONE I=2, J=2, DATAPACKING=POINT
2.679490e-08 4.000000e+00 9.999999e-01 9.982395e-01 1.000000e+00 9.999999e-01 1.194177e+00 0 0 1.133362e-03 2.453616e-03 9.021444e-04 3.659175e-04 -1.551471e-03
-3.535534e-01 4.862937e+00 1.000000e+00 9.999561e-01 9.999968e-01 1.000000e+00 1.195200e+00 0 0 -5.061294e-04 1.781901e-03 1.719477e-05 3.345391e-06 -1.764706e-03
-1.000000e+00 3.646447e+00 9.999996e-01 9.962386e-01 9.989685e-01 9.999995e-01 1.192366e+00 0 0 5.085099e-04 4.220967e-03 5.648677e-04 1.319882e-03 -3.656099e-03
-1.353553e+00 4.563072e+00 1.000000e+00 9.999279e-01 9.999786e-01 1.000000e+00 1.195173e+00 0 0 -1.056507e-03 3.617318e-03 -2.798834e-04 9.940503e-04 -3.897201e-03
VARIABLES = "X", "Y", "ro", "u", "v", "pre", "Ma", "PART", "IMEX", "Ux", "Uy", "Vx", "Vy", "Vort" 
ZONE I=2, J=2, DATAPACKING=POINT
-3.535534e-01 4.862937e+00 1.000000e+00 9.999561e-01 9.999968e-01 1.000000e+00 1.195200e+00 0 0 1.374074e-05 4.822241e-05 1.643137e-05 5.891193e-06 -3.179104e-05
-5.000000e-01 5.808658e+00 1.000000e+00 9.999997e-01 1.000000e+00 1.000000e+00 1.195228e+00 0 0 -1.178034e-05 4.427042e-05 -7.612154e-07 3.228890e-06 -4.503164e-05
-1.353553e+00 4.563072e+00 1.000000e+00 9.999279e-01 9.999786e-01 1.000000e+00 1.195173e+00 0 0 5.915102e-06 7.431958e-05 1.115953e-05 2.347187e-05 -6.316005e-05
-1.500000e+00 5.538060e+00 1.000000e+00 9.999995e-01 9.999999e-01 1.000000e+00 1.195228e+00 0 0 -1.890286e-05 7.059184e-05 -5.559390e-06 2.096063e-05 -7.615123e-05
VARIABLES = "X", "Y", "ro", "u", "v", "pre", "Ma", "PART", "IMEX", "Ux", "Uy", "Vx", "Vy", "Vort" 
ZONE I=2, J=2, DATAPACKING=POINT
-5.000000e-01 5.808658e+00 1.000000e+00 9.999997e-01 1.000000e+00 1.000000e+00 1.195228e+00 0 0 1.225224e-07 2.831909e-07 1.096399e-07 1.062829e-08 -1.735510e-07
-3.535534e-01 6.862937e+00 1.000000e+00 1.000000e+00 1.000000e+00 1.000000e+00 1.195229e+00 0 0 -9.286462e-08 3.131096e-07 -7.789260e-09 2.694000e-08 -3.208989e-07
-1.500000e+00 5.538060e+00 1.000000e+00 9.999995e-01 9.999999e-01 1.000000e+00 1.195228e+00 0 0 6.583823e-08 4.926681e-07 7.873567e-08 1.248354e-07 -4.139324e-07
-1.353553e+00 6.563072e+00 1.000000e+00 1.000000e+00 1.000000e+00 1.000000e+00 1.195229e+00 0 0 -1.562216e-07 5.243945e-07 -4.233156e-08 1.421327e-07 -5.667260e-07
VARIABLES = "X", "Y", "ro", "u", "v", "pre", "Ma", "PART", "IMEX", "Ux", "Uy", "Vx", "Vy", "Vort" 
ZONE I=2, J=2, DATAPACKING=POINT
-3.535534e-01 6.862937e+00 1.000000e+00 1.000000e+00 1.000000e+00 1.000000e+00 1.195229e+00 0 0 9.861105e-10 1.334948e-10 3.113399e-10 -7.411592e-11 1.778451e-10
-5.358979e-08 8.000000e+00 1.000000e+00 1.000000e+00 1.000000e+00 1.000000e+00 1.195229e+00 0 0 -1.738716e-10 4.948715e-10 -8.833246e-12 2.543732e-11 -5.037048e-10
-1.353553e+00 6.563072e+00 1.000000e+00 1.000000e+00 1.000000e+00 1.000000e+00 1.195229e+00 0 0 6.697670e-10 1.188625e-09 2.239634e-10 2.172989e-10 -9.646619e-10
-1.000000e+00 7.646447e+00 1.000000e+00 1.000000e+00 1.000000e+00 1.000000e+00 1.195229e+00 0 0 -5.625291e-10 1.594161e-09 -1.160530e-10 3.287006e-10 -1.710214e-09
