VARIABLES = "X", "Y", "ro", "u", "v", "pre", "Ma", "PART", "IMEX", "Ux", "Uy", "Vx", "Vy", "Vort" 
ZONE I=2, J=2, DATAPACKING=POINT
1.000000e+00 -7.646447e+00 9.999979e-01 1.000001e+00 9.999977e-01 9.999972e-01 1.195228e+00 2 0 6.597188e-06 -1.099477e-05 -8.006645e-06 1.449174e-05 2.988121e-06
1.353553e+00 -6.563072e+00 1.000000e+00 1.000000e+00 1.000001e+00 1.000001e+00 1.195229e+00 2 0 -2.194524e-06 6.294746e-06 -1.147771e-06 -1.288992e-06 -7.442517e-06
5.358979e-08 -8.000000e+00 1.000000e+00 9.999966e-01 9.999994e-01 1.000000e+00 1.195226e+00 2 0 2.450083e-06 1.054981e-05 3.922162e-06 -7.025276e-06 -6.627645e-06
3.535534e-01 -6.862937e+00 1.000000e+00 1.000001e+00 1.000000e+00 1.000001e+00 1.195229e+00 2 0 -2.123605e-07 -3.560597e-06 1.425002e-06 7.211789e-06 4.985599e-06
VARIABLES = "X", "Y", "ro", "u", "v", "pre", "Ma", "PART", "IMEX", "Ux", "Uy", "Vx", "Vy", "Vort" 
ZONE I=2, J=2, DATAPACKING=POINT
1.353553e+00 -6.563072e+00 9.999995e-01 1.000002e+00 1.000001e+00 9.999988e-01 1.195231e+00 2 0 2.524310e-06 -2.341994e-06 -5.527299e-06 -4.404018e-06 -3.185306e-06
1.500000e+00 -5.538060e+00 1.000001e+00 9.999980e-01 9.999970e-01 1.000002e+00 1.195225e+00 2 0 -1.522300e-06 -1.773797e-06 8.786750e-06 -3.840747e-06 1.056055e-05
3.535534e-01 -6.862937e+00 1.000004e+00 9.999981e-01 1.000003e+00 1.000006e+00 1.195228e+00 2 0 1.085876e-05 -1.907317e-05 3.063108e-06 -1.544810e-06 2.213627e-05
5.000000e-01 -5.808658e+00 9.999931e-01 1.000003e+00 9.999973e-01 9.999900e-01 1.195231e+00 2 0 -2.047141e-05 4.537066e-05 -9.170894e-06 -5.413999e-06 -5.454155e-05
VARIABLES = "X", "Y", "ro", "u", "v", "pre", "Ma", "PART", "IMEX", "Ux", "Uy", "Vx", "Vy", "Vort" 
ZONE I=2, J=2, DATAPACKING=POINT
1.500000e+00 -5.538060e+00 9.999949e-01 1.000000e+00 9.999972e-01 9.999966e-01 1.195226e+00 2 0 -3.479449e-05 1.026722e-04 5.429926e-07 5.218385e-05 -1.021292e-04
1.353553e+00 -4.563072e+00 1.000003e+00 9.999987e-01 1.000018e+00 9.999973e-01 1.195242e+00 2 0 5.171333e-05 -2.050866e-04 1.511813e-05 -3.819379e-05 2.202047e-04
5.000000e-01 -5.808658e+00 9.999798e-01 1.000022e+00 9.999980e-01 9.999691e-01 1.195247e+00 2 0 -6.046839e-05 1.018511e-04 -3.712591e-05 5.366161e-05 -1.389770e-04
3.535534e-01 -4.862937e+00 1.000031e+00 9.999745e-01 9.999891e-01 1.000048e+00 1.195197e+00 2 0 1.272303e-04 -2.934003e-04 1.021733e-04 -1.282436e-04 3.955736e-04
VARIABLES = "X", "Y", "ro", "u", "v", "pre", "Ma", "PART", "IMEX", "Ux", "Uy", "Vx", "Vy", "Vort" 
ZONE I=2, J=2, DATAPACKING=POINT
1.353553e+00 -4.563072e+00 1.000067e+00 9.998965e-01 9.999878e-01 1.000065e+00 1.195161e+00 2 0 -2.561028e-05 -1.716627e-04 1.078109e-05 -1.761979e-05 1.824438e-04
1.000000e+00 -3.646447e+00 9.995500e-01 1.000699e+00 1.000424e+00 9.994224e-01 1.195976e+00 2 0 -4.470833e-05 2.567667e-03 1.138809e-04 1.402246e-03 -2.453786e-03
3.535534e-01 -4.862937e+00 1.000081e+00 9.998593e-01 9.999258e-01 1.000139e+00 1.195065e+00 2 0 1.916977e-04 -2.531955e-04 2.421715e-04 -3.403081e-04 4.953670e-04
-2.679490e-08 -4.000000e+00 9.998306e-01 1.000210e+00 1.000190e+00 9.997142e-01 1.195537e+00 2 0 -2.129180e-04 1.375125e-03 -5.911441e-04 1.313319e-03 -1.966269e-03
VARIABLES = "X", "Y", "ro", "u", "v", "pre", "Ma", "PART", "IMEX", "Ux", "Uy", "Vx", "Vy", "Vort" 
ZONE I=2, J=2, DATAPACKING=POINT
1.000000e+00 -3.646447e+00 9.991228e-01 1.001432e+00 1.000813e+00 9.989449e-01 1.196677e+00 2 0 -7.792059e-03 2.549812e-02 -1.177365e-03 4.922689e-03 -2.667548e-02
6.464466e-01 -2.756908e+00 1.000585e+00 1.007685e+00 9.992541e-01 1.000581e+00 1.199389e+00 2 0 1.791897e-02 -2.611278e-02 5.044929e-03 -1.256569e-02 3.115771e-02
-2.679490e-08 -4.000000e+00 9.997683e-01 1.000607e+00 1.000697e+00 9.994355e-01 1.196207e+00 2 0 9.466285e-04 -1.177879e-03 1.003598e-04 -8.097135e-04 1.278238e-03
-3.535534e-01 -3.137063e+00 1.000476e+00 9.998907e-01 9.972353e-01 1.001074e+00 1.193156e+00 2 0 4.879284e-03 3.997448e-03 4.682587e-03 -6.613578e-03 6.851392e-04
VARIABLES = "X", "Y", "ro", "u", "v", "pre", "Ma", "PART", "IMEX", "Ux", "Uy", "Vx", "Vy", "Vort" 
ZONE I=2, J=2, DATAPACKING=POINT
6.464466e-01 -2.756908e+00 1.004369e+00 9.902076e-01 9.937623e-01 1.005608e+00 1.184920e+00 2 0 -5.701498e-02 1.092501e-01 -4.145509e-03 2.829295e-03 -1.133956e-01
5.000000e-01 -1.808658e+00 9.866515e-01 1.134245e+00 1.011066e+00 9.821156e-01 1.287142e+00 2 0 1.108979e-01 1.746183e-01 2.749128e-02 3.409232e-02 -1.471271e-01
-3.535534e-01 -3.137063e+00 1.000541e+00 1.001309e+00 9.955395e-01 1.002490e+00 1.192190e+00 2 0 -2.082171e-02 3.304723e-02 4.124627e-03 -1.666160e-02 -2.892260e-02
-5.000000e-01 -2.191342e+00 1.004548e+00 9.995811e-01 9.846261e-01 1.002811e+00 1.186851e+00 2 0 1.149512e-01 -5.536428e-02 6.326095e-03 -4.164596e-03 6.169037e-02
VARIABLES = "X", "Y", "ro", "u", "v", "pre", "Ma", "PART", "IMEX", "Ux", "Uy", "Vx", "Vy", "Vort" 
ZONE I=2, J=2, DATAPACKING=POINT
5.000000e-01 -1.808658e+00 1.003188e+00 1.126595e+00 1.013550e+00 9.978640e-01 1.284176e+00 2 0 1.074516e-01 2.498104e-01 5.672193e-02 -3.851057e-02 -1.930885e-01
6.464466e-01 -7.569078e-01 9.109237e-01 1.525635e+00 9.945243e-01 8.894382e-01 1.557644e+00 2 0 1.483008e-01 5.651865e-01 1.997382e-01 -9.571710e-03 -3.654484e-01
-5.000000e-01 -2.191342e+00 1.018795e+00 9.670104e-01 9.867542e-01 1.016660e+00 1.168883e+00 2 0 6.314911e-02 1.357637e-01 5.678186e-02 -1.334286e-01 -7.898179e-02
-3.535534e-01 -1.137063e+00 9.894334e-01 1.262416e+00 8.486200e-01 9.893846e-01 1.285625e+00 2 0 6.911908e-02 4.363626e-01 1.229883e-01 -1.441406e-01 -3.133743e-01
VARIABLES = "X", "Y", "ro", "u", "v", "pre", "Ma", "PART", "IMEX", "Ux", "Uy", "Vx", "Vy", "Vort" 
ZONE I=2, J=2, DATAPACKING=POINT
6.464466e-01 -7.569078e-01 8.999128e-01 1.607209e+00 1.016366e+00 8.672749e-01 1.637116e+00 2 0 4.767105e-01 -1.584008e-01 2.109855e-01 2.277580e-02 3.693864e-01
1.000000e+00 3.535534e-01 6.842663e-01 1.436869e+00 1.063842e+00 6.316249e-01 1.572701e+00 2 0 1.128231e-01 -2.518127e-01 1.309608e+00 -4.256440e-01 1.561421e+00
-3.535534e-01 -1.137063e+00 1.016252e+00 1.325056e+00 8.546707e-01 1.018384e+00 1.331227e+00 2 0 2.087136e-01 1.123112e-01 2.224654e-01 -3.791493e-01 1.101543e-01
0.000000e+00 0.000000e+00 8.579630e-01 1.446211e+00 4.495670e-01 7.880386e-01 1.335546e+00 2 0 -8.044361e-02 1.627804e-01 4.569506e-01 -6.125535e-01 2.941702e-01
VARIABLES = "X", "Y", "ro", "u", "v", "pre", "Ma", "PART", "IMEX", "Ux", "Uy", "Vx", "Vy", "Vort" 
ZONE I=2, J=2, DATAPACKING=POINT
2.000000e+00 -7.500000e+00 1.000002e+00 9.999982e-01 1.000002e+00 1.000002e+00 1.195228e+00 2 0 -1.370160e-06 -6.243984e-06 1.826140e-06 3.113632e-06 8.070124e-06
2.353553e+00 -6.519153e+00 9.999986e-01 1.000003e+00 9.999981e-01 9.999976e-01 1.195230e+00 2 0 2.015934e-06 2.212714e-05 1.302388e-06 -1.471727e-05 -2.082475e-05
1.000000e+00 -7.646447e+00 9.999984e-01 1.000001e+00 9.999981e-01 9.999981e-01 1.195228e+00 2 0 -3.171675e-06 -3.958243e-06 4.357792e-06 7.525422e-06 8.316035e-06
1.353553e+00 -6.563072e+00 9.999998e-01 1.000000e+00 1.000001e+00 9.999996e-01 1.195229e+00 2 0 1.864157e-06 2.835052e-06 -4.797042e-06 -8.685574e-07 -7.632095e-06
VARIABLES = "X", "Y", "ro", "u", "v", "pre", "Ma", "PART", "IMEX", "Ux", "Uy", "Vx", "Vy", "Vort" 
ZONE I=2, J=2, DATAPACKING=POINT
2.353553e+00 -6.519153e+00 9.999954e-01 1.000011e+00 9.999937e-01 9.999916e-01 1.195234e+00 2 0 1.644354e-05 2.768778e-05 6.445515e-07 -1.285909e-05 -2.704323e-05
2.500000e+00 -5.538060e+00 1.000006e+00 9.999802e-01 1.000008e+00 1.000013e+00 1.195218e+00 2 0 -2.966471e-05 -1.234905e-04 -2.267639e-07 5.635516e-05 1.232638e-04
1.353553e+00 -6.563072e+00 9.999984e-01 1.000001e+00 9.999994e-01 9.999972e-01 1.195230e+00 2 0 5.902043e-06 -1.052159e-05 -1.077445e-05 -3.980710e-06 -2.528623e-07
1.500000e+00 -5.538060e+00 1.000003e+00 9.999994e-01 9.999988e-01 1.000005e+00 1.195226e+00 2 0 -1.191419e-05 1.838357e-05 1.663096e-05 3.528079e-06 -1.752610e-06
VARIABLES = "X", "Y", "ro", "u", "v", "pre", "Ma", "PART", "IMEX", "Ux", "Uy", "Vx", "Vy", "Vort" 
ZONE I=2, J=2, DATAPACKING=POINT
2.500000e+00 -5.538060e+00 1.000012e+00 9.999371e-01 1.000026e+00 1.000032e+00 1.195195e+00 2 0 -1.178915e-04 -3.919140e-05 -1.710068e-05 7.552781e-05 2.209072e-05
2.353553e+00 -4.519153e+00 9.999907e-01 1.000104e+00 9.999679e-01 9.999605e-01 1.195289e+00 2 0 1.939696e-04 4.339094e-04 2.377427e-05 -2.700819e-04 -4.101351e-04
1.500000e+00 -5.538060e+00 9.999977e-01 1.000009e+00 1.000002e+00 1.000001e+00 1.195233e+00 2 0 -3.956151e-05 1.595699e-04 4.840337e-05 8.620592e-05 -1.111666e-04
1.353553e+00 -4.563072e+00 9.999998e-01 9.999812e-01 1.000012e+00 9.999916e-01 1.195230e+00 2 0 6.566956e-05 -3.749026e-04 -7.683702e-05 -1.264778e-04 2.980656e-04
VARIABLES = "X", "Y", "ro", "u", "v", "pre", "Ma", "PART", "IMEX", "Ux", "Uy", "Vx", "Vy", "Vort" 
ZONE I=2, J=2, DATAPACKING=POINT
2.353553e+00 -4.519153e+00 1.000036e+00 1.000206e+00 9.998668e-01 9.999487e-01 1.195324e+00 2 0 6.968062e-04 -4.870529e-05 1.574294e-04 6.959348e-05 2.061346e-04
2.000000e+00 -3.500000e+00 9.996900e-01 1.000083e+00 1.000509e+00 9.997375e-01 1.195554e+00 2 0 -1.274513e-03 5.641345e-05 -7.082436e-04 1.283571e-03 -7.646571e-04
1.353553e+00 -4.563072e+00 1.000083e+00 9.998125e-01 9.999523e-01 1.000082e+00 1.195089e+00 2 0 2.439812e-04 -2.672703e-04 -1.826490e-04 -1.774168e-04 8.462135e-05
1.000000e+00 -3.646447e+00 9.994665e-01 1.000875e+00 1.000558e+00 9.993157e-01 1.196175e+00 2 0 -7.324007e-04 3.275431e-03 1.314628e-04 2.002228e-03 -3.143968e-03
VARIABLES = "X", "Y", "ro", "u", "v", "pre", "Ma", "PART", "IMEX", "Ux", "Uy", "Vx", "Vy", "Vort" 
ZONE I=2, J=2, DATAPACKING=POINT
2.000000e+00 -3.500000e+00 9.992269e-01 1.000451e+00 1.000921e+00 9.994982e-01 1.195886e+00 2 0 -8.901080e-03 3.271374e-02 -1.530524e-03 5.968336e-03 -3.424426e-02
1.646447e+00 -2.519153e+00 1.000252e+00 1.010241e+00 1.002382e+00 9.995069e-01 1.203230e+00 2 0 1.193935e-02 -3.491811e-02 7.548076e-03 -4.302057e-03 4.246618e-02
1.000000e+00 -3.646447e+00 9.989333e-01 1.001896e+00 1.001124e+00 9.987217e-01 1.197161e+00 2 0 -6.449965e-03 2.824856e-02 -7.838336e-04 3.928668e-03 -2.903239e-02
6.464466e-01 -2.756908e+00 1.001478e+00 1.007382e+00 9.981482e-01 1.001755e+00 1.198381e+00 2 0 9.973791e-03 -3.409301e-02 4.640774e-03 -1.424912e-02 3.873378e-02
VARIABLES = "X", "Y", "ro", "u", "v", "pre", "Ma", "PART", "IMEX", "Ux", "Uy", "Vx", "Vy", "Vort" 
ZONE I=2, J=2, DATAPACKING=POINT
1.646447e+00 -2.519153e+00 1.001429e+00 9.863200e-01 9.983956e-01 9.994028e-01 1.187318e+00 2 0 -2.677551e-02 1.332647e-01 -1.517715e-03 5.987559e-02 -1.347824e-01
1.500000e+00 -1.538060e+00 9.766787e-01 1.173207e+00 1.063170e+00 9.698487e-01 1.342811e+00 2 0 -4.513578e-02 2.168814e-01 3.604476e-02 7.075086e-02 -1.808366e-01
6.464466e-01 -2.756908e+00 1.004040e+00 9.882584e-01 9.927497e-01 1.004865e+00 1.183396e+00 2 0 -3.800060e-02 1.239322e-01 -6.593031e-04 5.127445e-03 -1.245915e-01
5.000000e-01 -1.808658e+00 9.871985e-01 1.147983e+00 1.012891e+00 9.830032e-01 1.296649e+00 2 0 5.187603e-03 1.758028e-01 3.942555e-02 4.120814e-02 -1.363773e-01
VARIABLES = "X", "Y", "ro", "u", "v", "pre", "Ma", "PART", "IMEX", "Ux", "Uy", "Vx", "Vy", "Vort" 
ZONE I=2, J=2, DATAPACKING=POINT
1.500000e+00 -1.538060e+00 9.673116e-01 1.174835e+00 1.059932e+00 9.541315e-01 1.346498e+00 2 0 -4.220110e-02 2.013426e-01 -5.338289e-03 1.826119e-01 -2.066809e-01
1.646447e+00 -5.191530e-01 9.536376e-01 1.438051e+00 1.254267e+00 9.364625e-01 1.627434e+00 2 0 -2.852628e-01 4.237233e-01 2.797386e-01 1.531917e-01 -1.439847e-01
5.000000e-01 -1.808658e+00 1.011212e+00 1.140063e+00 1.016455e+00 1.008462e+00 1.292641e+00 2 0 -1.477317e-02 2.820865e-01 5.610598e-02 -3.532779e-02 -2.259805e-01
6.464466e-01 -7.569078e-01 8.910685e-01 1.573329e+00 9.943391e-01 8.598673e-01 1.601288e+00 2 0 -2.039493e-01 6.960082e-01 2.395495e-01 -2.742225e-02 -4.564587e-01
VARIABLES = "X", "Y", "ro", "u", "v", "pre", "Ma", "PART", "IMEX", "Ux", "Uy", "Vx", "Vy", "Vort" 
ZONE I=2, J=2, DATAPACKING=POINT
1.646447e+00 -5.191530e-01 9.559575e-01 1.501602e+00 1.253548e+00 9.244065e-01 1.681152e+00 2 0 -2.067843e-01 -1.190386e-01 2.302519e-01 2.128382e-01 3.492906e-01
2.000000e+00 5.000000e-01 8.659053e-01 1.140197e+00 1.661897e+00 8.342909e-01 1.735320e+00 2 0 -1.116289e-01 -4.478826e-01 1.088830e-01 5.612333e-01 5.567657e-01
6.464466e-01 -7.569078e-01 8.622631e-01 1.671590e+00 1.012755e+00 8.134391e-01 1.700664e+00 2 0 -4.105455e-02 2.913138e-03 1.853326e-01 1.187218e-01 1.824195e-01
1.000000e+00 3.535534e-01 6.604783e-01 1.452084e+00 1.198932e+00 6.025710e-01 1.666209e+00 2 0 -3.738459e-01 -1.567533e-01 9.198391e-01 -1.245361e-01 1.076592e+00
VARIABLES = "X", "Y", "ro", "u", "v", "pre", "Ma", "PART", "IMEX", "Ux", "Uy", "Vx", "Vy", "Vort" 
ZONE I=2, J=2, DATAPACKING=POINT
3.000000e+00 -7.646447e+00 1.000002e+00 9.999984e-01 1.000003e+00 1.000003e+00 1.195229e+00 2 0 -1.906448e-06 -6.570465e-06 7.565021e-06 1.040776e-05 1.413549e-05
3.353553e+00 -6.756908e+00 9.999962e-01 1.000003e+00 9.999942e-01 9.999941e-01 1.195228e+00 2 0 4.651549e-06 2.453825e-05 -1.756592e-05 -3.956995e-05 -4.210416e-05
2.000000e+00 -7.500000e+00 1.000001e+00 9.999983e-01 1.000001e+00 1.000001e+00 1.195228e+00 2 0 -1.900068e-06 -8.698742e-06 7.186897e-07 3.740508e-06 9.417431e-06
2.353553e+00 -6.519153e+00 9.999994e-01 1.000003e+00 9.999991e-01 9.999987e-01 1.195230e+00 2 0 7.631489e-06 2.506109e-05 -3.574328e-06 -7.903030e-06 -2.863542e-05
VARIABLES = "X", "Y", "ro", "u", "v", "pre", "Ma", "PART", "IMEX", "Ux", "Uy", "Vx", "Vy", "Vort" 
ZONE I=2, J=2, DATAPACKING=POINT
3.353553e+00 -6.756908e+00 9.999881e-01 1.000012e+00 9.999795e-01 9.999812e-01 1.195228e+00 2 0 3.905941e-07 2.253184e-05 -4.009304e-05 -4.104064e-05 -6.262488e-05
3.500000e+00 -5.808658e+00 1.000017e+00 9.999804e-01 1.000032e+00 1.000028e+00 1.195230e+00 2 0 -1.749609e-05 -1.147789e-04 9.844770e-05 1.982075e-04 2.132266e-04
2.353553e+00 -6.519153e+00 9.999979e-01 1.000014e+00 9.999963e-01 9.999945e-01 1.195237e+00 2 0 1.592488e-05 4.057535e-05 -8.035586e-06 -1.567053e-06 -4.861094e-05
2.500000e+00 -5.538060e+00 1.000003e+00 9.999755e-01 1.000004e+00 1.000008e+00 1.195213e+00 2 0 -4.970095e-05 -1.621900e-04 1.836632e-05 1.915506e-05 1.805563e-04
VARIABLES = "X", "Y", "ro", "u", "v", "pre", "Ma", "PART", "IMEX", "Ux", "Uy", "Vx", "Vy", "Vort" 
ZONE I=2, J=2, DATAPACKING=POINT
3.500000e+00 -5.808658e+00 1.000051e+00 9.999448e-01 1.000100e+00 1.000086e+00 1.195235e+00 2 0 6.921273e-05 2.129736e-05 1.951054e-04 1.948499e-04 1.738080e-04
3.353553e+00 -4.756908e+00 9.999331e-01 1.000078e+00 9.998535e-01 9.998835e-01 1.195217e+00 2 0 -6.679088e-05 2.450816e-04 -4.517353e-04 -9.047362e-04 -6.968169e-04
2.500000e+00 -5.538060e+00 1.000006e+00 9.999166e-01 1.000010e+00 1.000027e+00 1.195172e+00 2 0 -3.084505e-05 -5.983476e-05 4.271579e-05 4.132758e-05 1.025505e-04
2.353553e+00 -4.519153e+00 9.999964e-01 1.000140e+00 9.999941e-01 9.999630e-01 1.195328e+00 2 0 1.745659e-04 6.170968e-04 -7.960730e-05 -1.118804e-04 -6.967041e-04
VARIABLES = "X", "Y", "ro", "u", "v", "pre", "Ma", "PART", "IMEX", "Ux", "Uy", "Vx", "Vy", "Vort" 
ZONE I=2, J=2, DATAPACKING=POINT
3.353553e+00 -4.756908e+00 9.998040e-01 1.000127e+00 9.995675e-01 9.996507e-01 1.195138e+00 2 0 -5.417300e-04 -7.165310e-04 -7.748578e-04 -7.884746e-04 -5.832678e-05
3.000000e+00 -3.646447e+00 1.000255e+00 1.000038e+00 1.000620e+00 1.000469e+00 1.195493e+00 2 0 7.227674e-04 1.176696e-03 1.272104e-03 3.489672e-03 9.540744e-05
2.353553e+00 -4.519153e+00 1.000047e+00 1.000300e+00 9.999535e-01 9.999472e-01 1.195440e+00 2 0 3.164201e-05 -5.048623e-04 -1.356360e-04 -4.537143e-04 3.692263e-04
2.000000e+00 -3.500000e+00 9.997113e-01 9.999302e-01 1.000330e+00 9.997948e-01 1.195334e+00 2 0 -3.414823e-04 2.701700e-04 3.930565e-05 1.765449e-03 -2.308643e-04
VARIABLES = "X", "Y", "ro", "u", "v", "pre", "Ma", "PART", "IMEX", "Ux", "Uy", "Vx", "Vy", "Vort" 
ZONE I=2, J=2, DATAPACKING=POINT
3.000000e+00 -3.646447e+00 1.000671e+00 1.000630e+00 1.001665e+00 1.001243e+00 1.196258e+00 2 0 2.563493e-03 1.239424e-02 1.676474e-03 -4.532533e-05 -1.071777e-02
2.646447e+00 -2.563072e+00 9.986372e-01 1.001531e+00 1.000800e+00 9.977332e-01 1.197164e+00 2 0 -1.425508e-02 -2.299563e-02 -4.960141e-03 -5.006584e-05 1.803549e-02
2.000000e+00 -3.500000e+00 9.988114e-01 1.000389e+00 1.001013e+00 9.989855e-01 1.195962e+00 2 0 2.042001e-03 3.503147e-02 9.449535e-04 5.446181e-03 -3.408652e-02
1.646447e+00 -2.519153e+00 1.000006e+00 1.010506e+00 1.003035e+00 9.990753e-01 1.203889e+00 2 0 -7.927613e-03 -3.730318e-02 4.648477e-05 -1.761588e-03 3.734967e-02
VARIABLES = "X", "Y", "ro", "u", "v", "pre", "Ma", "PART", "IMEX", "Ux", "Uy", "Vx", "Vy", "Vort" 
ZONE I=2, J=2, DATAPACKING=POINT
2.646447e+00 -2.563072e+00 9.921085e-01 9.913669e-01 1.002612e+00 9.882005e-01 1.194003e+00 2 0 -7.153181e-04 5.155314e-02 -2.466402e-03 3.409487e-02 -5.401954e-02
2.500000e+00 -1.538060e+00 1.006354e+00 1.062124e+00 1.029905e+00 1.010017e+00 1.248105e+00 2 0 -1.150296e-01 5.950178e-02 -4.162922e-02 1.138973e-02 -1.011310e-01
1.646447e+00 -2.519153e+00 9.993248e-01 9.888080e-01 1.001501e+00 9.963894e-01 1.191212e+00 2 0 1.535267e-02 1.475690e-01 1.107840e-02 6.942405e-02 -1.364907e-01
1.500000e+00 -1.538060e+00 9.754451e-01 1.173547e+00 1.066170e+00 9.677283e-01 1.345356e+00 2 0 -1.095444e-01 1.936226e-01 -2.942736e-02 5.354521e-02 -2.230499e-01
VARIABLES = "X", "Y", "ro", "u", "v", "pre", "Ma", "PART", "IMEX", "Ux", "Uy", "Vx", "Vy", "Vort" 
ZONE I=2, J=2, DATAPACKING=POINT
2.500000e+00 -1.538060e+00 9.938977e-01 1.061372e+00 1.026282e+00 9.905405e-01 1.249901e+00 2 0 -1.002214e-01 5.259264e-02 -3.804741e-02 1.792581e-01 -9.064005e-02
2.646447e+00 -5.630719e-01 1.001055e+00 1.109845e+00 1.206393e+00 1.006203e+00 1.381870e+00 2 0 -3.175307e-01 1.173560e-01 -1.550822e-01 2.118593e-01 -2.724383e-01
1.500000e+00 -1.538060e+00 9.588676e-01 1.170900e+00 1.060618e+00 9.423204e-01 1.346886e+00 2 0 -1.244795e-01 2.047824e-01 -3.207413e-02 2.213477e-01 -2.368566e-01
1.646447e+00 -5.191530e-01 9.683137e-01 1.431111e+00 1.293042e+00 9.518131e-01 1.644152e+00 2 0 -3.258690e-01 4.166235e-01 1.506124e-02 2.205778e-01 -4.015623e-01
VARIABLES = "X", "Y", "ro", "u", "v", "pre", "Ma", "PART", "IMEX", "Ux", "Uy", "Vx", "Vy", "Vort" 
ZONE I=2, J=2, DATAPACKING=POINT
2.646447e+00 -5.630719e-01 1.016942e+00 1.119506e+00 1.208306e+00 1.030116e+00 1.383214e+00 2 0 -3.797224e-01 1.155661e-01 -1.599822e-01 8.371340e-02 -2.755483e-01
3.000000e+00 3.535534e-01 1.015871e+00 1.070563e+00 1.246163e+00 1.023252e+00 1.383463e+00 2 0 -1.377225e-01 -1.643618e-02 -3.873091e-01 2.323827e-01 -3.708729e-01
1.646447e+00 -5.191530e-01 9.885964e-01 1.490318e+00 1.290748e+00 9.650822e-01 1.686455e+00 2 0 -4.007917e-01 -1.662526e-02 8.544116e-03 2.426880e-01 2.516938e-02
2.000000e+00 5.000000e-01 8.764579e-01 1.168728e+00 1.646518e+00 8.395013e-01 1.743646e+00 2 0 -1.014407e-01 -4.308168e-01 -3.532200e-01 6.729252e-01 7.759679e-02
VARIABLES = "X", "Y", "ro", "u", "v", "pre", "Ma", "PART", "IMEX", "Ux", "Uy", "Vx", "Vy", "Vort" 
ZONE I=2, J=2, DATAPACKING=POINT
4.000000e+00 -8.000000e+00 1.000004e+00 1.000001e+00 1.000005e+00 1.000005e+00 1.195231e+00 2 0 5.285235e-06 4.030070e-06 4.600786e-06 1.292108e-05 5.707157e-07
4.353553e+00 -7.137063e+00 9.999947e-01 9.999977e-01 9.999930e-01 9.999926e-01 1.195224e+00 2 0 -1.205729e-05 -1.620383e-05 -1.770613e-05 -5.129970e-05 -1.502305e-06
3.000000e+00 -7.646447e+00 1.000002e+00 9.999984e-01 1.000004e+00 1.000004e+00 1.195229e+00 2 0 9.074379e-09 -6.464733e-06 7.147833e-06 1.228572e-05 1.361257e-05
3.353553e+00 -6.756908e+00 9.999959e-01 1.000003e+00 9.999929e-01 9.999938e-01 1.195227e+00 2 0 3.136232e-06 2.325950e-05 -2.072343e-05 -4.782291e-05 -4.398292e-05
VARIABLES = "X", "Y", "ro", "u", "v", "pre", "Ma", "PART", "IMEX", "Ux", "Uy", "Vx", "Vy", "Vort" 
ZONE I=2, J=2, DATAPACKING=POINT
4.353553e+00 -7.137063e+00 9.999818e-01 9.999908e-01 9.999752e-01 9.999743e-01 1.195213e+00 2 0 -3.392348e-05 -2.736922e-05 -1.640795e-05 -5.673668e-05 1.096127e-05
4.500000e+00 -6.191342e+00 1.000028e+00 1.000016e+00 1.000038e+00 1.000039e+00 1.195254e+00 2 0 8.056088e-05 1.095911e-04 8.564787e-05 2.484660e-04 -2.394325e-05
3.353553e+00 -6.756908e+00 9.999870e-01 1.000011e+00 9.999752e-01 9.999797e-01 1.195225e+00 2 0 -1.212291e-05 2.053863e-05 -2.967386e-05 -5.373301e-05 -5.021248e-05
3.500000e+00 -5.808658e+00 1.000019e+00 9.999822e-01 1.000039e+00 1.000030e+00 1.195234e+00 2 0 -5.728786e-06 -1.023495e-04 1.077146e-04 2.453739e-04 2.100641e-04
VARIABLES = "X", "Y", "ro", "u", "v", "pre", "Ma", "PART", "IMEX", "Ux", "Uy", "Vx", "Vy", "Vort" 
ZONE I=2, J=2, DATAPACKING=POINT
4.500000e+00 -6.191342e+00 1.000088e+00 1.000058e+00 1.000122e+00 1.000125e+00 1.195313e+00 2 0 1.990078e-04 1.916321e-04 4.166154e-05 1.805269e-04 -1.499705e-04
4.353553e+00 -5.137063e+00 9.998764e-01 9.999051e-01 9.998276e-01 9.998231e-01 1.195101e+00 2 0 -4.515259e-04 -7.049935e-04 -3.298534e-04 -9.942933e-04 3.751401e-04
3.500000e+00 -5.808658e+00 1.000056e+00 9.999517e-01 1.000122e+00 1.000092e+00 1.195251e+00 2 0 1.382154e-04 8.434733e-05 1.337911e-04 2.309830e-04 4.944374e-05
3.353553e+00 -4.756908e+00 9.999282e-01 1.000063e+00 9.998192e-01 9.998771e-01 1.195189e+00 2 0 -1.364108e-04 8.168233e-05 -4.886840e-04 -1.119244e-03 -5.703663e-04
VARIABLES = "X", "Y", "ro", "u", "v", "pre", "Ma", "PART", "IMEX", "Ux", "Uy", "Vx", "Vy", "Vort" 
ZONE I=2, J=2, DATAPACKING=POINT
4.353553e+00 -5.137063e+00 9.996316e-01 9.996637e-01 9.995163e-01 9.994721e-01 1.194834e+00 2 0 -7.114309e-04 -8.645513e-04 1.049006e-04 -2.763090e-04 9.694519e-04
4.000000e+00 -4.000000e+00 1.000486e+00 1.000558e+00 1.000581e+00 1.000696e+00 1.195783e+00 2 0 1.570459e-03 3.473327e-03 6.072668e-04 2.775502e-03 -2.866060e-03
3.353553e+00 -4.756908e+00 9.998049e-01 1.000045e+00 9.994598e-01 9.996549e-01 1.195022e+00 2 0 -9.356912e-04 -1.259119e-03 -4.673869e-04 -8.724300e-04 7.917325e-04
3.000000e+00 -3.646447e+00 1.000250e+00 1.000192e+00 1.000761e+00 1.000455e+00 1.195675e+00 2 0 1.585666e-03 2.752959e-03 1.742194e-03 4.517804e-03 -1.010765e-03
VARIABLES = "X", "Y", "ro", "u", "v", "pre", "Ma", "PART", "IMEX", "Ux", "Uy", "Vx", "Vy", "Vort" 
ZONE I=2, J=2, DATAPACKING=POINT
4.000000e+00 -4.000000e+00 1.001373e+00 1.001688e+00 1.001365e+00 1.001959e+00 1.196704e+00 2 0 3.478889e-04 2.016447e-03 -1.902552e-03 -1.089461e-03 -3.919000e-03
3.646447e+00 -2.862937e+00 9.984981e-01 9.977834e-01 9.991109e-01 9.978651e-01 1.193751e+00 2 0 -3.625520e-03 -1.215580e-02 -2.231130e-04 -2.947960e-03 1.193268e-02
3.000000e+00 -3.646447e+00 1.000528e+00 1.001357e+00 1.002133e+00 1.001013e+00 1.197025e+00 2 0 5.111613e-03 1.121535e-02 -6.852835e-05 -1.416553e-03 -1.128388e-02
2.646447e+00 -2.563072e+00 9.991423e-01 9.995498e-01 9.997868e-01 9.984930e-01 1.195221e+00 2 0 -1.322861e-02 -2.486237e-02 -3.316036e-03 -1.064272e-03 2.154633e-02
VARIABLES = "X", "Y", "ro", "u", "v", "pre", "Ma", "PART", "IMEX", "Ux", "Uy", "Vx", "Vy", "Vort" 
ZONE I=2, J=2, DATAPACKING=POINT
3.646447e+00 -2.862937e+00 9.949396e-01 9.939975e-01 9.989821e-01 9.928259e-01 1.192304e+00 2 0 7.509198e-03 4.867946e-03 1.339386e-03 9.083752e-03 -3.528560e-03
3.500000e+00 -1.808658e+00 1.004678e+00 1.008949e+00 1.004328e+00 1.006669e+00 1.201976e+00 2 0 -4.317684e-02 1.790639e-02 -2.691889e-02 -6.588137e-03 -4.482528e-02
2.646447e+00 -2.563072e+00 9.919106e-01 9.898276e-01 1.001656e+00 9.880453e-01 1.192486e+00 2 0 1.548485e-02 4.820749e-02 5.429162e-03 3.465966e-02 -4.277833e-02
2.500000e+00 -1.538060e+00 1.004908e+00 1.058490e+00 1.028078e+00 1.007761e+00 1.245329e+00 2 0 -3.477215e-02 7.655387e-02 -2.244497e-02 1.260322e-02 -9.899885e-02
VARIABLES = "X", "Y", "ro", "u", "v", "pre", "Ma", "PART", "IMEX", "Ux", "Uy", "Vx", "Vy", "Vort" 
ZONE I=2, J=2, DATAPACKING=POINT
3.500000e+00 -1.808658e+00 1.010201e+00 1.012273e+00 1.000144e+00 1.014619e+00 1.200049e+00 2 0 -4.842831e-02 1.212512e-02 -2.050658e-02 1.603973e-02 -3.263169e-02
3.646447e+00 -8.629373e-01 1.000045e+00 1.008470e+00 1.026759e+00 9.993176e-01 1.216773e+00 2 0 -7.991605e-02 1.518993e-03 -1.275834e-01 6.562716e-02 -1.291024e-01
2.500000e+00 -1.538060e+00 9.969141e-01 1.061846e+00 1.024133e+00 9.949790e-01 1.248027e+00 2 0 -3.540519e-02 4.834597e-02 1.334830e-02 1.499597e-01 -3.499768e-02
2.646447e+00 -5.630719e-01 9.842908e-01 1.102774e+00 1.185752e+00 9.817228e-01 1.370343e+00 2 0 -9.287573e-02 6.278884e-02 -1.374964e-01 1.958845e-01 -2.002853e-01
VARIABLES = "X", "Y", "ro", "u", "v", "pre", "Ma", "PART", "IMEX", "Ux", "Uy", "Vx", "Vy", "Vort" 
ZONE I=2, J=2, DATAPACKING=POINT
3.646447e+00 -8.629373e-01 9.951575e-01 1.006904e+00 1.032820e+00 9.920690e-01 1.220963e+00 2 0 -7.518080e-02 2.068251e-02 -1.313241e-01 5.119433e-02 -1.520066e-01
4.000000e+00 2.679490e-08 9.954996e-01 1.001167e+00 1.015604e+00 9.927743e-01 1.206935e+00 2 0 -4.604531e-02 1.462515e-02 -1.359474e-01 2.471909e-02 -1.505725e-01
2.646447e+00 -5.630719e-01 9.918190e-01 1.107686e+00 1.187978e+00 9.929860e-01 1.371954e+00 2 0 -1.253779e-01 4.667115e-03 -1.678746e-01 7.040435e-02 -1.725417e-01
3.000000e+00 3.535534e-01 1.012577e+00 1.058680e+00 1.203042e+00 1.019217e+00 1.349969e+00 2 0 -8.637920e-02 -2.543548e-02 -2.235152e-01 1.305036e-01 -1.980797e-01
VARIABLES = "X", "Y", "ro", "u", "v", "pre", "Ma", "PART", "IMEX", "Ux", "Uy", "Vx", "Vy", "Vort" 
ZONE I=2, J=2, DATAPACKING=POINT
5.000000e+00 -8.353553e+00 1.000001e+00 1.000001e+00 1.000001e+00 1.000001e+00 1.195230e+00 2 0 -5.053341e-07 3.947893e-06 -2.960479e-06 3.873906e-06 -6.908372e-06
5.353553e+00 -7.436928e+00 9.999986e-01 9.999982e-01 9.999987e-01 9.999980e-01 1.195227e+00 2 0 -1.659478e-06 -1.419493e-05 2.788477e-06 -1.142291e-05 1.698340e-05
4.000000e+00 -8.000000e+00 1.000004e+00 1.000002e+00 1.000005e+00 1.000005e+00 1.195231e+00 2 0 2.362972e-06 6.135005e-06 8.777633e-08 1.388981e-05 -6.047228e-06
4.353553e+00 -7.137063e+00 9.999945e-01 9.999972e-01 9.999932e-01 9.999923e-01 1.195224e+00 2 0 -7.491934e-06 -2.305173e-05 -1.051242e-05 -5.294289e-05 1.253931e-05
VARIABLES = "X", "Y", "ro", "u", "v", "pre", "Ma", "PART", "IMEX", "Ux", "Uy", "Vx", "Vy", "Vort" 
ZONE I=2, J=2, DATAPACKING=POINT
5.353553e+00 -7.436928e+00 9.999943e-01 9.999933e-01 9.999953e-01 9.999922e-01 1.195223e+00 2 0 4.412855e-06 -2.130795e-05 1.876713e-05 -1.335872e-05 4.007508e-05
5.500000e+00 -6.461940e+00 1.000009e+00 1.000011e+00 1.000007e+00 1.000013e+00 1.195237e+00 2 0 5.049125e-06 8.036694e-05 -2.139199e-05 5.034466e-05 -1.017589e-04
4.353553e+00 -7.137063e+00 9.999809e-01 9.999888e-01 9.999758e-01 9.999731e-01 1.195212e+00 2 0 -1.157443e-05 -3.882037e-05 3.513543e-06 -5.947389e-05 4.233391e-05
4.500000e+00 -6.191342e+00 1.000029e+00 1.000019e+00 1.000037e+00 1.000041e+00 1.195255e+00 2 0 4.124352e-05 1.448266e-04 4.001611e-05 2.524119e-04 -1.048105e-04
VARIABLES = "X", "Y", "ro", "u", "v", "pre", "Ma", "PART", "IMEX", "Ux", "Uy", "Vx", "Vy", "Vort" 
ZONE I=2, J=2, DATAPACKING=POINT
5.500000e+00 -6.461940e+00 1.000034e+00 1.000039e+00 1.000022e+00 1.000046e+00 1.195258e+00 2 0 -4.072221e-05 6.536969e-05 -1.107753e-04 1.650082e-06 -1.761450e-04
5.353553e+00 -5.436928e+00 9.999506e-01 9.999404e-01 9.999713e-01 9.999320e-01 1.195187e+00 2 0 -3.654384e-06 -3.507763e-04 1.273153e-04 -1.221077e-04 4.780916e-04
4.500000e+00 -6.191342e+00 1.000094e+00 1.000071e+00 1.000120e+00 1.000133e+00 1.195320e+00 2 0 6.313627e-05 1.926569e-04 -4.060356e-05 1.603993e-04 -2.332605e-04
4.353553e+00 -5.137063e+00 9.998667e-01 9.998850e-01 9.998305e-01 9.998111e-01 1.195092e+00 2 0 -2.302738e-04 -7.839005e-04 -1.464712e-04 -9.437669e-04 6.374293e-04
VARIABLES = "X", "Y", "ro", "u", "v", "pre", "Ma", "PART", "IMEX", "Ux", "Uy", "Vx", "Vy", "Vort" 
ZONE I=2, J=2, DATAPACKING=POINT
5.353553e+00 -5.436928e+00 9.998520e-01 9.998245e-01 9.999327e-01 9.997961e-01 1.195117e+00 2 0 3.237673e-04 -5.006212e-06 4.984171e-04 1.904470e-04 5.034233e-04
5.000000e+00 -4.353553e+00 1.000181e+00 1.000226e+00 1.000044e+00 1.000249e+00 1.195349e+00 2 0 -2.179362e-04 9.537008e-04 -5.483994e-04 -3.329654e-05 -1.502100e-03
4.353553e+00 -5.137063e+00 9.996000e-01 9.996079e-01 9.995301e-01 9.994325e-01 1.194814e+00 2 0 -1.872076e-04 -6.670394e-04 3.387586e-04 -1.043213e-04 1.005798e-03
4.000000e+00 -4.000000e+00 1.000523e+00 1.000618e+00 1.000549e+00 1.000742e+00 1.195795e+00 2 0 9.956387e-04 3.498939e-03 3.053479e-04 2.432268e-03 -3.193591e-03
VARIABLES = "X", "Y", "ro", "u", "v", "pre", "Ma", "PART", "IMEX", "Ux", "Uy", "Vx", "Vy", "Vort" 
ZONE I=2, J=2, DATAPACKING=POINT
5.000000e+00 -4.353553e+00 1.000439e+00 1.000521e+00 1.000048e+00 1.000604e+00 1.195470e+00 2 0 -1.812259e-03 -5.980717e-04 -1.241761e-03 -3.714055e-04 -6.436896e-04
4.646447e+00 -3.243092e+00 9.996614e-01 9.996089e-01 1.000165e+00 9.995372e-01 1.195168e+00 2 0 1.741084e-03 -1.078900e-03 8.512795e-04 5.527178e-04 1.930180e-03
4.000000e+00 -4.000000e+00 1.001469e+00 1.001784e+00 1.001215e+00 1.002079e+00 1.196656e+00 2 0 -3.059841e-04 1.558176e-03 -1.756894e-03 -9.559058e-04 -3.315069e-03
3.646447e+00 -2.862937e+00 9.984326e-01 9.977679e-01 9.993198e-01 9.977862e-01 1.193875e+00 2 0 -2.782025e-03 -1.179680e-02 3.962958e-04 -2.316068e-03 1.219310e-02
VARIABLES = "X", "Y", "ro", "u", "v", "pre", "Ma", "PART", "IMEX", "Ux", "Uy", "Vx", "Vy", "Vort" 
ZONE I=2, J=2, DATAPACKING=POINT
4.646447e+00 -3.243092e+00 9.994060e-01 9.993073e-01 1.000264e+00 9.991973e-01 1.195097e+00 2 0 5.804775e-03 5.232104e-04 5.055628e-04 -6.620787e-04 -1.764762e-05
4.500000e+00 -2.191342e+00 9.998944e-01 9.995609e-01 9.993765e-01 9.998039e-01 1.194648e+00 2 0 -7.577040e-03 -6.222324e-04 -1.589172e-03 -1.007529e-03 -9.669392e-04
3.646447e+00 -2.862937e+00 9.954485e-01 9.941487e-01 9.992211e-01 9.935694e-01 1.192396e+00 2 0 6.648239e-03 3.906964e-03 4.502983e-03 7.749958e-03 5.960188e-04
3.500000e+00 -1.808658e+00 1.003208e+00 1.007857e+00 1.002729e+00 1.004553e+00 1.200754e+00 2 0 -1.856341e-03 2.233433e-02 -9.019017e-03 -5.756898e-03 -3.135334e-02
VARIABLES = "X", "Y", "ro", "u", "v", "pre", "Ma", "PART", "IMEX", "Ux", "Uy", "Vx", "Vy", "Vort" 
ZONE I=2, J=2, DATAPACKING=POINT
4.500000e+00 -2.191342e+00 9.996613e-01 9.995112e-01 9.994560e-01 9.994444e-01 1.194741e+00 2 0 -9.754027e-03 3.214510e-03 3.117845e-03 -4.831860e-04 -9.666547e-05
4.646447e+00 -1.243092e+00 1.001712e+00 1.001586e+00 9.988731e-01 1.002365e+00 1.195114e+00 2 0 -9.900020e-03 4.519805e-03 -1.258994e-02 3.524852e-04 -1.710975e-02
3.500000e+00 -1.808658e+00 1.007459e+00 1.011170e+00 9.985879e-01 1.010648e+00 1.199187e+00 2 0 -1.013778e-02 9.045497e-03 6.250992e-04 8.630352e-03 -8.420398e-03
3.646447e+00 -8.629373e-01 1.000882e+00 1.010184e+00 1.019434e+00 1.000562e+00 1.213135e+00 2 0 -7.034286e-03 -6.572733e-03 -2.068501e-02 3.895279e-02 -1.411228e-02
VARIABLES = "X", "Y", "ro", "u", "v", "pre", "Ma", "PART", "IMEX", "Ux", "Uy", "Vx", "Vy", "Vort" 
ZONE I=2, J=2, DATAPACKING=POINT
4.646447e+00 -1.243092e+00 1.002172e+00 1.001944e+00 9.984504e-01 1.003045e+00 1.194946e+00 2 0 -8.842589e-03 3.437282e-03 -1.343141e-02 6.176020e-03 -1.686869e-02
5.000000e+00 -3.535534e-01 1.000424e+00 1.000963e+00 1.000558e+00 1.000667e+00 1.195993e+00 2 0 4.038489e-03 -3.551323e-03 -1.209180e-02 8.637803e-03 -8.540474e-03
3.646447e+00 -8.629373e-01 9.982728e-01 1.008716e+00 1.023738e+00 9.967258e-01 1.215599e+00 2 0 -6.851209e-03 -1.177852e-02 -3.750293e-02 1.686286e-02 -2.572441e-02
4.000000e+00 2.679490e-08 9.976701e-01 9.983655e-01 1.014901e+00 9.958777e-01 1.204280e+00 2 0 -6.233574e-03 -9.310099e-03 -1.900314e-02 -1.097153e-02 -9.693042e-03
VARIABLES = "X", "Y", "ro", "u", "v", "pre", "Ma", "PART", "IMEX", "Ux", "Uy", "Vx", "Vy", "Vort" 
ZONE I=2, J=2, DATAPACKING=POINT
6.000000e+00 -8.500000e+00 1.000000e+00 1.000000e+00 9.999999e-01 1.000000e+00 1.195229e+00 2 0 -4.077541e-07 1.892805e-07 -2.783087e-07 -7.901717e-08 -4.675892e-07
6.353553e+00 -7.480847e+00 1.000000e+00 9.999999e-01 1.000000e+00 1.000000e+00 1.195229e+00 2 0 7.121135e-07 -4.662850e-07 4.949837e-07 5.455856e-07 9.612687e-07
5.000000e+00 -8.353553e+00 1.000001e+00 1.000001e+00 1.000001e+00 1.000001e+00 1.195229e+00 2 0 -1.366470e-06 3.396997e-06 -1.034879e-06 2.093632e-06 -4.431876e-06
5.353553e+00 -7.436928e+00 9.999988e-01 9.999988e-01 9.999992e-01 9.999983e-01 1.195228e+00 2 0 1.668207e-06 -1.163848e-05 1.450146e-06 -7.225150e-06 1.308863e-05
VARIABLES = "X", "Y", "ro", "u", "v", "pre", "Ma", "PART", "IMEX", "Ux", "Uy", "Vx", "Vy", "Vort" 
ZONE I=2, J=2, DATAPACKING=POINT
6.353553e+00 -7.480847e+00 1.000000e+00 9.999999e-01 1.000000e+00 1.000000e+00 1.195229e+00 2 0 3.384266e-06 -8.363304e-08 1.368942e-06 4.927600e-07 1.452575e-06
6.500000e+00 -6.461940e+00 1.000000e+00 1.000000e+00 9.999993e-01 1.000000e+00 1.195228e+00 2 0 -5.755504e-06 7.048204e-07 -1.516058e-06 -3.647643e-06 -2.220879e-06
5.353553e+00 -7.436928e+00 9.999952e-01 9.999950e-01 9.999970e-01 9.999934e-01 1.195225e+00 2 0 8.482345e-06 -1.873695e-05 7.003719e-06 -8.361406e-06 2.574067e-05
5.500000e+00 -6.461940e+00 1.000008e+00 1.000008e+00 1.000004e+00 1.000011e+00 1.195234e+00 2 0 -1.337321e-05 6.671600e-05 -1.109589e-05 3.206158e-05 -7.781190e-05
VARIABLES = "X", "Y", "ro", "u", "v", "pre", "Ma", "PART", "IMEX", "Ux", "Uy", "Vx", "Vy", "Vort" 
ZONE I=2, J=2, DATAPACKING=POINT
6.500000e+00 -6.461940e+00 9.999995e-01 9.999999e-01 9.999980e-01 9.999994e-01 1.195227e+00 2 0 -2.415005e-05 -8.053610e-06 -6.132028e-06 -2.054735e-06 1.921582e-06
6.353553e+00 -5.480847e+00 1.000001e+00 1.000000e+00 1.000004e+00 1.000001e+00 1.195231e+00 2 0 3.686282e-05 1.474669e-05 2.838526e-06 1.668172e-05 -1.190816e-05
5.500000e+00 -6.461940e+00 1.000027e+00 1.000031e+00 1.000014e+00 1.000038e+00 1.195250e+00 2 0 -4.268765e-05 5.427784e-05 -3.251462e-05 9.460819e-06 -8.679246e-05
5.353553e+00 -5.436928e+00 9.999583e-01 9.999527e-01 9.999842e-01 9.999426e-01 1.195200e+00 2 0 6.025062e-05 -2.763494e-04 4.416123e-05 -8.112462e-05 3.205107e-04
VARIABLES = "X", "Y", "ro", "u", "v", "pre", "Ma", "PART", "IMEX", "Ux", "Uy", "Vx", "Vy", "Vort" 
ZONE I=2, J=2, DATAPACKING=POINT
6.353553e+00 -5.480847e+00 1.000005e+00 1.000004e+00 1.000008e+00 1.000007e+00 1.195235e+00 2 0 1.191488e-04 6.295142e-05 1.260846e-05 2.215370e-07 -5.034296e-05
6.000000e+00 -4.500000e+00 9.999911e-01 9.999905e-01 9.999884e-01 9.999879e-01 1.195218e+00 2 0 -1.582691e-04 -1.283165e-04 2.183313e-05 -3.052369e-05 1.501496e-04
5.353553e+00 -5.436928e+00 9.998830e-01 9.998575e-01 9.999595e-01 9.998392e-01 1.195145e+00 2 0 1.900732e-04 -1.137342e-05 1.087503e-04 4.879524e-05 1.201237e-04
5.000000e+00 -4.353553e+00 1.000146e+00 1.000179e+00 1.000012e+00 1.000200e+00 1.195311e+00 2 0 -1.838830e-04 7.311985e-04 -9.291619e-05 2.054229e-05 -8.241147e-04
VARIABLES = "X", "Y", "ro", "u", "v", "pre", "Ma", "PART", "IMEX", "Ux", "Uy", "Vx", "Vy", "Vort" 
ZONE I=2, J=2, DATAPACKING=POINT
6.000000e+00 -4.500000e+00 9.999671e-01 9.999657e-01 9.999823e-01 9.999552e-01 1.195205e+00 2 0 -3.212533e-04 -1.327989e-04 5.691589e-05 4.462488e-05 1.897148e-04
5.646447e+00 -3.480847e+00 1.000053e+00 1.000059e+00 1.000011e+00 1.000072e+00 1.195259e+00 2 0 1.879814e-04 3.118458e-04 -2.010602e-04 -5.551351e-05 -5.129060e-04
5.000000e+00 -4.353553e+00 1.000327e+00 1.000398e+00 1.000001e+00 1.000448e+00 1.195394e+00 2 0 -7.099289e-04 -2.924987e-04 -1.214621e-04 3.138279e-05 1.710366e-04
4.646447e+00 -3.243092e+00 9.997793e-01 9.997532e-01 1.000171e+00 9.997005e-01 1.195230e+00 2 0 4.142914e-04 -9.001919e-04 -7.587324e-05 2.687856e-04 8.243186e-04
VARIABLES = "X", "Y", "ro", "u", "v", "pre", "Ma", "PART", "IMEX", "Ux", "Uy", "Vx", "Vy", "Vort" 
ZONE I=2, J=2, DATAPACKING=POINT
5.646447e+00 -3.480847e+00 1.000106e+00 1.000123e+00 1.000001e+00 1.000144e+00 1.195280e+00 2 0 9.456712e-05 -7.914747e-05 -2.012425e-04 7.859006e-05 -1.220951e-04
5.500000e+00 -2.461940e+00 9.998663e-01 9.998780e-01 1.000140e+00 9.998235e-01 1.195265e+00 2 0 4.524525e-04 -2.808378e-04 1.426776e-04 1.864984e-04 4.235155e-04
4.646447e+00 -3.243092e+00 9.996577e-01 9.996151e-01 1.000242e+00 9.995443e-01 1.195211e+00 2 0 1.155362e-03 -4.623170e-05 -4.635497e-04 -7.201926e-04 -4.173180e-04
4.500000e+00 -2.191342e+00 9.997064e-01 9.994978e-01 9.996481e-01 9.995583e-01 1.194807e+00 2 0 1.298894e-04 -2.970914e-04 1.088182e-03 -2.646885e-05 1.385273e-03
VARIABLES = "X", "Y", "ro", "u", "v", "pre", "Ma", "PART", "IMEX", "Ux", "Uy", "Vx", "Vy", "Vort" 
ZONE I=2, J=2, DATAPACKING=POINT
5.500000e+00 -2.461940e+00 9.998665e-01 9.998563e-01 1.000149e+00 9.998274e-01 1.195255e+00 2 0 7.650147e-04 -4.218099e-04 -3.171825e-04 6.942537e-05 1.046274e-04
5.646447e+00 -1.480847e+00 9.995573e-01 9.995482e-01 1.000203e+00 9.994001e-01 1.195174e+00 2 0 -6.569812e-04 -3.003844e-04 7.592913e-04 3.878375e-05 1.059676e-03
4.500000e+00 -2.191342e+00 9.993996e-01 9.993213e-01 9.998874e-01 9.991047e-01 1.194932e+00 2 0 3.642559e-04 1.057295e-03 1.181467e-03 -9.524029e-05 1.241723e-04
4.646447e+00 -1.243092e+00 1.000938e+00 1.000929e+00 9.991445e-01 1.001343e+00 1.195032e+00 2 0 -2.143219e-03 2.634153e-03 1.151752e-03 -1.948080e-03 -1.482401e-03
VARIABLES = "X", "Y", "ro", "u", "v", "pre", "Ma", "PART", "IMEX", "Ux", "Uy", "Vx", "Vy", "Vort" 
ZONE I=2, J=2, DATAPACKING=POINT
5.646447e+00 -1.480847e+00 9.994817e-01 9.994975e-01 1.000254e+00 9.992889e-01 1.195196e+00 2 0 -6.222497e-04 4.633386e-04 9.383359e-04 -5.570443e-04 4.749973e-04
6.000000e+00 -5.000000e-01 1.000015e+00 9.999145e-01 9.998518e-01 1.000015e+00 1.195089e+00 2 0 -9.845851e-04 9.517994e-04 8.602915e-04 -9.539720e-04 -9.150790e-05
4.646447e+00 -1.243092e+00 1.001272e+00 1.001130e+00 9.987962e-01 1.001838e+00 1.194848e+00 2 0 -2.987731e-03 1.505496e-03 2.030563e-03 -7.485941e-04 5.250672e-04
5.000000e+00 -3.535534e-01 1.000597e+00 1.000960e+00 9.998064e-01 1.000950e+00 1.195476e+00 2 0 -1.043873e-03 -1.347424e-04 -1.190512e-03 2.620570e-03 -1.055769e-03
VARIABLES = "X", "Y", "ro", "u", "v", "pre", "Ma", "PART", "IMEX", "Ux", "Uy", "Vx", "Vy", "Vort" 
ZONE I=2, J=2, DATAPACKING=POINT
7.000000e+00 -8.353553e+00 1.000000e+00 1.000000e+00 1.000000e+00 1.000000e+00 1.195229e+00 2 0 -1.576090e-10 -2.362215e-08 1.240678e-08 8.520956e-09 3.602893e-08
7.353553e+00 -7.243092e+00 1.000000e+00 1.000000e+00 1.000000e+00 1.000000e+00 1.195229e+00 2 0 9.121317e-09 6.508668e-08 -3.011206e-08 -5.898602e-08 -9.519874e-08
6.000000e+00 -8.500000e+00 1.000000e+00 1.000000e+00 1.000000e+00 1.000000e+00 1.195229e+00 2 0 -4.034734e-08 3.296124e-08 1.090112e-07 -8.594562e-08 7.604992e-08
6.353553e+00 -7.480847e+00 1.000000e+00 1.000000e+00 1.000000e+00 1.000000e+00 1.195229e+00 2 0 1.088999e-07 -1.286463e-07 -2.432470e-07 4.333979e-07 -1.146007e-07
VARIABLES = "X", "Y", "ro", "u", "v", "pre", "Ma", "PART", "IMEX", "Ux", "Uy", "Vx", "Vy", "Vort" 
ZONE I=2, J=2, DATAPACKING=POINT
7.353553e+00 -7.243092e+00 1.000000e+00 1.000000e+00 1.000000e+00 1.000000e+00 1.195229e+00 2 0 -3.417668e-08 6.720427e-08 2.156973e-08 -3.593268e-08 -4.563454e-08
7.500000e+00 -6.191342e+00 1.000000e+00 9.999999e-01 1.000000e+00 9.999999e-01 1.195229e+00 2 0 1.054257e-07 -3.348153e-07 -7.220275e-08 4.253294e-07 2.626126e-07
6.353553e+00 -7.480847e+00 1.000000e+00 1.000000e+00 1.000000e+00 1.000000e+00 1.195229e+00 2 0 7.761409e-08 6.156105e-07 -7.353658e-07 4.346526e-07 -1.350976e-06
6.500000e+00 -6.461940e+00 1.000000e+00 1.000000e+00 9.999996e-01 1.000000e+00 1.195228e+00 2 0 -1.056969e-07 -9.660819e-07 1.876524e-06 -2.268154e-06 2.842606e-06
VARIABLES = "X", "Y", "ro", "u", "v", "pre", "Ma", "PART", "IMEX", "Ux", "Uy", "Vx", "Vy", "Vort" 
ZONE I=2, J=2, DATAPACKING=POINT
7.500000e+00 -6.191342e+00 1.000000e+00 9.999998e-01 1.000000e+00 1.000000e+00 1.195229e+00 2 0 9.010047e-07 4.702722e-07 6.739225e-08 -2.078497e-07 -4.028800e-07
7.353553e+00 -5.243092e+00 1.000000e+00 1.000000e+00 9.999994e-01 1.000000e+00 1.195228e+00 2 0 -1.948928e-06 3.376825e-07 8.240948e-07 -1.790243e-06 4.864123e-07
6.500000e+00 -6.461940e+00 9.999992e-01 9.999995e-01 9.999989e-01 9.999989e-01 1.195228e+00 2 0 4.578837e-07 -4.760017e-06 3.513629e-06 -8.916472e-07 8.273645e-06
6.353553e+00 -5.480847e+00 1.000002e+00 1.000001e+00 1.000002e+00 1.000002e+00 1.195230e+00 2 0 -1.918050e-06 1.227819e-05 -8.780569e-06 8.150881e-06 -2.105875e-05
VARIABLES = "X", "Y", "ro", "u", "v", "pre", "Ma", "PART", "IMEX", "Ux", "Uy", "Vx", "Vy", "Vort" 
ZONE I=2, J=2, DATAPACKING=POINT
7.353553e+00 -5.243092e+00 9.999997e-01 1.000000e+00 9.999990e-01 9.999996e-01 1.195228e+00 2 0 -7.487927e-06 -7.338076e-06 -1.197151e-06 1.017671e-06 6.140925e-06
7.000000e+00 -4.353553e+00 1.000000e+00 9.999993e-01 1.000002e+00 1.000000e+00 1.195229e+00 2 0 1.324745e-05 1.063164e-05 -4.562046e-06 4.228854e-06 -1.519368e-05
6.353553e+00 -5.480847e+00 1.000006e+00 1.000006e+00 1.000005e+00 1.000008e+00 1.195234e+00 2 0 -3.262160e-06 1.391655e-05 -1.211392e-05 -2.702956e-06 -2.603046e-05
6.000000e+00 -4.500000e+00 9.999886e-01 9.999889e-01 9.999956e-01 9.999845e-01 1.195222e+00 2 0 1.561678e-05 -6.313054e-05 2.423667e-05 -1.388488e-05 8.736721e-05
VARIABLES = "X", "Y", "ro", "u", "v", "pre", "Ma", "PART", "IMEX", "Ux", "Uy", "Vx", "Vy", "Vort" 
ZONE I=2, J=2, DATAPACKING=POINT
7.000000e+00 -4.353553e+00 1.000003e+00 1.000002e+00 1.000003e+00 1.000004e+00 1.195231e+00 2 0 3.584034e-05 2.151919e-05 2.307028e-06 -5.639160e-06 -1.921216e-05
6.646447e+00 -3.436928e+00 9.999927e-01 9.999923e-01 9.999959e-01 9.999900e-01 1.195223e+00 2 0 -2.890877e-05 -5.100430e-05 1.061480e-05 -2.550735e-06 6.161910e-05
6.000000e+00 -4.500000e+00 9.999711e-01 9.999665e-01 9.999905e-01 9.999610e-01 1.195209e+00 2 0 3.157457e-05 3.944535e-06 2.805102e-05 9.338775e-06 2.410649e-05
5.646447e+00 -3.480847e+00 1.000041e+00 1.000044e+00 1.000000e+00 1.000055e+00 1.195246e+00 2 0 -9.225089e-05 1.461973e-04 -2.823448e-05 5.434425e-06 -1.744318e-04
VARIABLES = "X", "Y", "ro", "u", "v", "pre", "Ma", "PART", "IMEX", "Ux", "Uy", "Vx", "Vy", "Vort" 
ZONE I=2, J=2, DATAPACKING=POINT
6.646447e+00 -3.436928e+00 9.999847e-01 9.999808e-01 9.999970e-01 9.999793e-01 1.195219e+00 2 0 -5.376113e-05 5.424757e-06 -5.951939e-06 -2.198520e-05 -1.137670e-05
6.500000e+00 -2.461940e+00 1.000023e+00 1.000025e+00 9.999718e-01 1.000031e+00 1.195222e+00 2 0 6.018223e-05 8.285569e-05 -2.042354e-05 -3.553960e-05 -1.032792e-04
5.646447e+00 -3.480847e+00 1.000070e+00 1.000084e+00 1.000001e+00 1.000093e+00 1.195266e+00 2 0 -1.804460e-04 -1.272444e-04 -5.804724e-06 1.004201e-04 1.214397e-04
5.500000e+00 -2.461940e+00 9.999225e-01 9.999185e-01 1.000081e+00 9.998993e-01 1.195242e+00 2 0 1.910635e-04 -1.379911e-04 -2.405452e-04 -3.871234e-07 -1.025541e-04
VARIABLES = "X", "Y", "ro", "u", "v", "pre", "Ma", "PART", "IMEX", "Ux", "Uy", "Vx", "Vy", "Vort" 
ZONE I=2, J=2, DATAPACKING=POINT
6.500000e+00 -2.461940e+00 1.000028e+00 1.000033e+00 9.999693e-01 1.000037e+00 1.195225e+00 2 0 -1.757798e-06 3.741499e-05 3.194340e-05 -4.745436e-06 -5.471598e-06
6.646447e+00 -1.436928e+00 1.000064e+00 1.000062e+00 9.999765e-01 1.000085e+00 1.195239e+00 2 0 3.873294e-04 -2.094035e-05 -1.925958e-04 4.042643e-05 -1.716554e-04
5.500000e+00 -2.461940e+00 9.999434e-01 9.999376e-01 1.000058e+00 9.999321e-01 1.195233e+00 2 0 2.658758e-04 -2.615698e-04 -2.866359e-04 7.823499e-05 -2.506609e-05
5.646447e+00 -1.480847e+00 9.996404e-01 9.996276e-01 1.000180e+00 9.994990e-01 1.195198e+00 2 0 6.006985e-04 -5.362368e-04 -2.547296e-04 2.703032e-04 2.815073e-04
VARIABLES = "X", "Y", "ro", "u", "v", "pre", "Ma", "PART", "IMEX", "Ux", "Uy", "Vx", "Vy", "Vort" 
ZONE I=2, J=2, DATAPACKING=POINT
6.646447e+00 -1.436928e+00 1.000069e+00 1.000069e+00 9.999783e-01 1.000093e+00 1.195242e+00 2 0 4.672428e-04 -2.037539e-04 -2.283278e-04 1.339316e-04 -2.457395e-05
7.000000e+00 -3.535534e-01 9.999696e-01 9.999854e-01 1.000044e+00 9.999579e-01 1.195253e+00 2 0 2.066484e-04 -1.739250e-04 -1.345159e-04 1.146748e-04 3.940907e-05
5.646447e+00 -1.480847e+00 9.995830e-01 9.995732e-01 1.000222e+00 9.994134e-01 1.195207e+00 2 0 6.379888e-04 -8.420210e-05 -3.085285e-04 2.148826e-06 -2.243264e-04
6.000000e+00 -5.000000e-01 9.999340e-01 9.998717e-01 9.999885e-01 9.998914e-01 1.195171e+00 2 0 -5.247095e-05 4.779528e-04 4.290804e-04 -5.256305e-04 -4.887240e-05
VARIABLES = "X", "Y", "ro", "u", "v", "pre", "Ma", "PART", "IMEX", "Ux", "Uy", "Vx", "Vy", "Vort" 
ZONE I=2, J=2, DATAPACKING=POINT
8.000000e+00 -8.000000e+00 1.000000e+00 1.000000e+00 1.000000e+00 1.000000e+00 1.195229e+00 2 0 3.305660e-09 4.737818e-09 3.844789e-10 -6.870041e-09 -4.353339e-09
8.353553e+00 -6.862937e+00 1.000000e+00 1.000000e+00 1.000000e+00 1.000000e+00 1.195229e+00 2 0 -1.359781e-08 3.221472e-09 1.160069e-09 1.274651e-08 -2.061404e-09
7.000000e+00 -8.353553e+00 1.000000e+00 1.000000e+00 1.000000e+00 1.000000e+00 1.195229e+00 2 0 1.006391e-08 -1.420514e-08 -5.346643e-09 -1.109249e-08 8.858499e-09
7.353553e+00 -7.243092e+00 1.000000e+00 1.000000e+00 1.000000e+00 1.000000e+00 1.195229e+00 2 0 -2.128170e-08 5.246106e-08 2.073218e-08 -1.622360e-08 -3.172889e-08
VARIABLES = "X", "Y", "ro", "u", "v", "pre", "Ma", "PART", "IMEX", "Ux", "Uy", "Vx", "Vy", "Vort" 
ZONE I=2, J=2, DATAPACKING=POINT
8.353553e+00 -6.862937e+00 1.000000e+00 1.000000e+00 1.000000e+00 1.000000e+00 1.195229e+00 2 0 -6.915741e-09 -1.996506e-08 -3.723242e-08 2.678901e-08 -1.726736e-08
8.500000e+00 -5.808658e+00 1.000000e+00 1.000000e+00 1.000000e+00 1.000000e+00 1.195229e+00 2 0 3.339794e-08 4.400992e-09 3.395203e-08 -8.139856e-08 2.955104e-08
7.353553e+00 -7.243092e+00 1.000000e+00 1.000000e+00 1.000000e+00 1.000000e+00 1.195229e+00 2 0 -3.029575e-08 -3.786618e-08 7.336890e-08 2.365637e-08 1.112351e-07
7.500000e+00 -6.191342e+00 1.000000e+00 1.000000e+00 1.000000e+00 9.999999e-01 1.195229e+00 2 0 9.447993e-08 -9.121596e-08 -2.412081e-07 1.476489e-07 -1.499922e-07
VARIABLES = "X", "Y", "ro", "u", "v", "pre", "Ma", "PART", "IMEX", "Ux", "Uy", "Vx", "Vy", "Vort" 
ZONE I=2, J=2, DATAPACKING=POINT
8.500000e+00 -5.808658e+00 1.000000e+00 1.000000e+00 1.000000e+00 1.000000e+00 1.195229e+00 2 0 -1.022167e-07 -4.998160e-09 8.104536e-08 1.767115e-08 8.604352e-08
8.353553e+00 -4.862937e+00 1.000000e+00 1.000000e+00 1.000000e+00 1.000000e+00 1.195229e+00 2 0 1.814972e-07 7.521005e-09 -1.555628e-07 2.774060e-07 -1.630838e-07
7.500000e+00 -6.191342e+00 1.000000e+00 1.000000e+00 1.000000e+00 1.000000e+00 1.195229e+00 2 0 5.162168e-08 6.560292e-07 -4.176112e-07 -1.145933e-07 -1.073640e-06
7.353553e+00 -5.243092e+00 1.000000e+00 1.000000e+00 9.999997e-01 1.000000e+00 1.195229e+00 2 0 -3.102550e-07 -8.439809e-07 1.396045e-06 -7.729550e-07 2.240026e-06
VARIABLES = "X", "Y", "ro", "u", "v", "pre", "Ma", "PART", "IMEX", "Ux", "Uy", "Vx", "Vy", "Vort" 
ZONE I=2, J=2, DATAPACKING=POINT
8.353553e+00 -4.862937e+00 1.000000e+00 1.000000e+00 1.000000e+00 1.000000e+00 1.195229e+00 2 0 8.721944e-07 1.101277e-06 1.201065e-07 -3.308687e-08 -9.811701e-07
8.000000e+00 -4.000000e+00 1.000000e+00 1.000000e+00 9.999998e-01 1.000000e+00 1.195229e+00 2 0 -1.813508e-06 -1.569519e-06 6.701312e-07 -6.738078e-07 2.239650e-06
7.353553e+00 -5.243092e+00 9.999993e-01 9.999997e-01 9.999994e-01 9.999991e-01 1.195228e+00 2 0 5.415578e-08 -3.381465e-06 1.592809e-06 2.603834e-07 4.974275e-06
7.000000e+00 -4.353553e+00 1.000001e+00 1.000001e+00 1.000001e+00 1.000001e+00 1.195229e+00 2 0 -4.268835e-07 8.320212e-06 -4.523209e-06 2.676130e-06 -1.284342e-05
VARIABLES = "X", "Y", "ro", "u", "v", "pre", "Ma", "PART", "IMEX", "Ux", "Uy", "Vx", "Vy", "Vort" 
ZONE I=2, J=2, DATAPACKING=POINT
8.000000e+00 -4.000000e+00 9.999995e-01 9.999997e-01 9.999996e-01 9.999994e-01 1.195228e+00 2 0 -5.158170e-06 -3.246019e-06 -1.457113e-06 1.562700e-07 1.788906e-06
7.646447e+00 -3.137063e+00 1.000001e+00 1.000001e+00 1.000001e+00 1.000002e+00 1.195230e+00 2 0 3.836599e-06 8.485906e-06 1.356047e-06 1.999183e-06 -7.129859e-06
7.000000e+00 -4.353553e+00 1.000004e+00 1.000004e+00 1.000002e+00 1.000005e+00 1.195231e+00 2 0 -1.463171e-06 3.299854e-06 -3.523151e-06 -1.474275e-06 -6.823005e-06
6.646447e+00 -3.436928e+00 9.999935e-01 9.999935e-01 9.999974e-01 9.999913e-01 1.195224e+00 2 0 1.796636e-05 -2.435921e-05 8.455999e-06 -7.881530e-06 3.281521e-05
VARIABLES = "X", "Y", "ro", "u", "v", "pre", "Ma", "PART", "IMEX", "Ux", "Uy", "Vx", "Vy", "Vort" 
ZONE I=2, J=2, DATAPACKING=POINT
7.646447e+00 -3.137063e+00 1.000002e+00 1.000003e+00 1.000001e+00 1.000003e+00 1.195230e+00 2 0 1.013765e-05 2.404405e-06 6.740954e-06 6.566304e-06 4.336549e-06
7.500000e+00 -2.191342e+00 9.999988e-01 9.999986e-01 1.000006e+00 9.999987e-01 1.195231e+00 2 0 -2.201082e-05 -1.420110e-05 -5.071797e-07 5.451620e-06 1.369392e-05
6.646447e+00 -3.436928e+00 9.999886e-01 9.999858e-01 9.999952e-01 9.999849e-01 1.195219e+00 2 0 2.046560e-05 2.600708e-05 5.649394e-06 -1.508837e-05 -2.035768e-05
6.500000e+00 -2.461940e+00 1.000019e+00 1.000023e+00 9.999851e-01 1.000025e+00 1.195230e+00 2 0 -3.794939e-05 4.033293e-05 4.973112e-05 1.763188e-06 9.398183e-06
VARIABLES = "X", "Y", "ro", "u", "v", "pre", "Ma", "PART", "IMEX", "Ux", "Uy", "Vx", "Vy", "Vort" 
ZONE I=2, J=2, DATAPACKING=POINT
7.500000e+00 -2.191342e+00 9.999976e-01 9.999968e-01 1.000006e+00 9.999971e-01 1.195230e+00 2 0 -1.709703e-05 1.291756e-06 -2.642979e-06 -1.868104e-06 -3.934735e-06
7.646447e+00 -1.137063e+00 9.999964e-01 9.999982e-01 1.000001e+00 9.999959e-01 1.195229e+00 2 0 -1.175810e-04 1.751103e-05 4.416242e-05 -1.515022e-05 2.665138e-05
6.500000e+00 -2.461940e+00 1.000021e+00 1.000023e+00 9.999863e-01 1.000027e+00 1.195231e+00 2 0 -5.972433e-05 5.117785e-05 6.283134e-05 -2.259109e-05 1.165349e-05
6.646447e+00 -1.436928e+00 1.000073e+00 1.000076e+00 9.999719e-01 1.000101e+00 1.195240e+00 2 0 -6.189676e-05 7.805065e-05 2.117955e-05 -1.451154e-05 -5.687110e-05
VARIABLES = "X", "Y", "ro", "u", "v", "pre", "Ma", "PART", "IMEX", "Ux", "Uy", "Vx", "Vy", "Vort" 
ZONE I=2, J=2, DATAPACKING=POINT
7.646447e+00 -1.137063e+00 9.999968e-01 9.999972e-01 9.999987e-01 9.999962e-01 1.195226e+00 2 0 -1.394207e-04 4.944592e-05 4.367329e-05 -2.658182e-05 -5.772627e-06
8.000000e+00 -5.358979e-08 1.000010e+00 1.000008e+00 9.999898e-01 1.000014e+00 1.195225e+00 2 0 -1.814498e-05 1.905791e-05 2.327805e-06 -4.786048e-06 -1.673010e-05
6.646447e+00 -1.436928e+00 1.000077e+00 1.000085e+00 9.999738e-01 1.000109e+00 1.195245e+00 2 0 -3.193333e-05 -4.195349e-05 -1.115842e-06 4.524062e-05 4.083765e-05
7.000000e+00 -3.535534e-01 9.999906e-01 1.000000e+00 1.000019e+00 9.999892e-01 1.195241e+00 2 0 8.642543e-05 -1.336774e-04 -1.095245e-04 7.644245e-05 2.415284e-05
