VARIABLES = "X", "Y", "ro", "u", "v", "pre", "Ma", "PART", "IMEX", "Ux", "Uy", "Vx", "Vy", "Vort" 
ZONE I=2, J=2, DATAPACKING=POINT
-7.000000e+00 -7.646447e+00 1.000000e+00 1.000000e+00 1.000000e+00 1.000000e+00 1.195229e+00 1 0 -2.547965e-08 -3.472166e-08 -7.644831e-08 6.425833e-08 -4.172665e-08
-6.646447e+00 -6.563072e+00 1.000000e+00 1.000000e+00 1.000000e+00 1.000000e+00 1.195229e+00 1 0 7.559841e-09 1.410431e-08 1.443242e-08 1.070170e-08 3.281129e-10
-8.000000e+00 -8.000000e+00 1.000000e+00 1.000000e+00 1.000000e+00 1.000000e+00 1.195229e+00 1 0 2.306826e-08 2.408096e-08 -1.539772e-09 -2.474812e-08 -2.562073e-08
-7.646447e+00 -6.862937e+00 1.000000e+00 1.000000e+00 1.000000e+00 1.000000e+00 1.195229e+00 1 0 7.172612e-09 -6.331895e-08 -1.457971e-08 2.593045e-08 4.873924e-08
VARIABLES = "X", "Y", "ro", "u", "v", "pre", "Ma", "PART", "IMEX", "Ux", "Uy", "Vx", "Vy", "Vort" 
ZONE I=2, J=2, DATAPACKING=POINT
-6.646447e+00 -6.563072e+00 1.000000e+00 1.000000e+00 1.000000e+00 1.000000e+00 1.195229e+00 1 0 2.634325e-08 4.551253e-08 1.464059e-08 5.689802e-09 -3.087194e-08
-6.500000e+00 -5.538060e+00 1.000000e+00 1.000000e+00 1.000000e+00 1.000000e+00 1.195229e+00 1 0 -2.781210e-08 -1.175896e-07 1.312128e-08 -1.411481e-08 1.307109e-07
-7.646447e+00 -6.862937e+00 1.000000e+00 1.000000e+00 1.000000e+00 1.000000e+00 1.195229e+00 1 0 1.003405e-07 -1.802931e-07 -1.952193e-08 -4.279169e-08 1.607711e-07
-7.500000e+00 -5.808658e+00 1.000000e+00 1.000000e+00 1.000000e+00 1.000000e+00 1.195229e+00 1 0 -2.091421e-07 5.100667e-07 6.748733e-08 -1.263437e-08 -4.425794e-07
VARIABLES = "X", "Y", "ro", "u", "v", "pre", "Ma", "PART", "IMEX", "Ux", "Uy", "Vx", "Vy", "Vort" 
ZONE I=2, J=2, DATAPACKING=POINT
-6.500000e+00 -5.538060e+00 9.999999e-01 9.999999e-01 1.000000e+00 9.999999e-01 1.195229e+00 1 0 -1.419467e-07 -1.965755e-07 6.728802e-10 -1.218843e-07 1.972484e-07
-6.646447e+00 -4.563072e+00 1.000000e+00 1.000000e+00 1.000000e+00 1.000000e+00 1.195229e+00 1 0 2.774027e-07 7.098038e-07 -3.805390e-08 1.510944e-07 -7.478577e-07
-7.500000e+00 -5.808658e+00 1.000000e+00 1.000000e+00 1.000000e+00 1.000000e+00 1.195229e+00 1 0 -6.738259e-07 4.511480e-07 -1.091159e-07 4.897072e-07 -5.602639e-07
-7.646447e+00 -4.862937e+00 9.999996e-01 9.999995e-01 1.000000e+00 9.999994e-01 1.195229e+00 1 0 1.443439e-06 -2.488450e-06 -1.753022e-07 -5.486214e-07 2.313147e-06
VARIABLES = "X", "Y", "ro", "u", "v", "pre", "Ma", "PART", "IMEX", "Ux", "Uy", "Vx", "Vy", "Vort" 
ZONE I=2, J=2, DATAPACKING=POINT
-6.646447e+00 -4.563072e+00 1.000000e+00 1.000000e+00 1.000000e+00 1.000000e+00 1.195229e+00 1 0 7.944591e-07 6.879035e-07 1.053056e-07 7.081566e-07 -5.825979e-07
-7.000000e+00 -3.646447e+00 9.999996e-01 9.999995e-01 1.000000e+00 9.999994e-01 1.195229e+00 1 0 -1.083884e-06 -2.993202e-06 -4.800394e-09 -7.994064e-07 2.988402e-06
-7.646447e+00 -4.862937e+00 9.999990e-01 9.999987e-01 9.999998e-01 9.999987e-01 1.195228e+00 1 0 2.568876e-06 1.104463e-06 7.139013e-07 -1.656401e-06 -3.905615e-07
-8.000000e+00 -4.000000e+00 1.000002e+00 1.000002e+00 9.999996e-01 1.000002e+00 1.195229e+00 1 0 -5.903646e-06 6.347785e-06 9.779627e-07 2.427362e-06 -5.369822e-06
VARIABLES = "X", "Y", "ro", "u", "v", "pre", "Ma", "PART", "IMEX", "Ux", "Uy", "Vx", "Vy", "Vort" 
ZONE I=2, J=2, DATAPACKING=POINT
-7.000000e+00 -3.646447e+00 9.999991e-01 9.999988e-01 9.999998e-01 9.999988e-01 1.195228e+00 1 0 -2.624667e-06 -6.277969e-07 -4.222123e-07 -1.812861e-06 2.055846e-07
-7.353553e+00 -2.756908e+00 1.000001e+00 1.000002e+00 9.999999e-01 1.000002e+00 1.195229e+00 1 0 -1.234832e-06 5.443194e-06 2.811967e-07 2.684697e-06 -5.161997e-06
-8.000000e+00 -4.000000e+00 1.000003e+00 1.000004e+00 1.000000e+00 1.000004e+00 1.195230e+00 1 0 -7.086849e-06 -6.187234e-06 -1.148628e-06 2.844797e-06 5.038606e-06
-8.353553e+00 -3.137063e+00 9.999977e-01 9.999972e-01 1.000000e+00 9.999969e-01 1.195228e+00 1 0 1.279024e-05 -5.356322e-06 -1.622006e-06 -4.637528e-06 3.734316e-06
VARIABLES = "X", "Y", "ro", "u", "v", "pre", "Ma", "PART", "IMEX", "Ux", "Uy", "Vx", "Vy", "Vort" 
ZONE I=2, J=2, DATAPACKING=POINT
-7.353553e+00 -2.756908e+00 1.000002e+00 1.000003e+00 1.000001e+00 1.000003e+00 1.195230e+00 1 0 2.769643e-06 -3.810807e-06 1.030863e-06 2.962402e-06 4.841670e-06
-7.500000e+00 -1.808658e+00 9.999972e-01 9.999962e-01 1.000001e+00 9.999961e-01 1.195228e+00 1 0 -2.789287e-06 -8.786648e-06 -7.999563e-06 -2.424963e-06 7.870853e-07
-8.353553e+00 -3.137063e+00 9.999968e-01 9.999967e-01 9.999991e-01 9.999956e-01 1.195227e+00 1 0 1.072287e-05 1.189086e-05 2.082646e-07 2.726242e-06 -1.168259e-05
-8.500000e+00 -2.191342e+00 1.000002e+00 1.000004e+00 1.000004e+00 1.000003e+00 1.195233e+00 1 0 -1.469587e-05 -1.206832e-06 5.434527e-06 7.499822e-06 6.641359e-06
VARIABLES = "X", "Y", "ro", "u", "v", "pre", "Ma", "PART", "IMEX", "Ux", "Uy", "Vx", "Vy", "Vort" 
ZONE I=2, J=2, DATAPACKING=POINT
-7.500000e+00 -1.808658e+00 9.999967e-01 9.999959e-01 1.000001e+00 9.999956e-01 1.195227e+00 1 0 -7.202274e-06 -5.591506e-06 -9.969113e-06 3.335232e-06 -4.377607e-06
-7.353553e+00 -7.569078e-01 9.999913e-01 9.999898e-01 1.000003e+00 9.999875e-01 1.195226e+00 1 0 -1.909369e-05 -2.531655e-06 -1.153857e-05 1.610158e-06 -9.006911e-06
-8.500000e+00 -2.191342e+00 1.000001e+00 1.000001e+00 1.000004e+00 1.000001e+00 1.195231e+00 1 0 -1.792121e-05 3.056333e-05 1.154588e-05 -1.586156e-05 -1.901745e-05
-8.353553e+00 -1.137063e+00 1.000034e+00 1.000039e+00 9.999877e-01 1.000049e+00 1.195236e+00 1 0 -1.103316e-04 5.808606e-05 5.444221e-05 -2.583618e-05 -3.643846e-06
VARIABLES = "X", "Y", "ro", "u", "v", "pre", "Ma", "PART", "IMEX", "Ux", "Uy", "Vx", "Vy", "Vort" 
ZONE I=2, J=2, DATAPACKING=POINT
-7.353553e+00 -7.569078e-01 9.999910e-01 9.999899e-01 1.000002e+00 9.999870e-01 1.195226e+00 1 0 -1.608134e-05 1.356579e-05 -5.965365e-06 -5.967033e-08 -1.953115e-05
-7.000000e+00 3.535534e-01 9.999963e-01 1.000001e+00 1.000004e+00 9.999945e-01 1.195233e+00 1 0 -3.969174e-05 2.598500e-05 6.107359e-05 -1.105215e-05 3.508858e-05
-8.353553e+00 -1.137063e+00 1.000037e+00 1.000041e+00 9.999863e-01 1.000053e+00 1.195235e+00 1 0 -1.062162e-04 1.611850e-05 4.338830e-05 -1.654467e-05 2.726979e-05
-8.000000e+00 5.358979e-08 1.000017e+00 1.000016e+00 9.999863e-01 1.000025e+00 1.195226e+00 1 0 1.231477e-05 -2.904120e-05 -1.594984e-05 7.305352e-06 1.309136e-05
VARIABLES = "X", "Y", "ro", "u", "v", "pre", "Ma", "PART", "IMEX", "Ux", "Uy", "Vx", "Vy", "Vort" 
ZONE I=2, J=2, DATAPACKING=POINT
-6.000000e+00 -7.500000e+00 1.000000e+00 1.000000e+00 1.000000e+00 1.000000e+00 1.195229e+00 1 0 1.506131e-07 9.798475e-08 2.297889e-07 -2.259802e-07 1.318041e-07
-5.646447e+00 -6.519153e+00 1.000000e+00 1.000000e+00 1.000000e+00 1.000000e+00 1.195229e+00 1 0 -2.730750e-08 -1.465328e-08 -6.930614e-08 -1.077720e-07 -5.465285e-08
-7.000000e+00 -7.646447e+00 1.000000e+00 1.000000e+00 1.000000e+00 1.000000e+00 1.195229e+00 1 0 -1.381628e-07 2.890913e-08 9.034103e-08 4.313409e-08 6.143190e-08
-6.646447e+00 -6.563072e+00 1.000000e+00 1.000000e+00 1.000000e+00 1.000000e+00 1.195229e+00 1 0 3.680820e-08 2.795306e-08 1.013300e-09 2.676402e-08 -2.693976e-08
VARIABLES = "X", "Y", "ro", "u", "v", "pre", "Ma", "PART", "IMEX", "Ux", "Uy", "Vx", "Vy", "Vort" 
ZONE I=2, J=2, DATAPACKING=POINT
-5.646447e+00 -6.519153e+00 1.000000e+00 1.000000e+00 1.000000e+00 1.000000e+00 1.195229e+00 1 0 -7.170111e-08 -3.545880e-08 -9.874183e-08 3.571127e-09 -6.328303e-08
-5.500000e+00 -5.538060e+00 1.000000e+00 1.000000e+00 1.000000e+00 1.000000e+00 1.195229e+00 1 0 3.914634e-08 6.258294e-08 5.448762e-08 8.785019e-08 -8.095319e-09
-6.646447e+00 -6.563072e+00 1.000000e+00 1.000000e+00 1.000000e+00 1.000000e+00 1.195229e+00 1 0 2.840988e-08 3.658547e-08 1.892172e-09 1.412343e-09 -3.469330e-08
-6.500000e+00 -5.538060e+00 1.000000e+00 1.000000e+00 1.000000e+00 1.000000e+00 1.195229e+00 1 0 6.420651e-09 -1.252341e-07 -2.537161e-08 -4.225840e-08 9.986251e-08
VARIABLES = "X", "Y", "ro", "u", "v", "pre", "Ma", "PART", "IMEX", "Ux", "Uy", "Vx", "Vy", "Vort" 
ZONE I=2, J=2, DATAPACKING=POINT
-5.500000e+00 -5.538060e+00 1.000000e+00 1.000000e+00 1.000000e+00 1.000000e+00 1.195229e+00 1 0 1.732739e-07 1.026865e-07 1.818285e-07 8.707897e-08 7.914203e-08
-5.646447e+00 -4.519153e+00 9.999999e-01 1.000000e+00 1.000000e+00 9.999999e-01 1.195229e+00 1 0 -2.894522e-07 -3.590927e-07 -2.395337e-07 -2.681574e-07 1.195590e-07
-6.500000e+00 -5.538060e+00 9.999999e-01 9.999999e-01 1.000000e+00 9.999999e-01 1.195229e+00 1 0 5.617511e-08 -1.442546e-07 -4.039709e-08 -9.414900e-08 1.038575e-07
-6.646447e+00 -4.563072e+00 1.000000e+00 1.000000e+00 1.000000e+00 1.000000e+00 1.195229e+00 1 0 -8.409615e-08 6.428616e-07 1.051614e-07 2.519025e-07 -5.377001e-07
VARIABLES = "X", "Y", "ro", "u", "v", "pre", "Ma", "PART", "IMEX", "Ux", "Uy", "Vx", "Vy", "Vort" 
ZONE I=2, J=2, DATAPACKING=POINT
-5.646447e+00 -4.519153e+00 9.999998e-01 9.999998e-01 9.999999e-01 9.999997e-01 1.195228e+00 1 0 -8.963772e-07 -6.227879e-07 -6.623251e-07 -4.409534e-07 -3.953717e-08
-6.000000e+00 -3.500000e+00 1.000000e+00 1.000000e+00 1.000000e+00 1.000000e+00 1.195229e+00 1 0 1.368410e-06 1.910312e-06 5.916347e-07 8.778800e-07 -1.318677e-06
-6.646447e+00 -4.563072e+00 1.000000e+00 1.000000e+00 1.000000e+00 1.000000e+00 1.195229e+00 1 0 -2.816101e-07 1.905211e-07 7.422411e-08 4.541346e-07 -1.162970e-07
-7.000000e+00 -3.646447e+00 9.999995e-01 9.999995e-01 1.000000e+00 9.999993e-01 1.195228e+00 1 0 5.138424e-07 -2.354737e-06 -3.695387e-07 -1.045251e-06 1.985198e-06
VARIABLES = "X", "Y", "ro", "u", "v", "pre", "Ma", "PART", "IMEX", "Ux", "Uy", "Vx", "Vy", "Vort" 
ZONE I=2, J=2, DATAPACKING=POINT
-6.000000e+00 -3.500000e+00 1.000001e+00 1.000001e+00 1.000000e+00 1.000001e+00 1.195229e+00 1 0 3.775183e-06 2.479554e-06 1.515609e-06 1.290630e-06 -9.639455e-07
-6.353553e+00 -2.519153e+00 9.999990e-01 9.999990e-01 9.999999e-01 9.999986e-01 1.195228e+00 1 0 -3.374743e-06 -7.035060e-06 -9.485560e-07 -2.175606e-06 6.086504e-06
-7.000000e+00 -3.646447e+00 9.999990e-01 9.999988e-01 9.999997e-01 9.999986e-01 1.195228e+00 1 0 6.890094e-07 -8.446319e-08 6.327632e-08 -1.142821e-06 1.477395e-07
-7.353553e+00 -2.756908e+00 1.000001e+00 1.000001e+00 1.000000e+00 1.000002e+00 1.195229e+00 1 0 -2.431290e-06 5.654733e-06 1.547584e-07 2.761249e-06 -5.499975e-06
VARIABLES = "X", "Y", "ro", "u", "v", "pre", "Ma", "PART", "IMEX", "Ux", "Uy", "Vx", "Vy", "Vort" 
ZONE I=2, J=2, DATAPACKING=POINT
-6.353553e+00 -2.519153e+00 9.999981e-01 9.999972e-01 9.999993e-01 9.999973e-01 1.195227e+00 1 0 -1.441011e-05 -3.298071e-06 -1.837533e-06 -4.027930e-06 1.460538e-06
-6.500000e+00 -1.538060e+00 1.000004e+00 1.000004e+00 9.999979e-01 1.000005e+00 1.195229e+00 1 0 2.299048e-05 2.216071e-05 -9.464365e-06 -7.277655e-08 -3.162507e-05
-7.353553e+00 -2.756908e+00 1.000002e+00 1.000003e+00 1.000001e+00 1.000003e+00 1.195230e+00 1 0 4.772352e-07 -2.612630e-06 -1.402709e-06 2.368172e-06 1.209921e-06
-7.500000e+00 -1.808658e+00 9.999959e-01 9.999948e-01 1.000001e+00 9.999942e-01 1.195227e+00 1 0 1.449122e-06 -1.477482e-05 3.840920e-07 -2.466718e-06 1.515892e-05
VARIABLES = "X", "Y", "ro", "u", "v", "pre", "Ma", "PART", "IMEX", "Ux", "Uy", "Vx", "Vy", "Vort" 
ZONE I=2, J=2, DATAPACKING=POINT
-6.500000e+00 -1.538060e+00 1.000005e+00 1.000009e+00 9.999990e-01 1.000006e+00 1.195232e+00 1 0 5.989677e-05 -8.535234e-06 -1.605817e-05 1.572276e-05 -7.522933e-06
-6.353553e+00 -5.191530e-01 9.999895e-01 9.999943e-01 1.000012e+00 9.999854e-01 1.195235e+00 1 0 -3.491788e-05 -2.488092e-05 8.341585e-05 2.797081e-06 1.082968e-04
-7.500000e+00 -1.808658e+00 9.999953e-01 9.999923e-01 1.000000e+00 9.999934e-01 1.195225e+00 1 0 -7.313101e-06 -3.646288e-06 4.465668e-06 -6.358153e-06 8.111956e-06
-7.353553e+00 -7.569078e-01 9.999980e-01 9.999959e-01 9.999953e-01 9.999970e-01 1.195224e+00 1 0 2.437470e-05 9.088110e-06 -2.675595e-05 -7.900221e-07 -3.584406e-05
VARIABLES = "X", "Y", "ro", "u", "v", "pre", "Ma", "PART", "IMEX", "Ux", "Uy", "Vx", "Vy", "Vort" 
ZONE I=2, J=2, DATAPACKING=POINT
-6.353553e+00 -5.191530e-01 9.999885e-01 9.999888e-01 1.000014e+00 9.999843e-01 1.195233e+00 1 0 -8.547491e-05 3.165826e-05 1.341024e-04 -7.017163e-05 1.024441e-04
-6.000000e+00 5.000000e-01 1.000019e+00 9.999880e-01 9.999714e-01 1.000027e+00 1.195200e+00 1 0 -1.846053e-05 -1.591592e-05 -1.794290e-04 -9.094657e-06 -1.635131e-04
-7.353553e+00 -7.569078e-01 9.999977e-01 9.999995e-01 9.999949e-01 9.999964e-01 1.195226e+00 1 0 3.763604e-05 -1.306731e-05 -4.351029e-05 2.938248e-05 -3.044298e-05
-7.000000e+00 3.535534e-01 9.999886e-01 9.999968e-01 1.000020e+00 9.999841e-01 1.195241e+00 1 0 -1.022772e-05 5.743526e-06 3.151853e-05 2.523018e-05 2.577500e-05
VARIABLES = "X", "Y", "ro", "u", "v", "pre", "Ma", "PART", "IMEX", "Ux", "Uy", "Vx", "Vy", "Vort" 
ZONE I=2, J=2, DATAPACKING=POINT
-5.000000e+00 -7.646447e+00 9.999998e-01 1.000000e+00 9.999997e-01 9.999997e-01 1.195229e+00 1 0 -3.855284e-07 -3.900938e-07 -1.848810e-07 6.207980e-07 2.052128e-07
-4.646447e+00 -6.756908e+00 1.000000e+00 9.999999e-01 1.000000e+00 1.000000e+00 1.195229e+00 1 0 6.045597e-08 7.623024e-08 2.889474e-07 3.150781e-07 2.127171e-07
-6.000000e+00 -7.500000e+00 1.000000e+00 1.000000e+00 1.000000e+00 1.000000e+00 1.195229e+00 1 0 2.992730e-07 -6.198688e-08 -5.179588e-07 -5.592448e-08 -4.559720e-07
-5.646447e+00 -6.519153e+00 1.000000e+00 1.000000e+00 1.000000e+00 1.000000e+00 1.195229e+00 1 0 -1.439660e-07 -8.624157e-08 -3.320318e-08 -1.390541e-07 5.303839e-08
VARIABLES = "X", "Y", "ro", "u", "v", "pre", "Ma", "PART", "IMEX", "Ux", "Uy", "Vx", "Vy", "Vort" 
ZONE I=2, J=2, DATAPACKING=POINT
-4.646447e+00 -6.756908e+00 1.000000e+00 1.000000e+00 1.000000e+00 1.000000e+00 1.195229e+00 1 0 1.826179e-07 1.220848e-07 2.642420e-07 1.230943e-08 1.421573e-07
-4.500000e+00 -5.808658e+00 1.000000e+00 1.000000e+00 1.000000e+00 1.000000e+00 1.195229e+00 1 0 -1.046079e-07 -1.101472e-07 -2.534936e-07 -2.916779e-07 -1.433464e-07
-5.646447e+00 -6.519153e+00 1.000000e+00 1.000000e+00 9.999999e-01 9.999999e-01 1.195229e+00 1 0 -1.205022e-07 -4.235261e-08 3.221060e-08 -2.792315e-08 7.456321e-08
-5.500000e+00 -5.538060e+00 1.000000e+00 1.000000e+00 1.000000e+00 1.000000e+00 1.195229e+00 1 0 7.415499e-08 1.744343e-07 1.023426e-07 2.145775e-07 -7.209167e-08
VARIABLES = "X", "Y", "ro", "u", "v", "pre", "Ma", "PART", "IMEX", "Ux", "Uy", "Vx", "Vy", "Vort" 
ZONE I=2, J=2, DATAPACKING=POINT
-4.500000e+00 -5.808658e+00 9.999999e-01 9.999999e-01 9.999999e-01 9.999999e-01 1.195229e+00 1 0 -4.350935e-07 -2.698462e-07 -6.535812e-07 -2.796802e-07 -3.837350e-07
-4.646447e+00 -4.756908e+00 1.000000e+00 1.000000e+00 1.000000e+00 1.000000e+00 1.195229e+00 1 0 8.386387e-07 8.340087e-07 9.959358e-07 9.701077e-07 1.619270e-07
-5.500000e+00 -5.538060e+00 1.000000e+00 1.000000e+00 1.000000e+00 1.000000e+00 1.195229e+00 1 0 1.110063e-07 2.201749e-07 1.265528e-07 1.606584e-07 -9.362210e-08
-5.646447e+00 -4.519153e+00 9.999999e-01 9.999999e-01 9.999999e-01 9.999998e-01 1.195229e+00 1 0 -2.982358e-07 -8.515281e-07 -3.098304e-07 -7.353672e-07 5.416976e-07
VARIABLES = "X", "Y", "ro", "u", "v", "pre", "Ma", "PART", "IMEX", "Ux", "Uy", "Vx", "Vy", "Vort" 
ZONE I=2, J=2, DATAPACKING=POINT
-4.646447e+00 -4.756908e+00 1.000000e+00 1.000000e+00 1.000000e+00 1.000001e+00 1.195229e+00 1 0 2.620326e-06 1.642089e-06 2.360580e-06 1.076404e-06 7.184917e-07
-5.000000e+00 -3.646447e+00 9.999994e-01 9.999993e-01 9.999996e-01 9.999992e-01 1.195228e+00 1 0 -5.071007e-06 -5.212795e-06 -2.516144e-06 -2.920491e-06 2.696651e-06
-5.646447e+00 -4.519153e+00 9.999996e-01 9.999996e-01 9.999997e-01 9.999995e-01 1.195228e+00 1 0 -5.546382e-07 -9.518144e-07 -4.268170e-07 -4.173410e-07 5.249973e-07
-6.000000e+00 -3.500000e+00 1.000001e+00 1.000001e+00 1.000000e+00 1.000001e+00 1.195229e+00 1 0 1.587688e-06 4.278447e-06 6.911157e-07 2.029308e-06 -3.587332e-06
VARIABLES = "X", "Y", "ro", "u", "v", "pre", "Ma", "PART", "IMEX", "Ux", "Uy", "Vx", "Vy", "Vort" 
ZONE I=2, J=2, DATAPACKING=POINT
-5.000000e+00 -3.646447e+00 9.999984e-01 9.999980e-01 9.999990e-01 9.999976e-01 1.195227e+00 1 0 -1.390451e-05 -8.898617e-06 -5.545744e-06 -1.508737e-06 3.352873e-06
-5.353553e+00 -2.563072e+00 1.000002e+00 1.000003e+00 1.000001e+00 1.000003e+00 1.195230e+00 1 0 1.959619e-05 2.390520e-05 5.943654e-06 5.253731e-06 -1.796155e-05
-6.000000e+00 -3.500000e+00 1.000001e+00 1.000002e+00 1.000001e+00 1.000002e+00 1.195230e+00 1 0 3.143715e-06 4.467121e-06 8.847715e-07 4.484462e-07 -3.582350e-06
-6.353553e+00 -2.519153e+00 9.999983e-01 9.999975e-01 9.999994e-01 9.999975e-01 1.195227e+00 1 0 -5.325909e-06 -1.785274e-05 -1.626116e-06 -3.676746e-06 1.622663e-05
VARIABLES = "X", "Y", "ro", "u", "v", "pre", "Ma", "PART", "IMEX", "Ux", "Uy", "Vx", "Vy", "Vort" 
ZONE I=2, J=2, DATAPACKING=POINT
-5.353553e+00 -2.563072e+00 1.000005e+00 1.000009e+00 1.000001e+00 1.000007e+00 1.195234e+00 1 0 5.952758e-05 1.553966e-05 4.934490e-06 4.194704e-06 -1.060517e-05
-5.500000e+00 -1.538060e+00 9.999887e-01 9.999833e-01 1.000007e+00 9.999840e-01 1.195226e+00 1 0 -1.126352e-04 -8.665088e-05 5.211089e-05 1.874575e-05 1.387618e-04
-6.353553e+00 -2.519153e+00 9.999957e-01 9.999924e-01 9.999988e-01 9.999937e-01 1.195225e+00 1 0 -1.255147e-05 -5.346027e-06 6.333417e-07 -4.248852e-06 5.979369e-06
-6.500000e+00 -1.538060e+00 1.000009e+00 1.000013e+00 9.999945e-01 1.000013e+00 1.195231e+00 1 0 2.656564e-05 5.927300e-05 -1.289936e-05 -8.018904e-06 -7.217236e-05
VARIABLES = "X", "Y", "ro", "u", "v", "pre", "Ma", "PART", "IMEX", "Ux", "Uy", "Vx", "Vy", "Vort" 
ZONE I=2, J=2, DATAPACKING=POINT
-5.500000e+00 -1.538060e+00 9.999834e-01 9.999633e-01 1.000010e+00 9.999766e-01 1.195217e+00 1 0 -2.297861e-04 3.367575e-05 1.080734e-04 -5.560867e-05 7.439769e-05
-5.353553e+00 -5.630719e-01 1.000053e+00 1.000018e+00 9.999363e-01 1.000073e+00 1.195189e+00 1 0 1.647995e-04 8.374844e-05 -4.470592e-04 -7.210568e-05 -5.308076e-04
-6.500000e+00 -1.538060e+00 1.000013e+00 1.000028e+00 9.999933e-01 1.000019e+00 1.195238e+00 1 0 4.302426e-05 -9.896368e-06 -3.505767e-05 3.416889e-05 -2.516130e-05
-6.353553e+00 -5.191530e-01 9.999696e-01 9.999778e-01 1.000042e+00 9.999580e-01 1.195247e+00 1 0 -4.597778e-05 -9.116095e-05 1.040333e-04 6.567556e-05 1.951943e-04
VARIABLES = "X", "Y", "ro", "u", "v", "pre", "Ma", "PART", "IMEX", "Ux", "Uy", "Vx", "Vy", "Vort" 
ZONE I=2, J=2, DATAPACKING=POINT
-5.353553e+00 -5.630719e-01 1.000070e+00 1.000034e+00 9.999071e-01 1.000095e+00 1.195178e+00 1 0 2.718373e-04 -1.139267e-04 -7.510138e-04 3.354021e-04 -6.370871e-04
-5.000000e+00 3.535534e-01 9.999282e-01 1.000100e+00 1.000124e+00 9.999049e-01 1.195377e+00 1 0 3.396475e-04 1.511433e-04 8.393726e-04 1.860936e-04 6.882293e-04
-6.353553e+00 -5.191530e-01 9.999634e-01 9.999598e-01 1.000059e+00 9.999501e-01 1.195248e+00 1 0 -6.066888e-05 4.561472e-05 1.880910e-04 -1.219442e-04 1.424762e-04
-6.000000e+00 5.000000e-01 1.000029e+00 9.999800e-01 9.999135e-01 1.000038e+00 1.195160e+00 1 0 1.314497e-05 -3.586696e-05 -1.790344e-04 -2.077767e-04 -1.431675e-04
VARIABLES = "X", "Y", "ro", "u", "v", "pre", "Ma", "PART", "IMEX", "Ux", "Uy", "Vx", "Vy", "Vort" 
ZONE I=2, J=2, DATAPACKING=POINT
-4.000000e+00 -8.000000e+00 1.000000e+00 9.999999e-01 1.000000e+00 1.000000e+00 1.195229e+00 1 0 -1.829542e-07 1.261957e-06 -2.288299e-06 -1.017063e-06 -3.550256e-06
-3.646447e+00 -7.137063e+00 9.999999e-01 1.000000e+00 9.999998e-01 9.999998e-01 1.195229e+00 1 0 -4.176365e-09 -2.929455e-07 -4.131599e-07 3.744013e-07 -1.202144e-07
-5.000000e+00 -7.646447e+00 9.999999e-01 9.999999e-01 9.999998e-01 9.999998e-01 1.195228e+00 1 0 -3.048551e-08 -2.346602e-07 1.842643e-06 2.592775e-08 2.077303e-06
-4.646447e+00 -6.756908e+00 1.000000e+00 1.000000e+00 1.000000e+00 1.000000e+00 1.195229e+00 1 0 2.909260e-07 1.620349e-07 -5.976627e-08 2.454058e-07 -2.218012e-07
VARIABLES = "X", "Y", "ro", "u", "v", "pre", "Ma", "PART", "IMEX", "Ux", "Uy", "Vx", "Vy", "Vort" 
ZONE I=2, J=2, DATAPACKING=POINT
-3.646447e+00 -7.137063e+00 9.999999e-01 1.000000e+00 9.999998e-01 9.999999e-01 1.195229e+00 1 0 -1.690162e-07 -2.741257e-07 -1.749905e-07 2.574538e-07 9.913522e-08
-3.500000e+00 -6.191342e+00 1.000000e+00 1.000000e+00 1.000000e+00 1.000000e+00 1.195229e+00 1 0 8.163777e-08 1.027984e-07 6.072014e-07 4.780522e-07 5.044030e-07
-4.646447e+00 -6.756908e+00 1.000000e+00 1.000000e+00 1.000000e+00 1.000000e+00 1.195229e+00 1 0 2.311406e-07 1.383758e-07 -2.118777e-07 8.543746e-08 -3.502535e-07
-4.500000e+00 -5.808658e+00 9.999999e-01 1.000000e+00 9.999999e-01 9.999999e-01 1.195229e+00 1 0 -1.889857e-07 -3.599345e-07 -2.810486e-07 -6.249887e-07 7.888591e-08
VARIABLES = "X", "Y", "ro", "u", "v", "pre", "Ma", "PART", "IMEX", "Ux", "Uy", "Vx", "Vy", "Vort" 
ZONE I=2, J=2, DATAPACKING=POINT
-3.500000e+00 -6.191342e+00 1.000000e+00 1.000000e+00 1.000000e+00 1.000000e+00 1.195229e+00 1 0 6.892318e-07 6.372497e-07 1.378315e-06 5.605517e-07 7.410656e-07
-3.646447e+00 -5.137063e+00 9.999998e-01 9.999998e-01 9.999997e-01 9.999996e-01 1.195228e+00 1 0 -1.771478e-06 -1.799332e-06 -2.273657e-06 -2.267690e-06 -4.743245e-07
-4.500000e+00 -5.808658e+00 9.999998e-01 9.999998e-01 9.999997e-01 9.999997e-01 1.195228e+00 1 0 -2.926193e-07 -6.083761e-07 -1.902376e-07 -4.340962e-07 4.181385e-07
-4.646447e+00 -4.756908e+00 1.000000e+00 1.000000e+00 1.000000e+00 1.000000e+00 1.195229e+00 1 0 9.150185e-07 2.123208e-06 8.165382e-07 2.157562e-06 -1.306669e-06
VARIABLES = "X", "Y", "ro", "u", "v", "pre", "Ma", "PART", "IMEX", "Ux", "Uy", "Vx", "Vy", "Vort" 
ZONE I=2, J=2, DATAPACKING=POINT
-3.646447e+00 -5.137063e+00 9.999994e-01 9.999992e-01 9.999990e-01 9.999989e-01 1.195228e+00 1 0 -6.368073e-06 -4.595025e-06 -5.261221e-06 -2.699670e-06 -6.661960e-07
-4.000000e+00 -4.000000e+00 1.000001e+00 1.000002e+00 1.000001e+00 1.000002e+00 1.195230e+00 1 0 1.687464e-05 1.600042e-05 4.554547e-06 6.639360e-06 -1.144587e-05
-4.646447e+00 -4.756908e+00 1.000001e+00 1.000001e+00 1.000001e+00 1.000001e+00 1.195230e+00 1 0 1.594610e-06 2.988633e-06 4.216490e-07 9.874121e-07 -2.566984e-06
-5.000000e+00 -3.646447e+00 9.999986e-01 9.999981e-01 9.999990e-01 9.999979e-01 1.195227e+00 1 0 -6.393068e-06 -1.292567e-05 -1.197430e-06 -5.640242e-06 1.172824e-05
VARIABLES = "X", "Y", "ro", "u", "v", "pre", "Ma", "PART", "IMEX", "Ux", "Uy", "Vx", "Vy", "Vort" 
ZONE I=2, J=2, DATAPACKING=POINT
-4.000000e+00 -4.000000e+00 1.000003e+00 1.000006e+00 1.000003e+00 1.000004e+00 1.195233e+00 1 0 4.522645e-05 2.922362e-05 8.214276e-06 3.093838e-07 -2.100934e-05
-4.353553e+00 -2.862937e+00 9.999981e-01 9.999904e-01 9.999964e-01 9.999964e-01 1.195222e+00 1 0 -8.040297e-05 -8.493876e-05 -1.529521e-05 -1.203813e-05 6.964355e-05
-5.000000e+00 -3.646447e+00 9.999967e-01 9.999939e-01 9.999974e-01 9.999947e-01 1.195225e+00 1 0 -1.079215e-05 -1.595300e-05 2.469380e-06 3.370169e-06 1.842238e-05
-5.353553e+00 -2.563072e+00 1.000003e+00 1.000009e+00 1.000003e+00 1.000005e+00 1.195234e+00 1 0 2.896601e-05 6.290292e-05 7.024088e-07 5.472266e-06 -6.220051e-05
VARIABLES = "X", "Y", "ro", "u", "v", "pre", "Ma", "PART", "IMEX", "Ux", "Uy", "Vx", "Vy", "Vort" 
ZONE I=2, J=2, DATAPACKING=POINT
-4.353553e+00 -2.862937e+00 9.999930e-01 9.999665e-01 9.999962e-01 9.999884e-01 1.195209e+00 1 0 -2.041038e-04 -4.479033e-05 1.011503e-05 -1.914538e-06 5.490536e-05
-4.500000e+00 -1.808658e+00 1.000033e+00 1.000068e+00 9.999654e-01 1.000047e+00 1.195240e+00 1 0 4.907361e-04 3.200527e-04 -3.217364e-04 -1.259001e-04 -6.417891e-04
-5.353553e+00 -2.563072e+00 1.000010e+00 1.000028e+00 1.000002e+00 1.000015e+00 1.195244e+00 1 0 3.818459e-05 1.854547e-05 -1.523080e-05 -7.128393e-06 -3.377628e-05
-5.500000e+00 -1.538060e+00 9.999730e-01 9.999465e-01 1.000025e+00 9.999616e-01 1.195219e+00 1 0 -1.417205e-04 -2.277639e-04 1.091082e-04 9.085331e-05 3.368722e-04
VARIABLES = "X", "Y", "ro", "u", "v", "pre", "Ma", "PART", "IMEX", "Ux", "Uy", "Vx", "Vy", "Vort" 
ZONE I=2, J=2, DATAPACKING=POINT
-4.500000e+00 -1.808658e+00 1.000049e+00 1.000138e+00 9.999380e-01 1.000067e+00 1.195263e+00 1 0 7.432142e-04 -1.494091e-04 -6.056662e-04 1.912071e-04 -4.562571e-04
-4.353553e+00 -8.629373e-01 9.997677e-01 9.999794e-01 1.000295e+00 9.996847e-01 1.195442e+00 1 0 -4.270619e-04 -1.443143e-04 2.469855e-03 4.657569e-04 2.614170e-03
-5.500000e+00 -1.538060e+00 9.999557e-01 9.998906e-01 1.000052e+00 9.999382e-01 1.195205e+00 1 0 -1.154198e-04 3.210480e-05 1.881482e-04 -9.432675e-05 1.560434e-04
-5.353553e+00 -5.630719e-01 1.000134e+00 1.000070e+00 9.997827e-01 1.000183e+00 1.195112e+00 1 0 2.244286e-04 3.186619e-04 -7.500751e-04 -4.988350e-04 -1.068737e-03
VARIABLES = "X", "Y", "ro", "u", "v", "pre", "Ma", "PART", "IMEX", "Ux", "Uy", "Vx", "Vy", "Vort" 
ZONE I=2, J=2, DATAPACKING=POINT
-4.353553e+00 -8.629373e-01 9.996290e-01 9.999942e-01 1.000503e+00 9.995058e-01 1.195600e+00 1 0 -6.046104e-04 4.734243e-05 3.685585e-03 -1.575165e-03 3.638242e-03
-4.000000e+00 -2.679490e-08 1.000463e+00 9.992335e-01 9.993996e-01 1.000598e+00 1.194332e+00 1 0 -2.587325e-03 -1.112048e-03 -3.698485e-03 -1.425542e-03 -2.586437e-03
-5.353553e+00 -5.630719e-01 1.000189e+00 1.000125e+00 9.996310e-01 1.000252e+00 1.195045e+00 1 0 1.998698e-04 -1.340377e-04 -9.533801e-04 4.900111e-04 -8.193424e-04
-5.000000e+00 3.535534e-01 9.999165e-01 1.000194e+00 1.000394e+00 9.999099e-01 1.195584e+00 1 0 -5.168451e-05 5.100308e-04 9.516849e-04 1.412736e-03 4.416540e-04
VARIABLES = "X", "Y", "ro", "u", "v", "pre", "Ma", "PART", "IMEX", "Ux", "Uy", "Vx", "Vy", "Vort" 
ZONE I=2, J=2, DATAPACKING=POINT
-3.000000e+00 -8.353553e+00 1.000002e+00 9.999992e-01 1.000001e+00 1.000003e+00 1.195228e+00 1 0 5.102940e-06 -4.960401e-06 1.426908e-05 -3.020321e-07 1.922948e-05
-2.646447e+00 -7.436928e+00 1.000001e+00 9.999994e-01 1.000001e+00 1.000001e+00 1.195229e+00 1 0 -1.752017e-06 2.872771e-06 -1.189721e-06 -3.722290e-06 -4.062492e-06
-4.000000e+00 -8.000000e+00 9.999992e-01 9.999995e-01 9.999991e-01 9.999989e-01 1.195228e+00 1 0 -3.751293e-06 2.674242e-06 -5.628056e-06 4.966439e-07 -8.302297e-06
-3.646447e+00 -7.137063e+00 9.999999e-01 1.000000e+00 9.999997e-01 9.999999e-01 1.195229e+00 1 0 2.736396e-07 1.867499e-07 2.363183e-06 1.230352e-06 2.176433e-06
VARIABLES = "X", "Y", "ro", "u", "v", "pre", "Ma", "PART", "IMEX", "Ux", "Uy", "Vx", "Vy", "Vort" 
ZONE I=2, J=2, DATAPACKING=POINT
-2.646447e+00 -7.436928e+00 1.000000e+00 9.999996e-01 1.000000e+00 1.000000e+00 1.195229e+00 1 0 -1.612386e-06 1.062249e-06 -2.286502e-06 -1.368371e-06 -3.348751e-06
-2.500000e+00 -6.461940e+00 9.999997e-01 1.000000e+00 9.999997e-01 9.999996e-01 1.195229e+00 1 0 1.462678e-06 1.535552e-06 2.913293e-07 -8.127350e-07 -1.244223e-06
-3.646447e+00 -7.137063e+00 1.000000e+00 1.000000e+00 9.999999e-01 1.000000e+00 1.195229e+00 1 0 1.687686e-07 -4.026822e-07 1.998262e-06 9.732167e-08 2.400944e-06
-3.500000e+00 -6.191342e+00 1.000000e+00 1.000000e+00 1.000000e+00 1.000000e+00 1.195229e+00 1 0 2.538648e-07 2.614055e-07 -6.303637e-07 8.874266e-07 -8.917692e-07
VARIABLES = "X", "Y", "ro", "u", "v", "pre", "Ma", "PART", "IMEX", "Ux", "Uy", "Vx", "Vy", "Vort" 
ZONE I=2, J=2, DATAPACKING=POINT
-2.500000e+00 -6.461940e+00 9.999995e-01 1.000001e+00 9.999994e-01 9.999992e-01 1.195229e+00 1 0 1.687904e-06 1.220180e-06 1.206772e-06 -9.029212e-07 -1.340827e-08
-2.646447e+00 -5.436928e+00 1.000001e+00 9.999989e-01 1.000001e+00 1.000001e+00 1.195228e+00 1 0 -2.085676e-06 -6.891434e-06 -2.261063e-06 4.337441e-06 4.630371e-06
-3.500000e+00 -6.191342e+00 1.000000e+00 1.000000e+00 1.000000e+00 1.000000e+00 1.195229e+00 1 0 1.204312e-06 1.364005e-06 -1.801261e-06 4.601671e-07 -3.165266e-06
-3.646447e+00 -5.137063e+00 9.999995e-01 9.999996e-01 9.999994e-01 9.999991e-01 1.195228e+00 1 0 -2.537368e-06 -3.896038e-06 2.021552e-06 -3.373013e-06 5.917590e-06
VARIABLES = "X", "Y", "ro", "u", "v", "pre", "Ma", "PART", "IMEX", "Ux", "Uy", "Vx", "Vy", "Vort" 
ZONE I=2, J=2, DATAPACKING=POINT
-2.646447e+00 -5.436928e+00 1.000002e+00 9.999968e-01 1.000002e+00 1.000004e+00 1.195227e+00 1 0 1.631836e-06 -4.220104e-06 -3.507890e-06 5.439992e-06 7.122138e-07
-3.000000e+00 -4.353553e+00 9.999942e-01 1.000002e+00 9.999992e-01 9.999906e-01 1.195232e+00 1 0 -1.518023e-05 1.376954e-05 2.340976e-05 -9.634196e-06 9.640215e-06
-3.646447e+00 -5.137063e+00 9.999989e-01 9.999981e-01 9.999982e-01 9.999978e-01 1.195227e+00 1 0 -8.232993e-06 -8.919164e-06 7.285285e-06 2.371310e-07 1.620445e-05
-4.000000e+00 -4.000000e+00 1.000003e+00 1.000005e+00 1.000001e+00 1.000005e+00 1.195231e+00 1 0 2.175164e-05 3.412429e-05 -1.401852e-05 3.330299e-06 -4.814280e-05
VARIABLES = "X", "Y", "ro", "u", "v", "pre", "Ma", "PART", "IMEX", "Ux", "Uy", "Vx", "Vy", "Vort" 
ZONE I=2, J=2, DATAPACKING=POINT
-3.000000e+00 -4.353553e+00 9.999855e-01 1.000009e+00 9.999922e-01 9.999764e-01 1.195235e+00 1 0 -5.896783e-05 -8.129379e-06 4.998417e-05 1.443729e-05 5.811355e-05
-3.353553e+00 -3.243092e+00 1.000018e+00 9.999889e-01 1.000016e+00 1.000030e+00 1.195225e+00 1 0 7.181219e-05 -3.445844e-05 -2.406337e-05 4.027092e-05 1.039507e-05
-4.000000e+00 -4.000000e+00 1.000005e+00 1.000016e+00 1.000003e+00 1.000009e+00 1.195238e+00 1 0 5.261032e-05 5.634145e-05 -4.736666e-05 -2.740458e-05 -1.037081e-04
-4.353553e+00 -2.862937e+00 9.999981e-01 9.999750e-01 9.999946e-01 9.999944e-01 1.195213e+00 1 0 -1.182148e-04 -1.969416e-04 5.822043e-05 2.715414e-05 2.551620e-04
VARIABLES = "X", "Y", "ro", "u", "v", "pre", "Ma", "PART", "IMEX", "Ux", "Uy", "Vx", "Vy", "Vort" 
ZONE I=2, J=2, DATAPACKING=POINT
-3.353553e+00 -3.243092e+00 1.000066e+00 9.999702e-01 1.000027e+00 1.000099e+00 1.195207e+00 1 0 2.217056e-04 -2.149848e-04 -2.319841e-04 -4.231007e-05 -1.699928e-05
-3.500000e+00 -2.191342e+00 9.997869e-01 9.999530e-01 1.000149e+00 9.997000e-01 1.195342e+00 1 0 -7.578573e-04 2.839967e-04 1.845992e-03 6.576659e-04 1.561995e-03
-4.353553e+00 -2.862937e+00 9.999938e-01 9.999103e-01 1.000005e+00 9.999863e-01 1.195183e+00 1 0 -1.648166e-04 -4.816060e-05 1.801734e-04 6.827676e-05 2.283340e-04
-4.500000e+00 -1.808658e+00 1.000085e+00 1.000191e+00 9.998603e-01 1.000121e+00 1.195238e+00 1 0 5.436369e-04 7.405268e-04 -7.384270e-04 -5.714522e-04 -1.478954e-03
VARIABLES = "X", "Y", "ro", "u", "v", "pre", "Ma", "PART", "IMEX", "Ux", "Uy", "Vx", "Vy", "Vort" 
ZONE I=2, J=2, DATAPACKING=POINT
-3.500000e+00 -2.191342e+00 9.995107e-01 1.000157e+00 1.000304e+00 9.993284e-01 1.195613e+00 1 0 -1.027702e-03 4.442268e-04 2.842670e-03 -8.831734e-04 2.398443e-03
-3.353553e+00 -1.243092e+00 1.001762e+00 9.988563e-01 9.982226e-01 1.002397e+00 1.193105e+00 1 0 -2.404179e-03 -3.663508e-03 -1.183931e-02 -3.371313e-03 -8.175805e-03
-4.500000e+00 -1.808658e+00 1.000124e+00 1.000369e+00 9.996911e-01 1.000165e+00 1.195240e+00 1 0 5.621969e-04 -1.694537e-04 -8.934932e-04 3.893178e-04 -7.240395e-04
-4.353553e+00 -8.629373e-01 9.994087e-01 9.998588e-01 1.001125e+00 9.992144e-01 1.195933e+00 1 0 -1.432817e-03 -6.667594e-04 3.330605e-03 2.997593e-03 3.997364e-03
VARIABLES = "X", "Y", "ro", "u", "v", "pre", "Ma", "PART", "IMEX", "Ux", "Uy", "Vx", "Vy", "Vort" 
ZONE I=2, J=2, DATAPACKING=POINT
-3.353553e+00 -1.243092e+00 1.002953e+00 9.976954e-01 9.968746e-01 1.003954e+00 1.191389e+00 1 0 -1.693084e-03 7.870254e-04 -1.605511e-02 4.246088e-03 -1.684214e-02
-3.000000e+00 -3.535534e-01 9.995642e-01 1.002710e+00 1.001707e+00 9.997814e-01 1.197738e+00 1 0 1.155032e-02 8.278927e-03 1.201296e-02 1.142081e-02 3.734033e-03
-4.353553e+00 -8.629373e-01 9.991144e-01 9.997828e-01 1.001984e+00 9.988700e-01 1.196431e+00 1 0 -2.251837e-03 5.022974e-04 3.132472e-03 -1.206576e-03 2.630175e-03
-4.000000e+00 -2.679490e-08 1.000429e+00 9.986650e-01 9.984361e-01 1.000366e+00 1.193534e+00 1 0 -2.845122e-04 -3.228252e-03 -3.436043e-03 -8.029864e-03 -2.077911e-04
VARIABLES = "X", "Y", "ro", "u", "v", "pre", "Ma", "PART", "IMEX", "Ux", "Uy", "Vx", "Vy", "Vort" 
ZONE I=2, J=2, DATAPACKING=POINT
-2.000000e+00 -8.500000e+00 9.999742e-01 1.000007e+00 9.999704e-01 9.999638e-01 1.195221e+00 1 0 -9.136037e-06 -1.524073e-05 -5.478103e-05 4.214562e-05 -3.954030e-05
-1.646447e+00 -7.480847e+00 1.000003e+00 9.999981e-01 1.000003e+00 1.000004e+00 1.195229e+00 1 0 7.460880e-06 -5.755383e-06 1.174232e-05 3.874093e-05 1.749770e-05
-3.000000e+00 -8.353553e+00 1.000005e+00 1.000003e+00 1.000007e+00 1.000007e+00 1.195233e+00 1 0 1.368410e-05 -1.364353e-05 -1.404133e-05 4.258656e-06 -3.978037e-07
-2.646447e+00 -7.436928e+00 1.000001e+00 9.999984e-01 1.000000e+00 1.000001e+00 1.195228e+00 1 0 -5.780924e-06 2.582518e-07 -2.843230e-06 -1.088951e-05 -3.101482e-06
VARIABLES = "X", "Y", "ro", "u", "v", "pre", "Ma", "PART", "IMEX", "Ux", "Uy", "Vx", "Vy", "Vort" 
ZONE I=2, J=2, DATAPACKING=POINT
-1.646447e+00 -7.480847e+00 1.000006e+00 9.999984e-01 1.000007e+00 1.000008e+00 1.195230e+00 1 0 4.334737e-06 1.126390e-06 1.602492e-05 2.404594e-06 1.489853e-05
-1.500000e+00 -6.461940e+00 9.999990e-01 1.000000e+00 9.999976e-01 9.999987e-01 1.195227e+00 1 0 -3.912025e-06 3.313864e-06 -9.566160e-06 -2.452485e-05 -1.288002e-05
-2.646447e+00 -7.436928e+00 9.999996e-01 9.999988e-01 9.999993e-01 9.999995e-01 1.195228e+00 1 0 -3.937226e-06 2.935327e-06 1.703055e-06 -2.135399e-06 -1.232272e-06
-2.500000e+00 -6.461940e+00 9.999997e-01 1.000001e+00 1.000000e+00 9.999995e-01 1.195229e+00 1 0 1.600682e-06 2.293881e-06 1.731205e-06 3.113392e-06 -5.626764e-07
VARIABLES = "X", "Y", "ro", "u", "v", "pre", "Ma", "PART", "IMEX", "Ux", "Uy", "Vx", "Vy", "Vort" 
ZONE I=2, J=2, DATAPACKING=POINT
-1.500000e+00 -6.461940e+00 9.999939e-01 1.000001e+00 9.999912e-01 9.999919e-01 1.195225e+00 1 0 -4.307052e-06 4.243925e-06 -2.453833e-05 -1.731507e-05 -2.878226e-05
-1.646447e+00 -5.480847e+00 1.000006e+00 9.999981e-01 1.000013e+00 1.000008e+00 1.195234e+00 1 0 3.195859e-06 -1.575036e-05 4.479245e-05 8.252309e-05 6.054281e-05
-2.500000e+00 -6.461940e+00 1.000000e+00 1.000001e+00 1.000001e+00 1.000000e+00 1.195230e+00 1 0 1.961057e-06 -2.505274e-07 -8.045953e-07 -5.763897e-07 -5.540680e-07
-2.646447e+00 -5.436928e+00 1.000001e+00 9.999991e-01 9.999981e-01 1.000001e+00 1.195226e+00 1 0 -3.152449e-06 -4.228241e-06 -1.190921e-06 -5.605665e-06 3.037320e-06
VARIABLES = "X", "Y", "ro", "u", "v", "pre", "Ma", "PART", "IMEX", "Ux", "Uy", "Vx", "Vy", "Vort" 
ZONE I=2, J=2, DATAPACKING=POINT
-1.646447e+00 -5.480847e+00 1.000025e+00 9.999918e-01 1.000036e+00 1.000032e+00 1.195241e+00 1 0 -6.587764e-06 -2.728964e-05 1.025793e-04 7.737380e-05 1.298689e-04
-2.000000e+00 -4.500000e+00 9.999795e-01 1.000021e+00 9.999340e-01 9.999753e-01 1.195204e+00 1 0 4.089253e-05 1.392525e-04 -2.859307e-04 -4.350382e-04 -4.251831e-04
-2.646447e+00 -5.436928e+00 9.999990e-01 9.999985e-01 9.999970e-01 1.000001e+00 1.195225e+00 1 0 -6.305046e-06 -1.011811e-06 8.814690e-06 8.592821e-06 9.826501e-06
-3.000000e+00 -4.353553e+00 9.999923e-01 9.999952e-01 1.000013e+00 9.999861e-01 1.195237e+00 1 0 1.689208e-05 -7.854155e-06 1.252469e-05 3.605075e-05 2.037884e-05
VARIABLES = "X", "Y", "ro", "u", "v", "pre", "Ma", "PART", "IMEX", "Ux", "Uy", "Vx", "Vy", "Vort" 
ZONE I=2, J=2, DATAPACKING=POINT
-2.000000e+00 -4.500000e+00 9.999115e-01 1.000065e+00 9.998340e-01 9.998875e-01 1.195182e+00 1 0 1.450876e-04 2.150919e-04 -4.931842e-04 -3.528007e-04 -7.082760e-04
-2.353553e+00 -3.480847e+00 1.000112e+00 9.999072e-01 1.000207e+00 1.000141e+00 1.195279e+00 1 0 -1.793110e-04 -7.458854e-04 7.916452e-04 1.470452e-03 1.537531e-03
-3.000000e+00 -4.353553e+00 9.999912e-01 9.999892e-01 1.000021e+00 9.999797e-01 1.195241e+00 1 0 3.288981e-05 -1.741277e-05 -3.218488e-05 3.591053e-05 -1.477211e-05
-3.353553e+00 -3.243092e+00 1.000008e+00 1.000016e+00 9.999847e-01 1.000021e+00 1.195221e+00 1 0 -9.557251e-05 8.373327e-05 3.397710e-05 -1.605323e-04 -4.975617e-05
VARIABLES = "X", "Y", "ro", "u", "v", "pre", "Ma", "PART", "IMEX", "Ux", "Uy", "Vx", "Vy", "Vort" 
ZONE I=2, J=2, DATAPACKING=POINT
-2.353553e+00 -3.480847e+00 1.000395e+00 9.996594e-01 1.000579e+00 1.000519e+00 1.195297e+00 1 0 -3.627646e-04 -7.846309e-05 1.345250e-03 4.244851e-04 1.423713e-03
-2.500000e+00 -2.461940e+00 1.000191e+00 1.000713e+00 9.983442e-01 1.000290e+00 1.194607e+00 1 0 2.004115e-03 2.721772e-03 -9.205819e-03 -7.290001e-03 -1.192759e-02
-3.353553e+00 -3.243092e+00 1.000030e+00 1.000064e+00 9.999130e-01 1.000056e+00 1.195199e+00 1 0 -3.973439e-04 -3.865965e-04 2.219185e-04 1.019025e-05 6.085150e-04
-3.500000e+00 -2.191342e+00 9.995142e-01 9.997005e-01 1.000749e+00 9.993220e-01 1.195613e+00 1 0 4.597139e-04 -1.748769e-04 1.500800e-03 2.446599e-03 1.675676e-03
VARIABLES = "X", "Y", "ro", "u", "v", "pre", "Ma", "PART", "IMEX", "Ux", "Uy", "Vx", "Vy", "Vort" 
ZONE I=2, J=2, DATAPACKING=POINT
-2.500000e+00 -2.461940e+00 9.998232e-01 1.001302e+00 9.966067e-01 9.997463e-01 1.194028e+00 1 0 3.226391e-03 4.923403e-03 -1.017509e-02 5.025185e-03 -1.509850e-02
-2.353553e+00 -1.480847e+00 9.959336e-01 1.002351e+00 1.007169e+00 9.945611e-01 1.201749e+00 1 0 4.563246e-03 -6.555396e-03 3.642986e-02 1.451882e-02 4.298525e-02
-3.500000e+00 -2.191342e+00 9.992078e-01 9.997808e-01 1.001467e+00 9.989587e-01 1.196124e+00 1 0 7.431981e-04 2.622891e-04 -1.912225e-04 -1.732280e-03 -4.535116e-04
-3.353553e+00 -1.243092e+00 1.003119e+00 9.987907e-01 9.948094e-01 1.004097e+00 1.190826e+00 1 0 1.219891e-03 -3.830259e-03 -6.729993e-03 -1.425278e-02 -2.899734e-03
VARIABLES = "X", "Y", "ro", "u", "v", "pre", "Ma", "PART", "IMEX", "Ux", "Uy", "Vx", "Vy", "Vort" 
ZONE I=2, J=2, DATAPACKING=POINT
-2.353553e+00 -1.480847e+00 9.978195e-01 9.992462e-01 1.010784e+00 9.976265e-01 1.201359e+00 1 0 3.719167e-03 -3.037693e-03 4.070486e-02 -3.220359e-02 4.374256e-02
-2.000000e+00 -5.000000e-01 9.987734e-01 1.004979e+00 9.832792e-01 9.962832e-01 1.189767e+00 1 0 -8.341368e-03 1.459688e-02 1.171162e-02 -4.242843e-02 -2.885258e-03
-3.353553e+00 -1.243092e+00 1.004811e+00 9.976022e-01 9.912597e-01 1.006020e+00 1.187864e+00 1 0 7.902623e-04 2.156304e-03 -4.215113e-03 -4.947316e-04 -6.371418e-03
-3.000000e+00 -3.535534e-01 1.000393e+00 1.004704e+00 1.003569e+00 1.002073e+00 1.199166e+00 1 0 1.103700e-02 1.101047e-02 -3.194621e-02 4.574154e-02 -4.295668e-02
VARIABLES = "X", "Y", "ro", "u", "v", "pre", "Ma", "PART", "IMEX", "Ux", "Uy", "Vx", "Vy", "Vort" 
ZONE I=2, J=2, DATAPACKING=POINT
-9.999999e-01 -8.353553e+00 1.000014e+00 9.999879e-01 1.000017e+00 1.000020e+00 1.195227e+00 1 0 -2.165565e-05 5.706161e-05 9.562872e-05 -8.428495e-05 3.856711e-05
-6.464466e-01 -7.243092e+00 9.999887e-01 1.000010e+00 9.999877e-01 9.999839e-01 1.195230e+00 1 0 -1.227801e-06 2.430746e-06 -2.665694e-05 -1.303225e-06 -2.908769e-05
-2.000000e+00 -8.500000e+00 9.999670e-01 1.000003e+00 9.999605e-01 9.999534e-01 1.195215e+00 1 0 -2.302546e-05 6.688642e-06 2.162201e-05 3.601398e-05 1.493337e-05
-1.646447e+00 -7.480847e+00 1.000003e+00 1.000001e+00 1.000006e+00 1.000005e+00 1.195232e+00 1 0 2.023920e-05 -9.914771e-06 -2.294953e-05 6.016964e-05 -1.303476e-05
VARIABLES = "X", "Y", "ro", "u", "v", "pre", "Ma", "PART", "IMEX", "Ux", "Uy", "Vx", "Vy", "Vort" 
ZONE I=2, J=2, DATAPACKING=POINT
-6.464466e-01 -7.243092e+00 9.999892e-01 1.000008e+00 9.999892e-01 9.999846e-01 1.195230e+00 1 0 2.490520e-06 -4.721203e-06 -3.752995e-05 2.119746e-05 -3.280875e-05
-5.000000e-01 -6.191342e+00 1.000008e+00 9.999926e-01 1.000008e+00 1.000012e+00 1.195227e+00 1 0 1.330194e-05 -4.269509e-05 1.843017e-05 2.419182e-05 6.112525e-05
-1.646447e+00 -7.480847e+00 1.000008e+00 1.000000e+00 1.000011e+00 1.000011e+00 1.195233e+00 1 0 1.563392e-05 -6.176705e-06 -1.172389e-05 3.653458e-06 -5.547183e-06
-1.500000e+00 -6.461940e+00 9.999993e-01 9.999987e-01 9.999945e-01 9.999991e-01 1.195225e+00 1 0 -1.272835e-05 1.584416e-06 1.431816e-05 -4.097408e-05 1.273374e-05
VARIABLES = "X", "Y", "ro", "u", "v", "pre", "Ma", "PART", "IMEX", "Ux", "Uy", "Vx", "Vy", "Vort" 
ZONE I=2, J=2, DATAPACKING=POINT
-5.000000e-01 -6.191342e+00 1.000021e+00 9.999782e-01 1.000014e+00 1.000030e+00 1.195219e+00 1 0 5.344133e-06 -5.698040e-05 5.128109e-05 -7.571667e-06 1.082615e-04
-6.464466e-01 -5.243092e+00 9.999739e-01 1.000031e+00 9.999859e-01 9.999633e-01 1.195245e+00 1 0 -5.293562e-05 2.298982e-04 -6.580881e-05 -4.997457e-05 -2.957070e-04
-1.500000e+00 -6.461940e+00 9.999924e-01 9.999989e-01 9.999850e-01 9.999900e-01 1.195220e+00 1 0 -3.058461e-05 2.687770e-06 1.088651e-05 -1.017360e-05 8.198742e-06
-1.646447e+00 -5.480847e+00 1.000004e+00 1.000001e+00 1.000025e+00 1.000004e+00 1.195244e+00 1 0 4.816111e-05 -1.290707e-06 -3.001612e-05 1.132354e-04 -2.872542e-05
VARIABLES = "X", "Y", "ro", "u", "v", "pre", "Ma", "PART", "IMEX", "Ux", "Uy", "Vx", "Vy", "Vort" 
ZONE I=2, J=2, DATAPACKING=POINT
-6.464466e-01 -5.243092e+00 9.999247e-01 1.000110e+00 9.999834e-01 9.998920e-01 1.195304e+00 1 0 5.178498e-05 2.955957e-04 -1.306526e-04 8.565873e-05 -4.262483e-04
-1.000000e+00 -4.353553e+00 1.000067e+00 9.998498e-01 1.000033e+00 1.000100e+00 1.195139e+00 1 0 1.243760e-04 -1.141380e-03 3.641152e-04 2.190169e-05 1.505495e-03
-1.646447e+00 -5.480847e+00 1.000027e+00 9.999957e-01 1.000058e+00 1.000034e+00 1.195256e+00 1 0 1.260255e-04 9.581390e-06 -1.083545e-05 -1.354965e-06 -2.041684e-05
-2.000000e+00 -4.500000e+00 1.000014e+00 1.000015e+00 9.998691e-01 1.000025e+00 1.195153e+00 1 0 -2.325283e-04 3.386085e-05 4.657446e-05 -4.761705e-04 1.271361e-05
VARIABLES = "X", "Y", "ro", "u", "v", "pre", "Ma", "PART", "IMEX", "Ux", "Uy", "Vx", "Vy", "Vort" 
ZONE I=2, J=2, DATAPACKING=POINT
-1.000000e+00 -4.353553e+00 1.000217e+00 9.994915e-01 9.999535e-01 1.000334e+00 1.194827e+00 1 0 -5.624208e-04 -6.368586e-04 2.553383e-04 -3.532296e-04 8.921970e-04
-1.353553e+00 -3.436928e+00 9.994980e-01 1.000709e+00 1.000550e+00 9.992396e-01 1.196136e+00 1 0 2.951174e-04 3.862153e-03 7.841814e-04 2.969918e-03 -3.077971e-03
-2.000000e+00 -4.500000e+00 9.999417e-01 1.000061e+00 9.997398e-01 9.999309e-01 1.195116e+00 1 0 -5.619150e-04 2.411059e-05 1.077045e-05 -1.463286e-04 -1.334014e-05
-2.353553e+00 -3.480847e+00 1.000032e+00 9.999738e-01 1.000305e+00 1.000033e+00 1.195395e+00 1 0 9.547503e-04 -2.423939e-04 2.410513e-06 1.606257e-03 2.448044e-04
VARIABLES = "X", "Y", "ro", "u", "v", "pre", "Ma", "PART", "IMEX", "Ux", "Uy", "Vx", "Vy", "Vort" 
ZONE I=2, J=2, DATAPACKING=POINT
-1.353553e+00 -3.436928e+00 9.990210e-01 1.001631e+00 1.001431e+00 9.983837e-01 1.197440e+00 1 0 1.414150e-03 -6.696442e-04 1.672325e-03 4.823132e-03 2.341969e-03
-1.500000e+00 -2.461940e+00 9.989320e-01 9.995765e-01 1.000084e+00 9.989674e-01 1.195005e+00 1 0 3.706658e-03 -1.161696e-03 1.431510e-02 -8.498889e-03 1.547679e-02
-2.353553e+00 -3.480847e+00 1.000390e+00 9.997479e-01 1.000780e+00 1.000552e+00 1.195447e+00 1 0 2.203092e-03 1.993234e-04 6.019123e-04 -1.052274e-03 4.025889e-04
-2.500000e+00 -2.461940e+00 1.001379e+00 1.000715e+00 9.962353e-01 1.001845e+00 1.193131e+00 1 0 -3.439974e-03 1.920975e-03 -4.260717e-03 -1.039369e-02 -6.181692e-03
VARIABLES = "X", "Y", "ro", "u", "v", "pre", "Ma", "PART", "IMEX", "Ux", "Uy", "Vx", "Vy", "Vort" 
ZONE I=2, J=2, DATAPACKING=POINT
-1.500000e+00 -2.461940e+00 9.981800e-01 1.000230e+00 9.960137e-01 9.990666e-01 1.192457e+00 1 0 3.575836e-03 1.482866e-02 1.541206e-02 -2.338616e-02 5.834016e-04
-1.353553e+00 -1.436928e+00 1.009128e+00 9.905722e-01 9.967224e-01 1.009864e+00 1.187208e+00 1 0 -2.439293e-02 -5.310754e-02 -1.550169e-02 3.459016e-02 3.760584e-02
-2.500000e+00 -2.461940e+00 1.000331e+00 1.001357e+00 9.937724e-01 1.000009e+00 1.192519e+00 1 0 -4.175289e-03 7.260543e-03 -8.240984e-03 1.135988e-02 -1.550153e-02
-2.353553e+00 -1.480847e+00 9.944640e-01 1.003596e+00 1.015749e+00 9.934881e-01 1.207404e+00 1 0 -4.056381e-03 -3.970791e-03 -1.083797e-02 4.080730e-02 -6.867176e-03
VARIABLES = "X", "Y", "ro", "u", "v", "pre", "Ma", "PART", "IMEX", "Ux", "Uy", "Vx", "Vy", "Vort" 
ZONE I=2, J=2, DATAPACKING=POINT
-1.353553e+00 -1.436928e+00 1.025619e+00 9.670471e-01 1.010683e+00 1.027070e+00 1.181372e+00 1 0 -4.939768e-02 7.054273e-02 -1.028806e-02 -1.288457e-01 -8.083079e-02
-1.000000e+00 -3.535534e-01 1.002426e+00 1.139603e+00 8.180387e-01 1.015033e+00 1.178207e+00 1 0 1.208946e-01 2.707858e-01 -2.259883e-01 -1.554366e-01 -4.967740e-01
-2.353553e+00 -1.480847e+00 9.979202e-01 1.000542e+00 1.022682e+00 1.000264e+00 1.207762e+00 1 0 -2.193367e-02 1.720819e-03 5.955889e-03 -2.243370e-04 4.235069e-03
-2.000000e+00 -5.000000e-01 9.809813e-01 1.000290e+00 1.003787e+00 9.660437e-01 1.206891e+00 1 0 1.267458e-01 -4.296964e-02 -1.187963e-01 2.313024e-03 -7.582669e-02
VARIABLES = "X", "Y", "ro", "u", "v", "pre", "Ma", "PART", "IMEX", "Ux", "Uy", "Vx", "Vy", "Vort" 
ZONE I=2, J=2, DATAPACKING=POINT
5.358979e-08 -8.000000e+00 1.000011e+00 9.999945e-01 1.000011e+00 1.000016e+00 1.195229e+00 1 0 2.048312e-05 -7.810389e-06 -3.448231e-05 -8.589134e-06 -2.667192e-05
3.535534e-01 -6.862937e+00 9.999998e-01 9.999974e-01 9.999963e-01 9.999996e-01 1.195225e+00 1 0 -7.879266e-06 3.885630e-06 2.784041e-05 -1.942240e-05 2.395478e-05
-9.999999e-01 -8.353553e+00 1.000022e+00 9.999870e-01 1.000026e+00 1.000033e+00 1.195230e+00 1 0 -1.660186e-05 4.900114e-05 4.192758e-05 -8.794244e-05 -7.073562e-06
-6.464466e-01 -7.243092e+00 9.999878e-01 1.000008e+00 9.999843e-01 9.999825e-01 1.195227e+00 1 0 -1.997199e-05 1.041036e-05 1.090983e-05 -2.037499e-05 4.994681e-07
VARIABLES = "X", "Y", "ro", "u", "v", "pre", "Ma", "PART", "IMEX", "Ux", "Uy", "Vx", "Vy", "Vort" 
ZONE I=2, J=2, DATAPACKING=POINT
3.535534e-01 -6.862937e+00 1.000001e+00 9.999950e-01 9.999956e-01 1.000001e+00 1.195223e+00 1 0 -5.041454e-06 -1.053308e-05 1.836727e-05 5.251229e-07 2.890035e-05
5.000000e-01 -5.808658e+00 9.999918e-01 1.000007e+00 1.000011e+00 9.999879e-01 1.195241e+00 1 0 -1.381507e-05 5.085011e-05 -2.238010e-05 3.777919e-05 -7.323021e-05
-6.464466e-01 -7.243092e+00 9.999879e-01 1.000006e+00 9.999853e-01 9.999828e-01 1.195227e+00 1 0 -1.586148e-05 9.874600e-07 -7.498198e-06 2.082701e-05 -8.485658e-06
-5.000000e-01 -6.191342e+00 1.000007e+00 9.999957e-01 1.000012e+00 1.000010e+00 1.195232e+00 1 0 3.202950e-05 -3.585988e-05 -8.379170e-06 4.160916e-05 2.748071e-05
VARIABLES = "X", "Y", "ro", "u", "v", "pre", "Ma", "PART", "IMEX", "Ux", "Uy", "Vx", "Vy", "Vort" 
ZONE I=2, J=2, DATAPACKING=POINT
5.000000e-01 -5.808658e+00 9.999955e-01 1.000025e+00 1.000021e+00 9.999906e-01 1.195259e+00 1 0 1.863430e-05 6.543212e-05 2.008553e-06 -1.219977e-05 -6.342357e-05
3.535534e-01 -4.862937e+00 1.000028e+00 9.999781e-01 9.999297e-01 1.000045e+00 1.195163e+00 1 0 4.666388e-05 -2.085812e-04 3.287932e-05 -2.269753e-04 2.414605e-04
-5.000000e-01 -6.191342e+00 1.000020e+00 9.999838e-01 1.000021e+00 1.000029e+00 1.195226e+00 1 0 7.303963e-05 -6.298382e-05 2.438394e-05 -3.051924e-05 8.736776e-05
-6.464466e-01 -5.243092e+00 9.999822e-01 1.000018e+00 9.999727e-01 9.999742e-01 1.195228e+00 1 0 -1.385053e-04 1.984319e-04 -3.403250e-05 -6.225840e-05 -2.324644e-04
VARIABLES = "X", "Y", "ro", "u", "v", "pre", "Ma", "PART", "IMEX", "Ux", "Uy", "Vx", "Vy", "Vort" 
ZONE I=2, J=2, DATAPACKING=POINT
3.535534e-01 -4.862937e+00 9.999664e-01 9.999091e-01 9.998708e-01 9.999809e-01 1.195088e+00 1 0 -2.341617e-04 2.411720e-05 -2.617329e-04 2.010447e-04 -2.858501e-04
-2.679490e-08 -4.000000e+00 9.998246e-01 1.000063e+00 1.000496e+00 9.997043e-01 1.195634e+00 1 0 3.622604e-05 6.825744e-05 -7.808269e-05 1.324469e-03 -1.463401e-04
-6.464466e-01 -5.243092e+00 9.999280e-01 1.000099e+00 9.999738e-01 9.998924e-01 1.195294e+00 1 0 -2.923955e-04 3.012470e-04 -1.714813e-04 2.499230e-04 -4.727283e-04
-1.000000e+00 -4.353553e+00 1.000001e+00 9.999037e-01 1.000099e+00 1.000014e+00 1.195222e+00 1 0 6.348653e-04 -9.773650e-04 5.020823e-04 -1.234790e-05 1.479447e-03
VARIABLES = "X", "Y", "ro", "u", "v", "pre", "Ma", "PART", "IMEX", "Ux", "Uy", "Vx", "Vy", "Vort" 
ZONE I=2, J=2, DATAPACKING=POINT
-2.679490e-08 -4.000000e+00 1.000314e+00 9.999740e-01 1.000738e+00 1.000233e+00 1.195703e+00 1 0 1.257468e-03 -2.366700e-03 1.788231e-03 -1.683519e-03 4.154931e-03
-3.535534e-01 -3.137063e+00 9.999927e-01 1.000909e+00 9.977989e-01 1.000336e+00 1.194253e+00 1 0 -3.135321e-03 7.578055e-03 -3.468684e-03 -5.997171e-03 -1.104674e-02
-1.000000e+00 -4.353553e+00 1.000191e+00 9.994954e-01 9.999430e-01 1.000337e+00 1.194806e+00 1 0 5.008135e-04 -3.273333e-04 6.179711e-04 -2.114529e-04 9.453045e-04
-1.353553e+00 -3.436928e+00 9.993438e-01 1.000630e+00 1.000943e+00 9.989539e-01 1.196402e+00 1 0 -3.260149e-04 3.347664e-03 -2.388753e-03 2.801341e-03 -5.736417e-03
VARIABLES = "X", "Y", "ro", "u", "v", "pre", "Ma", "PART", "IMEX", "Ux", "Uy", "Vx", "Vy", "Vort" 
ZONE I=2, J=2, DATAPACKING=POINT
-3.535534e-01 -3.137063e+00 9.973215e-01 1.004230e+00 9.974142e-01 9.974311e-01 1.196152e+00 1 0 -3.445418e-03 2.756905e-02 -7.506924e-03 1.703013e-03 -3.507597e-02
-5.000000e-01 -2.191342e+00 1.002674e+00 9.936489e-01 9.992903e-01 1.001833e+00 1.191513e+00 1 0 -1.039796e-02 -8.044102e-02 -1.612507e-02 -3.525527e-03 6.431595e-02
-1.353553e+00 -3.436928e+00 9.984510e-01 1.001441e+00 1.002062e+00 9.972966e-01 1.198015e+00 1 0 1.534662e-03 1.282815e-03 -4.573391e-03 7.129840e-03 -5.856207e-03
-1.500000e+00 -2.461940e+00 9.966302e-01 1.001987e+00 1.004196e+00 9.963060e-01 1.199120e+00 1 0 6.153641e-03 3.044183e-03 8.426131e-03 -4.388680e-03 5.381948e-03
VARIABLES = "X", "Y", "ro", "u", "v", "pre", "Ma", "PART", "IMEX", "Ux", "Uy", "Vx", "Vy", "Vort" 
ZONE I=2, J=2, DATAPACKING=POINT
-5.000000e-01 -2.191342e+00 1.017445e+00 9.637194e-01 9.976954e-01 1.019313e+00 1.171271e+00 1 0 -8.964829e-02 9.972941e-02 9.097645e-03 -9.024535e-02 -9.063177e-02
-3.535534e-01 -1.137063e+00 1.002672e+00 1.160777e+00 9.138556e-01 1.007607e+00 1.245520e+00 1 0 1.059726e-01 2.809999e-01 -1.472332e-01 -4.057484e-02 -4.282332e-01
-1.500000e+00 -2.461940e+00 9.979568e-01 1.003131e+00 1.000931e+00 1.000411e+00 1.196187e+00 1 0 -2.729321e-02 1.405601e-02 1.572192e-02 -1.776146e-02 1.665910e-03
-1.353553e+00 -1.436928e+00 9.932916e-01 9.841182e-01 1.003158e+00 9.844854e-01 1.192979e+00 1 0 1.880667e-01 -9.940204e-02 -5.272453e-02 3.589147e-02 4.667751e-02
VARIABLES = "X", "Y", "ro", "u", "v", "pre", "Ma", "PART", "IMEX", "Ux", "Uy", "Vx", "Vy", "Vort" 
ZONE I=2, J=2, DATAPACKING=POINT
-3.535534e-01 -1.137063e+00 1.026080e+00 1.199305e+00 9.238000e-01 1.034062e+00 1.274489e+00 1 0 2.247660e-01 1.331596e-01 -9.573896e-02 -2.134536e-01 -2.288986e-01
0.000000e+00 0.000000e+00 8.883304e-01 1.427148e+00 6.033636e-01 8.524490e-01 1.336801e+00 1 0 2.524296e-01 2.317519e-01 -2.298872e-01 -2.703489e-01 -4.616391e-01
-1.353553e+00 -1.436928e+00 1.005139e+00 9.574184e-01 1.014714e+00 9.913946e-01 1.187217e+00 1 0 2.206926e-01 -1.267334e-02 3.822499e-03 -1.689964e-01 1.649584e-02
-1.000000e+00 -3.535534e-01 1.012435e+00 1.149306e+00 7.933691e-01 1.030462e+00 1.169926e+00 1 0 1.463372e-01 2.907631e-01 -7.667958e-02 -2.161854e-01 -3.674427e-01
