VARIABLES = "X", "Y", "ro", "u", "v", "pre", "Ma", "PART", "IMEX", "Ux", "Uy", "Vx", "Vy", "Vort" 
ZONE I=4, J=4, DATAPACKING=POINT
2.000000e+00 3.804226e-01 9.390154e-01 9.740719e-01 1.508322e+00 9.130917e-01 1.538872e+00 3 0 8.581846e-02 -3.380911e-01 -2.622373e-01 -1.394453e-01 7.585387e-02
2.136154e+00 9.423792e-01 9.749892e-01 8.664975e-01 1.366766e+00 9.691806e-01 1.371798e+00 3 0 2.808021e-01 -1.472656e-01 -3.023112e-01 -2.075197e-01 -1.550457e-01
2.315632e+00 1.844533e+00 9.918134e-01 8.937898e-01 1.122536e+00 9.927166e-01 1.212163e+00 3 0 2.267373e-01 7.889546e-02 -2.220545e-01 -2.030257e-01 -3.009500e-01
2.380423e+00 2.398872e+00 9.991980e-01 9.669794e-01 1.019939e+00 9.989440e-01 1.187984e+00 3 0 8.725121e-02 1.324713e-01 -9.591787e-02 -1.195904e-01 -2.283892e-01
1.447214e+00 3.156323e-01 8.636176e-01 9.950216e-01 1.657903e+00 8.164940e-01 1.680665e+00 3 0 -3.533767e-02 -7.058214e-01 -1.611639e-01 -1.575405e-01 5.446575e-01
1.583367e+00 8.882593e-01 9.513400e-01 7.288963e-01 1.503881e+00 9.284669e-01 1.429724e+00 3 0 2.611561e-01 -2.894400e-01 -1.150477e-01 -2.698738e-01 1.743923e-01
1.762846e+00 1.805070e+00 9.886213e-01 7.405741e-01 1.221797e+00 9.881694e-01 1.207764e+00 3 0 2.901626e-01 1.600155e-01 -8.323561e-02 -2.881097e-01 -2.432512e-01
1.827636e+00 2.364833e+00 9.942761e-01 8.882688e-01 1.069988e+00 9.951011e-01 1.174823e+00 3 0 1.693098e-01 2.755345e-01 -5.301906e-02 -2.276241e-01 -3.285536e-01
5.527864e-01 1.361539e-01 5.254383e-01 1.236023e+00 1.398697e+00 4.411406e-01 1.721686e+00 3 0 1.056020e-01 -1.835497e+00 1.171576e+00 -7.475253e-02 3.007073e+00
6.889403e-01 7.205790e-01 6.824576e-01 5.211669e-01 1.398612e+00 6.163171e-01 1.327404e+00 3 0 3.799760e-01 -6.593243e-01 6.195778e-01 -3.044767e-01 1.278902e+00
8.684187e-01 1.654801e+00 9.412124e-01 4.686443e-01 1.196313e+00 9.231173e-01 1.096472e+00 3 0 2.139994e-01 2.275742e-01 2.537462e-01 -2.465097e-01 2.617195e-02
9.332090e-01 2.221331e+00 9.779140e-01 6.665913e-01 1.094371e+00 9.721859e-01 1.086168e+00 3 0 1.953450e-01 3.872369e-01 7.150932e-02 -1.629688e-01 -3.157276e-01
0.000000e+00 0.000000e+00 5.031659e-01 1.281451e+00 4.859313e-01 3.873169e-01 1.320184e+00 3 0 5.838038e-01 -1.829945e+00 1.541456e+00 -2.159035e-01 3.371401e+00
1.361539e-01 5.869639e-01 5.441783e-01 4.454770e-01 8.239068e-01 4.696343e-01 8.521064e-01 3 0 9.131113e-03 -7.783619e-01 1.470886e+00 1.492015e-01 2.249247e+00
3.156323e-01 1.526022e+00 8.866630e-01 3.654184e-01 1.003344e+00 8.518908e-01 9.207027e-01 3 0 2.974244e-03 2.372178e-01 5.229949e-01 -3.237363e-02 2.857771e-01
3.804226e-01 2.094703e+00 9.514924e-01 5.224754e-01 1.039555e+00 9.416995e-01 9.884088e-01 3 0 1.489834e-01 2.625829e-01 1.491763e-01 8.069082e-02 -1.134066e-01
VARIABLES = "X", "Y", "ro", "u", "v", "pre", "Ma", "PART", "IMEX", "Ux", "Uy", "Vx", "Vy", "Vort" 
ZONE I=4, J=4, DATAPACKING=POINT
2.380423e+00 2.398872e+00 9.981039e-01 9.677753e-01 1.017764e+00 9.973929e-01 1.187386e+00 3 0 9.368004e-02 1.160915e-01 -1.005889e-01 -7.682139e-02 -2.166805e-01
2.399780e+00 2.951994e+00 1.003234e+00 1.006671e+00 9.999195e-01 1.002535e+00 1.199592e+00 3 0 -1.427204e-02 2.905574e-02 6.883177e-03 1.575083e-03 -2.217257e-02
2.331225e+00 3.844967e+00 9.932647e-01 1.002464e+00 1.012917e+00 9.919395e-01 1.205241e+00 3 0 -2.101777e-02 -2.310821e-02 -1.634013e-03 4.903679e-03 2.147420e-02
2.235114e+00 4.394473e+00 9.989706e-01 9.956999e-01 1.001934e+00 9.992582e-01 1.193649e+00 3 0 5.417570e-03 -5.316843e-04 -1.853949e-02 -4.714055e-02 -1.800781e-02
1.827636e+00 2.364833e+00 9.939157e-01 8.865462e-01 1.068828e+00 9.937263e-01 1.173738e+00 3 0 1.728802e-01 2.794448e-01 -5.670865e-02 -1.997469e-01 -3.361535e-01
1.846994e+00 2.919588e+00 9.939938e-01 9.945322e-01 1.005955e+00 9.886856e-01 1.198745e+00 3 0 5.489029e-02 1.060758e-01 -1.760961e-02 -4.249661e-02 -1.236855e-01
1.778439e+00 3.806804e+00 9.930549e-01 1.010496e+00 1.012914e+00 9.910578e-01 1.210437e+00 3 0 -8.452514e-03 -3.616931e-02 8.383511e-05 2.037090e-02 3.625315e-02
1.682328e+00 4.348361e+00 1.001910e+00 9.933024e-01 1.008800e+00 1.004550e+00 1.194947e+00 3 0 3.384928e-03 -1.943951e-02 -2.930599e-04 -4.038688e-02 1.914645e-02
9.332090e-01 2.221331e+00 9.810409e-01 6.601721e-01 1.089789e+00 9.753232e-01 1.080008e+00 3 0 1.743929e-01 5.144793e-01 9.103972e-02 -2.127172e-01 -4.234396e-01
9.525664e-01 2.778153e+00 9.927671e-01 8.912379e-01 1.023090e+00 9.895520e-01 1.148602e+00 3 0 8.819791e-02 2.963480e-01 7.087321e-03 -6.101256e-02 -2.892607e-01
8.840118e-01 3.658141e+00 9.942189e-01 1.016866e+00 1.009460e+00 9.891641e-01 1.214060e+00 3 0 -2.025308e-03 1.161389e-02 2.524999e-03 5.318651e-03 -9.088894e-03
7.879005e-01 4.190031e+00 9.991852e-01 9.951039e-01 1.007282e+00 1.001975e+00 1.195009e+00 3 0 1.646355e-02 -8.539305e-02 8.351261e-03 -1.256297e-02 9.374431e-02
3.804226e-01 2.094703e+00 9.620448e-01 5.133773e-01 1.028494e+00 9.550928e-01 9.750365e-01 3 0 5.380308e-02 6.327384e-01 2.057844e-01 -9.391062e-02 -4.269539e-01
3.997800e-01 2.652209e+00 9.845677e-01 8.100537e-01 1.015512e+00 9.830080e-01 1.098742e+00 3 0 1.213450e-02 4.101460e-01 3.704270e-02 -8.430805e-03 -3.731033e-01
3.312254e-01 3.529860e+00 9.928263e-01 1.011924e+00 1.008910e+00 9.836533e-01 1.213299e+00 3 0 4.934782e-03 5.674592e-02 -1.464273e-03 -1.109608e-02 -5.821019e-02
2.351141e-01 4.058876e+00 9.985220e-01 9.936391e-01 1.004504e+00 1.000336e+00 1.193053e+00 3 0 4.490531e-02 -1.110938e-01 1.197406e-03 5.760328e-03 1.122912e-01
VARIABLES = "X", "Y", "ro", "u", "v", "pre", "Ma", "PART", "IMEX", "Ux", "Uy", "Vx", "Vy", "Vort" 
ZONE I=4, J=4, DATAPACKING=POINT
2.235114e+00 4.394473e+00 9.982715e-01 9.945393e-01 1.004495e+00 9.981264e-01 1.194753e+00 3 0 6.144665e-03 1.552842e-02 -1.965478e-02 -2.645538e-02 -3.518320e-02
2.110924e+00 4.940893e+00 9.952145e-01 1.001141e+00 9.959570e-01 9.925984e-01 1.195070e+00 3 0 2.319242e-03 7.124132e-03 -5.896862e-03 -4.899816e-03 -1.302099e-02
1.889076e+00 5.818105e+00 9.996528e-01 1.000342e+00 1.001760e+00 9.996443e-01 1.196490e+00 3 0 -2.133771e-03 -7.184385e-03 -7.454136e-05 9.775144e-03 7.109844e-03
1.764886e+00 6.358085e+00 1.007397e+00 9.961943e-01 1.003882e+00 1.010682e+00 1.193339e+00 3 0 -9.044833e-03 -9.970414e-03 -3.905606e-03 -2.238068e-03 6.064808e-03
1.682328e+00 4.348361e+00 1.000752e+00 9.914865e-01 1.011343e+00 1.003204e+00 1.195515e+00 3 0 9.904828e-04 9.712656e-03 -1.843557e-03 -2.220273e-02 -1.155621e-02
1.558137e+00 4.884764e+00 9.980097e-01 9.991170e-01 1.000781e+00 9.967677e-01 1.195912e+00 3 0 5.053331e-03 1.350329e-02 -8.140323e-03 -1.227357e-02 -2.164362e-02
1.336290e+00 5.744968e+00 9.991683e-01 1.004108e+00 1.001247e+00 9.983992e-01 1.198891e+00 3 0 -6.850695e-03 -3.423530e-03 -5.049650e-04 7.061582e-03 2.918565e-03
1.212100e+00 6.276028e+00 1.003845e+00 1.000685e+00 1.004246e+00 1.005973e+00 1.196909e+00 3 0 -5.589640e-03 -1.384403e-02 1.289005e-03 3.926999e-03 1.513304e-02
7.879005e-01 4.190031e+00 9.981802e-01 9.926730e-01 1.009031e+00 1.001496e+00 1.194304e+00 3 0 6.987034e-03 -4.283702e-02 5.226772e-03 4.631782e-03 4.806379e-02
6.637102e-01 4.714802e+00 9.964713e-01 9.882715e-01 1.006005e+00 9.966077e-01 1.191774e+00 3 0 1.306858e-02 1.649436e-02 3.042786e-03 -6.981840e-03 -1.345158e-02
4.418626e-01 5.556845e+00 9.918227e-01 1.006958e+00 1.001065e+00 9.867633e-01 1.203101e+00 3 0 3.012898e-05 1.624612e-02 6.354001e-04 -1.744970e-03 -1.561072e-02
3.176723e-01 6.079311e+00 9.974926e-01 1.006697e+00 1.001805e+00 9.963510e-01 1.201000e+00 3 0 1.622480e-03 -2.161071e-02 -6.217716e-05 5.359358e-03 2.154853e-02
2.351141e-01 4.058876e+00 9.990233e-01 9.919508e-01 1.006360e+00 1.001940e+00 1.192511e+00 3 0 2.947115e-02 -6.553488e-02 4.061194e-03 -8.374671e-03 6.959607e-02
1.109238e-01 4.580642e+00 9.941388e-01 9.781440e-01 1.000885e+00 9.954278e-01 1.182008e+00 3 0 1.571364e-02 1.036273e-02 1.798945e-02 -1.484687e-03 7.626721e-03
-1.109238e-01 5.419358e+00 9.893059e-01 1.000988e+00 1.000559e+00 9.830648e-01 1.199944e+00 3 0 1.058538e-02 3.088557e-02 1.925776e-03 4.048816e-03 -2.895979e-02
-2.351141e-01 5.941124e+00 9.961950e-01 1.006269e+00 1.002537e+00 9.932764e-01 1.202256e+00 3 0 1.076371e-02 -1.320252e-02 -3.913574e-03 5.797442e-03 9.288942e-03
VARIABLES = "X", "Y", "ro", "u", "v", "pre", "Ma", "PART", "IMEX", "Ux", "Uy", "Vx", "Vy", "Vort" 
ZONE I=4, J=4, DATAPACKING=POINT
1.764886e+00 6.358085e+00 1.007280e+00 9.960865e-01 1.005162e+00 1.010551e+00 1.194050e+00 3 0 -7.832247e-03 -8.557364e-03 -2.836409e-03 -4.138114e-03 5.720955e-03
1.668775e+00 6.899461e+00 1.006602e+00 9.935081e-01 1.000485e+00 1.009174e+00 1.190127e+00 3 0 -1.981253e-02 -5.849159e-03 -7.547656e-03 -1.001488e-02 -1.698498e-03
1.600220e+00 7.784974e+00 1.005906e+00 9.940577e-01 9.950003e-01 1.008197e+00 1.187338e+00 3 0 -1.350860e-03 5.435168e-03 -1.603535e-03 -1.770695e-03 -7.038703e-03
1.619577e+00 8.340342e+00 1.005915e+00 9.996960e-01 9.963032e-01 1.008472e+00 1.191326e+00 3 0 1.414673e-02 1.676603e-02 6.925574e-03 8.942721e-03 -9.840458e-03
1.212100e+00 6.276028e+00 1.003853e+00 1.000160e+00 1.004929e+00 1.006117e+00 1.196924e+00 3 0 -7.465738e-03 -3.863097e-03 2.106778e-03 7.128971e-03 5.969875e-03
1.115988e+00 6.810839e+00 1.003560e+00 9.993289e-01 1.004335e+00 1.005090e+00 1.196510e+00 3 0 -3.490000e-03 -3.190977e-03 -3.830797e-03 -6.275940e-03 -6.398200e-04
1.047434e+00 7.691866e+00 1.005540e+00 9.961358e-01 9.966733e-01 1.007569e+00 1.189732e+00 3 0 -3.485464e-03 -3.171262e-03 -4.182788e-03 -8.604290e-03 -1.011526e-03
1.066791e+00 8.248484e+00 1.009971e+00 9.957591e-01 9.937571e-01 1.013941e+00 1.186634e+00 3 0 -1.330086e-03 4.815242e-03 5.086915e-05 2.637083e-03 -4.764372e-03
3.176723e-01 6.079311e+00 9.974317e-01 1.006528e+00 1.002044e+00 9.962949e-01 1.201039e+00 3 0 1.965720e-03 -2.419933e-02 -2.678678e-03 1.359858e-02 2.152065e-02
2.215611e-01 6.608291e+00 1.001381e+00 9.988112e-01 1.006364e+00 1.002787e+00 1.197490e+00 3 0 3.470538e-03 -6.711191e-03 -5.644094e-04 3.066297e-03 6.146781e-03
1.530064e-01 7.485609e+00 9.994840e-01 9.977380e-01 1.003069e+00 9.989411e-01 1.196040e+00 3 0 7.920612e-04 2.408431e-03 -3.882330e-03 -9.483683e-03 -6.290761e-03
1.723638e-01 8.043235e+00 1.004264e+00 9.997520e-01 9.966754e-01 1.005553e+00 1.192330e+00 3 0 -5.667936e-03 9.686892e-03 -2.880321e-03 -1.031712e-02 -1.256721e-02
-2.351141e-01 5.941124e+00 9.962735e-01 1.005851e+00 1.003725e+00 9.932296e-01 1.202791e+00 3 0 1.304785e-02 -1.735148e-02 -6.602417e-03 7.349709e-03 1.074906e-02
-3.312253e-01 6.470140e+00 9.942917e-01 9.991396e-01 1.005564e+00 9.929823e-01 1.198835e+00 3 0 -3.478304e-03 -8.457499e-03 2.056751e-03 2.360339e-03 1.051425e-02
-3.997800e-01 7.347791e+00 9.922408e-01 9.959089e-01 1.004784e+00 9.890920e-01 1.197556e+00 3 0 2.937311e-03 2.799232e-04 9.258700e-04 -5.059589e-03 6.459469e-04
-3.804226e-01 7.905297e+00 1.001017e+00 9.981712e-01 9.993953e-01 1.000902e+00 1.193843e+00 3 0 8.334424e-03 1.398512e-02 -2.194946e-04 -1.528022e-02 -1.420462e-02
VARIABLES = "X", "Y", "ro", "u", "v", "pre", "Ma", "PART", "IMEX", "Ux", "Uy", "Vx", "Vy", "Vort" 
ZONE I=4, J=4, DATAPACKING=POINT
4.000000e+00 2.351141e-01 1.005778e+00 1.000033e+00 1.000147e+00 1.008158e+00 1.193924e+00 3 0 -3.119256e-04 -1.046732e-02 7.090648e-02 -2.750651e-02 8.137380e-02
4.136154e+00 7.593906e-01 1.008225e+00 9.959517e-01 1.005305e+00 1.014194e+00 1.192468e+00 3 0 8.201508e-04 -7.998172e-03 7.908302e-02 -2.086486e-03 8.708119e-02
4.315632e+00 1.613962e+00 9.980490e-01 9.898924e-01 1.018502e+00 9.994833e-01 1.199505e+00 3 0 -3.015648e-03 -4.371932e-03 4.142898e-02 -9.772988e-04 4.580091e-02
4.380423e+00 2.151813e+00 9.968376e-01 9.890528e-01 1.014074e+00 9.959891e-01 1.197700e+00 3 0 -7.690936e-03 2.521227e-03 9.656800e-03 -2.795964e-02 7.135573e-03
3.447214e+00 3.312254e-01 1.005042e+00 1.009019e+00 1.013149e+00 9.998792e-01 1.211595e+00 3 0 -1.157371e-02 -3.220669e-02 -1.324642e-01 -2.095626e-02 -1.002575e-01
3.583367e+00 8.636394e-01 1.004341e+00 9.962436e-01 9.945813e-01 1.000665e+00 1.191929e+00 3 0 1.623851e-02 -1.681083e-02 -4.998784e-02 -1.529194e-03 -3.317701e-02
3.762846e+00 1.727764e+00 9.976710e-01 9.943573e-01 9.984286e-01 9.960527e-01 1.191887e+00 3 0 -6.559122e-03 4.838193e-03 2.836541e-02 7.881771e-03 2.352721e-02
3.827636e+00 2.268715e+00 9.996674e-01 9.957950e-01 1.002224e+00 1.000444e+00 1.193587e+00 3 0 -1.868477e-02 2.078624e-03 2.444544e-02 -3.289968e-03 2.236682e-02
2.552786e+00 3.997800e-01 1.015185e+00 9.896730e-01 1.259158e+00 1.023941e+00 1.347750e+00 3 0 4.514839e-02 -1.986488e-01 -4.043271e-01 -6.059968e-02 -2.056782e-01
2.688940e+00 9.499711e-01 1.010633e+00 9.351861e-01 1.154568e+00 1.013376e+00 1.254030e+00 3 0 1.166107e-01 -5.376240e-02 -3.150871e-01 -1.116155e-01 -2.613247e-01
2.868419e+00 1.836544e+00 9.971252e-01 9.693132e-01 1.023491e+00 9.942369e-01 1.193098e+00 3 0 8.717497e-02 5.908341e-02 -1.121805e-01 -8.012748e-02 -1.712639e-01
2.933209e+00 2.385273e+00 9.940570e-01 1.003358e+00 9.925177e-01 9.913287e-01 1.194421e+00 3 0 2.285385e-02 4.302194e-02 -1.801213e-02 -1.903205e-02 -6.103407e-02
2.000000e+00 3.804226e-01 9.395791e-01 9.618917e-01 1.528607e+00 9.144335e-01 1.547249e+00 3 0 3.306925e-02 -3.280928e-01 -5.202331e-01 -8.668957e-02 -1.921402e-01
2.136154e+00 9.423792e-01 9.818643e-01 8.559497e-01 1.377065e+00 9.780815e-01 1.372986e+00 3 0 1.394009e-01 -1.073539e-01 -4.637379e-01 -1.844362e-01 -3.563840e-01
2.315632e+00 1.844533e+00 9.938208e-01 8.925575e-01 1.124164e+00 9.954269e-01 1.212164e+00 3 0 1.962516e-01 9.416357e-02 -2.581040e-01 -2.037798e-01 -3.522676e-01
2.380423e+00 2.398872e+00 9.970805e-01 9.704534e-01 1.019573e+00 9.954827e-01 1.190585e+00 3 0 1.179853e-01 1.350655e-01 -8.648760e-02 -1.221380e-01 -2.215531e-01
VARIABLES = "X", "Y", "ro", "u", "v", "pre", "Ma", "PART", "IMEX", "Ux", "Uy", "Vx", "Vy", "Vort" 
ZONE I=4, J=4, DATAPACKING=POINT
4.380423e+00 2.151813e+00 9.976152e-01 9.887647e-01 1.013265e+00 9.969772e-01 1.196914e+00 3 0 -8.905449e-03 2.710642e-03 5.219987e-04 -3.589851e-02 -2.188644e-03
4.399780e+00 2.700088e+00 1.002576e+00 9.908740e-01 1.000788e+00 1.003394e+00 1.189775e+00 3 0 -4.959619e-03 4.742186e-03 -6.839850e-03 -1.358283e-02 -1.158204e-02
4.331225e+00 3.610392e+00 1.000511e+00 9.959679e-01 9.978176e-01 1.000658e+00 1.191428e+00 3 0 -4.072958e-03 4.948072e-03 7.552017e-03 5.519903e-03 2.603945e-03
4.235114e+00 4.184922e+00 9.977572e-01 9.982543e-01 1.002062e+00 9.968604e-01 1.195958e+00 3 0 -8.676235e-03 -2.969632e-03 8.347663e-03 1.034910e-02 1.131729e-02
3.827636e+00 2.268715e+00 1.000036e+00 9.959901e-01 1.002602e+00 1.001084e+00 1.193768e+00 3 0 -2.098486e-02 -2.643814e-03 2.527937e-02 -3.888425e-03 2.792318e-02
3.846994e+00 2.817877e+00 9.996570e-01 9.944922e-01 9.998017e-01 1.000087e+00 1.191567e+00 3 0 -8.692123e-03 -7.965927e-04 2.641887e-03 -5.593139e-03 3.438479e-03
3.778439e+00 3.724957e+00 9.956530e-01 9.962209e-01 9.971770e-01 9.936345e-01 1.192493e+00 3 0 4.054670e-03 4.447190e-03 -3.669718e-03 6.184592e-05 -8.116908e-03
3.682328e+00 4.294610e+00 9.952869e-01 9.986545e-01 9.983538e-01 9.932759e-01 1.194648e+00 3 0 2.604934e-03 4.242224e-03 6.020986e-03 -5.089477e-04 1.778762e-03
2.933209e+00 2.385273e+00 9.933223e-01 1.004993e+00 9.903686e-01 9.903047e-01 1.194304e+00 3 0 2.038992e-02 1.859879e-02 -1.415095e-02 3.036581e-03 -3.274974e-02
2.952566e+00 2.936723e+00 9.984810e-01 1.005232e+00 9.980015e-01 9.978537e-01 1.197545e+00 3 0 -1.375505e-02 -1.041778e-02 -4.854671e-04 1.596403e-02 9.932311e-03
2.884012e+00 3.835627e+00 9.967493e-01 9.937116e-01 1.005534e+00 9.959750e-01 1.195263e+00 3 0 -3.274880e-03 -7.540684e-03 -1.373155e-02 -6.308796e-03 -6.190871e-03
2.787901e+00 4.393473e+00 9.968026e-01 9.958583e-01 9.965429e-01 9.955254e-01 1.191451e+00 3 0 3.668779e-03 1.927909e-02 -5.170617e-03 -2.954972e-02 -2.444970e-02
2.380423e+00 2.398872e+00 9.956241e-01 9.715492e-01 1.017097e+00 9.933558e-01 1.190112e+00 3 0 1.224225e-01 1.194711e-01 -9.010325e-02 -7.488737e-02 -2.095743e-01
2.399780e+00 2.951994e+00 1.001952e+00 1.010014e+00 1.000624e+00 1.000578e+00 1.202425e+00 3 0 8.599330e-03 2.442478e-02 -5.840296e-03 2.772513e-03 -3.026507e-02
2.331225e+00 3.844967e+00 9.951348e-01 1.000752e+00 1.013262e+00 9.946605e-01 1.203914e+00 3 0 -3.032688e-02 -2.749278e-02 -1.278595e-02 1.909674e-03 1.470683e-02
2.235114e+00 4.394473e+00 9.997136e-01 9.949526e-01 1.001741e+00 1.000303e+00 1.192908e+00 3 0 -2.286179e-03 6.104580e-03 -1.459627e-02 -4.551189e-02 -2.070085e-02
VARIABLES = "X", "Y", "ro", "u", "v", "pre", "Ma", "PART", "IMEX", "Ux", "Uy", "Vx", "Vy", "Vort" 
ZONE I=4, J=4, DATAPACKING=POINT
4.235114e+00 4.184922e+00 9.982242e-01 9.972323e-01 1.001714e+00 9.974955e-01 1.195038e+00 3 0 -8.053208e-03 1.134300e-02 8.110296e-03 -3.899817e-03 -3.232702e-03
4.110924e+00 4.764794e+00 9.998633e-01 1.004080e+00 1.000788e+00 9.998677e-01 1.198136e+00 3 0 1.513487e-02 1.084284e-02 5.698418e-03 2.593757e-03 -5.144426e-03
3.889076e+00 5.704293e+00 9.963868e-01 1.005061e+00 1.005154e+00 9.949223e-01 1.202217e+00 3 0 1.695149e-02 -7.093878e-04 -3.791977e-04 6.773307e-03 3.301902e-04
3.764886e+00 6.280185e+00 9.937420e-01 1.001301e+00 1.009043e+00 9.911964e-01 1.202960e+00 3 0 -4.110792e-03 -9.288661e-03 6.939963e-03 5.223516e-03 1.622862e-02
3.682328e+00 4.294610e+00 9.961620e-01 9.984818e-01 9.967715e-01 9.945117e-01 1.193381e+00 3 0 7.596247e-04 1.487618e-03 4.875792e-03 -1.154961e-02 3.388175e-03
3.558137e+00 4.867591e+00 1.002119e+00 9.986734e-01 9.971864e-01 1.003050e+00 1.192201e+00 3 0 7.594580e-03 1.182908e-03 7.003946e-03 8.869634e-03 5.821039e-03
3.336290e+00 5.793252e+00 9.997019e-01 9.989733e-01 1.005847e+00 9.996171e-01 1.198167e+00 3 0 8.784429e-03 4.487742e-03 1.731238e-03 7.160551e-03 -2.756504e-03
3.212100e+00 6.360626e+00 9.966330e-01 1.001780e+00 1.006356e+00 9.952670e-01 1.200917e+00 3 0 2.343620e-03 7.179318e-03 6.640722e-03 -7.113784e-03 -5.385955e-04
2.787901e+00 4.393473e+00 9.965364e-01 9.962837e-01 9.965674e-01 9.950886e-01 1.191822e+00 3 0 3.806696e-03 5.715699e-03 -8.779833e-03 -1.885003e-02 -1.449553e-02
2.663710e+00 4.950672e+00 9.973057e-01 9.969718e-01 9.946401e-01 9.958669e-01 1.191076e+00 3 0 -4.468794e-03 -1.508732e-03 -2.684403e-04 6.510874e-03 1.240292e-03
2.441863e+00 5.846947e+00 1.000453e+00 9.963639e-01 1.003151e+00 1.000840e+00 1.194714e+00 3 0 -3.273480e-03 -2.107436e-04 3.840347e-03 5.833094e-03 4.051091e-03
2.317672e+00 6.397378e+00 1.005610e+00 9.978393e-01 1.000642e+00 1.007946e+00 1.192937e+00 3 0 5.564918e-03 7.371357e-03 1.958679e-03 -1.246022e-02 -5.412678e-03
2.235114e+00 4.394473e+00 9.987242e-01 9.939698e-01 1.004558e+00 9.987335e-01 1.194360e+00 3 0 2.831073e-03 1.877915e-02 -2.011905e-02 -2.545150e-02 -3.889821e-02
2.110924e+00 4.940893e+00 9.945607e-01 1.001881e+00 9.959637e-01 9.916380e-01 1.195704e+00 3 0 -1.146546e-02 5.223570e-03 -3.974453e-03 -4.769563e-03 -9.198023e-03
1.889076e+00 5.818105e+00 9.990912e-01 1.001012e+00 1.001691e+00 9.988690e-01 1.196977e+00 3 0 -1.120672e-02 -1.094793e-02 -4.990269e-04 9.959517e-03 1.044891e-02
1.764886e+00 6.358085e+00 1.007943e+00 9.953726e-01 1.004041e+00 1.011446e+00 1.192818e+00 3 0 9.059606e-04 -1.188837e-02 -1.538225e-02 -4.573011e-03 -3.493877e-03
VARIABLES = "X", "Y", "ro", "u", "v", "pre", "Ma", "PART", "IMEX", "Ux", "Uy", "Vx", "Vy", "Vort" 
ZONE I=4, J=4, DATAPACKING=POINT
3.764886e+00 6.280185e+00 9.938551e-01 1.001086e+00 1.008255e+00 9.913473e-01 1.202337e+00 3 0 -2.385060e-03 -9.871412e-03 4.259065e-03 -1.820634e-02 1.413048e-02
3.668775e+00 6.849690e+00 1.004588e+00 9.979122e-01 1.001530e+00 1.006448e+00 1.193793e+00 3 0 -2.448233e-02 -6.183231e-03 -4.550059e-03 -8.328433e-03 1.633172e-03
3.600220e+00 7.755384e+00 1.010351e+00 9.981046e-01 9.976454e-01 1.014498e+00 1.190249e+00 3 0 -9.170622e-03 3.145650e-03 -5.502800e-04 -2.339453e-03 -3.695930e-03
3.619577e+00 8.305046e+00 1.005706e+00 1.001171e+00 9.964508e-01 1.007981e+00 1.192463e+00 3 0 9.233734e-03 9.587486e-03 6.257895e-03 -3.112444e-03 -3.329591e-03
3.212100e+00 6.360626e+00 9.973127e-01 1.001387e+00 1.005599e+00 9.962167e-01 1.200066e+00 3 0 1.842289e-03 8.172952e-03 4.493644e-03 -1.226395e-02 -3.679308e-03
3.115988e+00 6.923199e+00 9.983059e-01 1.004254e+00 1.001701e+00 9.975886e-01 1.199220e+00 3 0 -1.434636e-03 1.192394e-03 1.790521e-03 -3.817216e-03 5.981271e-04
3.047434e+00 7.823784e+00 1.006142e+00 1.001804e+00 9.987874e-01 1.008620e+00 1.194114e+00 3 0 -3.258264e-03 -4.926426e-03 -3.828268e-03 -3.988220e-03 1.098158e-03
3.066791e+00 8.374902e+00 1.009652e+00 9.998383e-01 9.959632e-01 1.013542e+00 1.190431e+00 3 0 -1.752614e-03 1.187512e-03 -3.421127e-03 -4.706018e-03 -4.608639e-03
2.317672e+00 6.397378e+00 1.005216e+00 9.981032e-01 1.001758e+00 1.007335e+00 1.193890e+00 3 0 5.712944e-03 -8.892450e-04 1.600791e-04 -4.787069e-03 1.049324e-03
2.221561e+00 6.946681e+00 1.002356e+00 9.976031e-01 9.992714e-01 1.003256e+00 1.192826e+00 3 0 1.143039e-02 2.328610e-03 1.145425e-03 -1.385979e-03 -1.183185e-03
2.153006e+00 7.837744e+00 1.001721e+00 9.997930e-01 9.996037e-01 1.002403e+00 1.194461e+00 3 0 6.587804e-03 3.978284e-03 4.301413e-03 4.941143e-04 3.231291e-04
2.172364e+00 8.391554e+00 1.005334e+00 1.002546e+00 9.988733e-01 1.007580e+00 1.194745e+00 3 0 -9.111716e-04 8.601295e-03 7.513214e-06 -5.591751e-04 -8.593781e-03
1.764886e+00 6.358085e+00 1.007974e+00 9.951844e-01 1.005299e+00 1.011523e+00 1.193434e+00 3 0 2.122510e-03 -8.081608e-03 -1.356366e-02 -5.864769e-03 -5.482049e-03
1.668775e+00 6.899461e+00 1.007211e+00 9.927319e-01 1.000475e+00 1.010024e+00 1.189518e+00 3 0 1.808486e-03 -1.337262e-03 -5.044144e-03 -1.062211e-02 -3.706882e-03
1.600220e+00 7.784974e+00 1.005271e+00 9.947044e-01 9.942002e-01 1.007291e+00 1.187406e+00 3 0 1.257676e-02 6.164367e-03 1.373819e-02 -1.813526e-03 7.573823e-03
1.619577e+00 8.340342e+00 1.005434e+00 9.997755e-01 9.959950e-01 1.007828e+00 1.191286e+00 3 0 1.037630e-02 1.399809e-02 9.105652e-03 1.059066e-02 -4.892441e-03
VARIABLES = "X", "Y", "ro", "u", "v", "pre", "Ma", "PART", "IMEX", "Ux", "Uy", "Vx", "Vy", "Vort" 
ZONE I=4, J=4, DATAPACKING=POINT
6.000000e+00 -2.351141e-01 9.920870e-01 1.014016e+00 9.943567e-01 9.871573e-01 1.203283e+00 3 0 2.327739e-02 -6.152798e-03 -1.874433e-02 1.499054e-02 -1.259153e-02
6.136154e+00 2.908820e-01 9.940304e-01 1.013264e+00 9.959429e-01 9.908121e-01 1.202724e+00 3 0 6.207177e-03 -3.670190e-03 1.734714e-03 -1.148936e-03 5.404905e-03
6.315632e+00 1.152951e+00 1.001842e+00 1.011025e+00 9.942738e-01 1.002738e+00 1.197902e+00 3 0 -6.095354e-03 -1.852024e-03 1.877423e-02 -3.737549e-03 2.062626e-02
6.380423e+00 1.694954e+00 1.001649e+00 1.009419e+00 9.950477e-01 1.002452e+00 1.197449e+00 3 0 -2.354557e-03 -2.980441e-03 1.059552e-02 1.615969e-03 1.357596e-02
5.447214e+00 -1.109238e-01 9.906914e-01 1.004938e+00 1.008124e+00 9.863222e-01 1.205698e+00 3 0 8.319142e-03 3.999117e-03 -2.649662e-02 5.573791e-03 -3.049574e-02
5.583367e+00 4.094312e-01 9.924876e-01 1.008206e+00 1.002554e+00 9.880120e-01 1.204382e+00 3 0 1.166284e-02 2.451051e-03 -2.542231e-02 -7.722137e-03 -2.787337e-02
5.762846e+00 1.262747e+00 1.000754e+00 1.009899e+00 9.933581e-01 1.000188e+00 1.197555e+00 3 0 1.139209e-02 -3.895718e-03 -1.298237e-02 -1.282362e-03 -9.086647e-03
5.827636e+00 1.801241e+00 1.000076e+00 1.007019e+00 9.960483e-01 1.000015e+00 1.197116e+00 3 0 1.054551e-02 -9.602330e-03 -7.016297e-03 1.570996e-02 2.586033e-03
4.552786e+00 1.109238e-01 1.000541e+00 1.007705e+00 1.020151e+00 1.004400e+00 1.209568e+00 3 0 -9.060489e-03 -1.101728e-02 1.249032e-02 1.007045e-03 2.350760e-02
4.688940e+00 6.304675e-01 1.000966e+00 1.001340e+00 1.019865e+00 1.004506e+00 1.205821e+00 3 0 2.284870e-04 -1.155714e-02 -1.350183e-03 -4.276117e-03 1.020696e-02
4.868419e+00 1.480246e+00 1.001082e+00 9.933343e-01 1.013437e+00 1.002114e+00 1.198718e+00 3 0 1.487023e-02 -9.206463e-03 -2.386865e-02 -4.480121e-03 -1.466219e-02
4.933209e+00 2.016782e+00 9.986986e-01 9.906520e-01 1.010049e+00 9.978204e-01 1.196230e+00 3 0 1.556341e-02 -5.819894e-03 -1.568036e-02 -1.268028e-03 -9.860470e-03
4.000000e+00 2.351141e-01 1.004086e+00 1.006130e+00 9.984083e-01 1.006059e+00 1.196774e+00 3 0 3.172922e-02 -2.019362e-02 6.035144e-02 -2.200775e-02 8.054506e-02
4.136154e+00 7.593906e-01 1.005959e+00 1.000450e+00 1.005175e+00 1.011746e+00 1.195161e+00 3 0 1.135198e-02 -1.595852e-02 6.048103e-02 5.837020e-03 7.643955e-02
4.315632e+00 1.613962e+00 9.977081e-01 9.893772e-01 1.020326e+00 9.994650e-01 1.200114e+00 3 0 -1.051298e-02 -8.147014e-03 9.035781e-03 4.606018e-03 1.718279e-02
4.380423e+00 2.151813e+00 9.976203e-01 9.868846e-01 1.015150e+00 9.971463e-01 1.196848e+00 3 0 -1.400256e-02 1.347721e-03 -5.736828e-03 -3.117473e-02 -7.084550e-03
VARIABLES = "X", "Y", "ro", "u", "v", "pre", "Ma", "PART", "IMEX", "Ux", "Uy", "Vx", "Vy", "Vort" 
ZONE I=4, J=4, DATAPACKING=POINT
6.380423e+00 1.694954e+00 1.002334e+00 1.009433e+00 9.945973e-01 1.003402e+00 1.197032e+00 3 0 -2.367994e-03 -3.831292e-03 1.292610e-02 1.892992e-02 1.675739e-02
6.399780e+00 2.244616e+00 9.926433e-01 1.007327e+00 1.002365e+00 9.897195e-01 1.202797e+00 3 0 3.056081e-03 -3.893384e-03 1.603114e-03 7.309227e-03 5.496498e-03
6.331225e+00 3.150310e+00 9.906350e-01 1.003867e+00 1.001664e+00 9.869224e-01 1.200787e+00 3 0 3.284542e-03 -2.223025e-03 -4.405122e-03 -6.396284e-03 -2.182097e-03
6.235114e+00 3.719815e+00 9.927356e-01 1.003858e+00 9.988491e-01 9.898636e-01 1.198585e+00 3 0 1.122875e-02 9.842481e-03 -2.664025e-03 1.394102e-04 -1.250651e-02
5.827636e+00 1.801241e+00 9.996321e-01 1.007111e+00 9.962152e-01 9.994145e-01 1.197365e+00 3 0 1.029130e-02 -1.096969e-02 -5.832657e-03 2.638473e-02 5.137033e-03
5.846994e+00 2.349821e+00 9.964976e-01 1.003039e+00 1.004026e+00 9.952437e-01 1.200206e+00 3 0 9.497127e-03 -4.873315e-03 -1.788623e-03 4.991282e-03 3.084693e-03
5.778439e+00 3.259278e+00 9.994765e-01 1.000510e+00 1.002039e+00 9.992660e-01 1.196878e+00 3 0 5.451579e-03 -6.538967e-04 -4.931757e-04 -4.928843e-03 1.607210e-04
5.682328e+00 3.833718e+00 9.984675e-01 1.000022e+00 1.000619e+00 9.978345e-01 1.195991e+00 3 0 5.696208e-03 2.753724e-03 -4.271574e-03 -5.882452e-05 -7.025298e-03
4.933209e+00 2.016782e+00 9.981925e-01 9.902706e-01 1.010276e+00 9.970643e-01 1.196291e+00 3 0 1.846936e-02 2.884252e-03 -1.712904e-02 -1.296703e-02 -2.001330e-02
4.952566e+00 2.564706e+00 1.002116e+00 9.932859e-01 1.003752e+00 1.002709e+00 1.193122e+00 3 0 1.004876e-02 5.437116e-03 2.044799e-03 -8.936097e-03 -3.392317e-03
4.884012e+00 3.476339e+00 1.005901e+00 9.969835e-01 1.000197e+00 1.008339e+00 1.192102e+00 3 0 2.907497e-03 2.425903e-03 3.952198e-03 2.083014e-03 1.526295e-03
4.787901e+00 4.053149e+00 1.002366e+00 9.969495e-01 1.003535e+00 1.003341e+00 1.194944e+00 3 0 8.325105e-04 -3.899409e-03 2.644490e-03 1.295436e-02 6.543899e-03
4.380423e+00 2.151813e+00 9.989684e-01 9.862808e-01 1.013973e+00 9.989085e-01 1.195531e+00 3 0 -1.334406e-02 8.304464e-03 -5.874164e-03 -4.147599e-02 -1.417863e-02
4.399780e+00 2.700088e+00 1.002407e+00 9.906751e-01 1.000177e+00 1.003091e+00 1.189369e+00 3 0 9.841962e-04 7.134984e-03 2.714605e-03 -1.397985e-02 -4.420378e-03
4.331225e+00 3.610392e+00 9.998208e-01 9.959515e-01 9.977576e-01 9.997125e-01 1.191534e+00 3 0 2.929023e-03 4.384344e-03 6.906732e-03 6.035011e-03 2.522389e-03
4.235114e+00 4.184922e+00 9.984169e-01 9.970023e-01 1.001825e+00 9.977872e-01 1.194908e+00 3 0 -8.041027e-03 -6.526727e-03 8.974190e-03 8.646064e-03 1.550092e-02
VARIABLES = "X", "Y", "ro", "u", "v", "pre", "Ma", "PART", "IMEX", "Ux", "Uy", "Vx", "Vy", "Vort" 
ZONE I=4, J=4, DATAPACKING=POINT
6.235114e+00 3.719815e+00 9.916802e-01 1.005178e+00 9.998627e-01 9.883846e-01 1.200241e+00 3 0 9.364561e-03 -9.814479e-03 4.031131e-03 -6.378107e-03 1.384561e-02
6.110924e+00 4.295707e+00 9.982343e-01 9.966117e-01 9.965449e-01 9.975610e-01 1.191541e+00 3 0 7.733552e-03 -1.122790e-02 -1.125210e-02 -3.972334e-03 -2.420960e-05
5.889076e+00 5.235206e+00 1.007436e+00 9.910990e-01 1.000471e+00 1.010421e+00 1.188445e+00 3 0 1.035134e-02 5.956449e-03 5.721405e-03 9.861893e-03 -2.350437e-04
5.764886e+00 5.815078e+00 1.006699e+00 9.981042e-01 1.006103e+00 1.009391e+00 1.196155e+00 3 0 1.413907e-02 2.846072e-02 2.028832e-02 1.557949e-02 -8.172402e-03
5.682328e+00 3.833718e+00 9.985898e-01 1.000674e+00 1.000452e+00 9.980154e-01 1.196245e+00 3 0 4.817380e-03 -5.725154e-03 -2.349373e-03 1.072808e-02 3.375781e-03
5.558137e+00 4.415369e+00 9.962957e-01 9.951300e-01 1.002881e+00 9.948155e-01 1.194937e+00 3 0 -5.182406e-03 -1.033776e-02 -1.098891e-02 -4.269852e-03 -6.511555e-04
5.336290e+00 5.363322e+00 1.006897e+00 9.907523e-01 9.984037e-01 1.009687e+00 1.187113e+00 3 0 -7.642838e-03 1.207284e-04 1.235118e-03 -3.313616e-03 1.114389e-03
5.212100e+00 5.946851e+00 1.007797e+00 9.949923e-01 9.990026e-01 1.010955e+00 1.189779e+00 3 0 6.113302e-03 1.444779e-02 1.070998e-02 8.737258e-03 -3.737808e-03
4.787901e+00 4.053149e+00 1.002126e+00 9.963997e-01 1.004230e+00 1.002988e+00 1.195101e+00 3 0 5.665091e-03 9.136199e-03 3.060630e-03 1.362173e-02 -6.075569e-03
4.663710e+00 4.636678e+00 9.966140e-01 1.001289e+00 1.006068e+00 9.952457e-01 1.200453e+00 3 0 -6.720712e-03 5.176590e-03 4.147530e-03 -2.025209e-03 -1.029060e-03
4.441863e+00 5.584631e+00 9.978844e-01 1.002806e+00 1.000536e+00 9.970215e-01 1.197744e+00 3 0 -1.526212e-02 -8.155373e-03 -8.618439e-03 -6.757898e-03 -4.630660e-04
4.317672e+00 6.166282e+00 9.995965e-01 9.970616e-01 1.000114e+00 9.994205e-01 1.193647e+00 3 0 -1.086853e-02 -1.891860e-02 -1.156347e-02 2.263972e-03 7.355131e-03
4.235114e+00 4.184922e+00 9.991477e-01 9.956233e-01 1.001355e+00 9.987890e-01 1.193642e+00 3 0 -2.491881e-03 1.545695e-02 9.080327e-03 -5.617196e-03 -6.376622e-03
4.110924e+00 4.764794e+00 1.000365e+00 1.004398e+00 1.000181e+00 1.000564e+00 1.197849e+00 3 0 1.326902e-03 1.029750e-02 1.625081e-02 5.477196e-03 5.953310e-03
3.889076e+00 5.704293e+00 9.956290e-01 1.006187e+00 1.005745e+00 9.938706e-01 1.203422e+00 3 0 6.900046e-03 -3.741294e-03 -7.964585e-03 6.688611e-03 -4.223291e-03
3.764886e+00 6.280185e+00 9.930888e-01 1.001593e+00 1.010488e+00 9.902737e-01 1.204168e+00 3 0 -1.067711e-02 -1.239060e-02 -2.067393e-02 1.810619e-04 -8.283335e-03
VARIABLES = "X", "Y", "ro", "u", "v", "pre", "Ma", "PART", "IMEX", "Ux", "Uy", "Vx", "Vy", "Vort" 
ZONE I=4, J=4, DATAPACKING=POINT
5.764886e+00 5.815078e+00 1.006786e+00 9.994443e-01 1.006459e+00 1.009508e+00 1.197146e+00 3 0 1.099729e-02 4.317374e-03 2.182912e-02 7.513532e-03 1.751175e-02
5.668775e+00 6.389608e+00 1.001860e+00 9.996123e-01 1.006653e+00 1.002629e+00 1.198521e+00 3 0 -8.868044e-03 1.177087e-03 -2.252611e-04 -8.600128e-04 -1.402349e-03
5.600220e+00 7.299912e+00 9.922306e-01 1.003640e+00 1.004290e+00 9.891366e-01 1.201843e+00 3 0 -2.603792e-03 4.937843e-03 6.523715e-03 -5.489273e-03 1.585872e-03
5.619577e+00 7.848187e+00 9.963577e-01 1.005237e+00 9.989617e-01 9.948801e-01 1.198633e+00 3 0 -4.623841e-03 1.152314e-03 -2.115458e-03 -1.923474e-02 -3.267771e-03
5.212100e+00 5.946851e+00 1.008400e+00 9.949869e-01 9.987376e-01 1.011792e+00 1.189481e+00 3 0 7.735318e-03 1.476065e-02 1.368943e-02 2.173451e-02 -1.071221e-03
5.115988e+00 6.523661e+00 9.985414e-01 1.000436e+00 1.005239e+00 9.979831e-01 1.198958e+00 3 0 5.720085e-03 6.686709e-03 5.494472e-03 4.247846e-03 -1.192236e-03
5.047434e+00 7.435294e+00 9.973515e-01 1.002445e+00 1.001483e+00 9.962748e-01 1.198223e+00 3 0 4.606100e-03 2.104724e-04 8.656005e-04 -7.765652e-03 6.551282e-04
5.066791e+00 7.983219e+00 9.989913e-01 1.003072e+00 9.987526e-01 9.985777e-01 1.196570e+00 3 0 7.676250e-03 4.281675e-03 9.539489e-04 2.728325e-03 -3.327726e-03
4.317672e+00 6.166282e+00 9.987199e-01 9.966644e-01 1.000213e+00 9.981880e-01 1.193682e+00 3 0 -9.200178e-03 -9.545546e-03 -1.127333e-02 2.029658e-03 -1.727785e-03
4.221561e+00 6.740722e+00 1.004702e+00 9.954339e-01 1.001347e+00 1.006601e+00 1.192183e+00 3 0 2.838469e-03 1.821292e-03 2.494765e-03 4.949388e-04 6.734728e-04
4.153006e+00 7.650179e+00 1.007363e+00 9.986357e-01 9.998103e-01 1.010295e+00 1.192566e+00 3 0 2.943922e-03 3.130188e-03 1.908760e-03 -3.066283e-03 -1.221427e-03
4.172364e+00 8.198759e+00 1.003646e+00 9.986789e-01 9.978137e-01 1.005073e+00 1.192285e+00 3 0 -8.927317e-04 -6.068222e-03 9.562164e-04 -4.692069e-03 7.024438e-03
3.764886e+00 6.280185e+00 9.932351e-01 1.001463e+00 1.009685e+00 9.904587e-01 1.203584e+00 3 0 -1.110212e-02 -1.376125e-02 -2.332795e-02 -2.743749e-02 -9.566699e-03
3.668775e+00 6.849690e+00 1.005033e+00 9.977233e-01 1.001667e+00 1.007084e+00 1.193649e+00 3 0 -1.404206e-02 -4.703350e-03 -5.730298e-03 -9.840428e-03 -1.026949e-03
3.600220e+00 7.755384e+00 1.010033e+00 9.984968e-01 9.973811e-01 1.014052e+00 1.190399e+00 3 0 7.203383e-05 3.536782e-03 5.533578e-03 -2.002231e-03 1.996796e-03
3.619577e+00 8.305046e+00 1.006023e+00 1.001033e+00 9.965777e-01 1.008420e+00 1.192384e+00 3 0 -8.205004e-03 7.646482e-03 2.440773e-03 -1.096653e-03 -5.205709e-03
VARIABLES = "X", "Y", "ro", "u", "v", "pre", "Ma", "PART", "IMEX", "Ux", "Uy", "Vx", "Vy", "Vort" 
ZONE I=4, J=4, DATAPACKING=POINT
8.000000e+00 -3.804226e-01 1.000975e+00 9.975382e-01 9.971402e-01 1.000707e+00 1.192208e+00 3 0 2.375151e-02 -5.698215e-03 -2.474263e-02 1.105455e-02 -1.904442e-02
8.136154e+00 1.843164e-01 1.001721e+00 9.980571e-01 9.999211e-01 1.002114e+00 1.193787e+00 3 0 2.701876e-02 -5.348683e-03 -1.580743e-02 9.897362e-03 -1.045874e-02
8.315632e+00 1.098601e+00 1.003811e+00 9.988397e-01 1.004582e+00 1.005567e+00 1.196233e+00 3 0 1.397905e-02 -8.549668e-04 -5.514700e-03 2.065722e-03 -4.659734e-03
8.380423e+00 1.659658e+00 1.009743e+00 9.997111e-01 1.002273e+00 1.013905e+00 1.193957e+00 3 0 6.885309e-03 5.789938e-04 -4.297955e-04 -1.075515e-02 -1.008789e-03
7.447214e+00 -3.997800e-01 9.972842e-01 9.931097e-01 1.004789e+00 9.963006e-01 1.194583e+00 3 0 -6.484508e-03 -5.520178e-03 -8.629559e-03 2.421964e-03 -3.109381e-03
7.583367e+00 1.533350e-01 9.999424e-01 9.907167e-01 1.005445e+00 9.997049e-01 1.193109e+00 3 0 -5.749819e-04 -7.076739e-04 -7.876401e-03 3.179933e-03 -7.168728e-03
7.762846e+00 1.052656e+00 1.002082e+00 9.937565e-01 1.004643e+00 1.002406e+00 1.194097e+00 3 0 2.238555e-03 6.096105e-03 2.374777e-03 -4.999197e-03 -3.721328e-03
7.827636e+00 1.608446e+00 1.006369e+00 9.975510e-01 9.999887e-01 1.008585e+00 1.192447e+00 3 0 -4.674701e-05 5.984850e-03 6.819545e-03 -1.340957e-02 8.346946e-04
6.552786e+00 -3.312253e-01 9.940990e-01 1.008179e+00 1.003729e+00 9.922507e-01 1.203467e+00 3 0 -1.916291e-02 -3.864655e-03 1.278094e-02 5.407647e-03 1.664560e-02
6.688940e+00 2.036113e-01 9.958549e-01 1.003662e+00 1.005666e+00 9.949655e-01 1.201340e+00 3 0 -2.206001e-02 -1.108461e-03 9.650642e-03 -3.670089e-03 1.075910e-02
6.868419e+00 1.078298e+00 9.997088e-01 1.001186e+00 1.000259e+00 1.000131e+00 1.195840e+00 3 0 -1.729649e-02 3.384862e-03 6.790211e-03 -9.985136e-03 3.405349e-03
6.933209e+00 1.625098e+00 1.000192e+00 1.002890e+00 9.955046e-01 1.000475e+00 1.194108e+00 3 0 -1.095984e-02 7.938056e-03 1.495377e-03 -8.019023e-03 -6.442679e-03
6.000000e+00 -2.351141e-01 9.941481e-01 1.014033e+00 9.927243e-01 9.897307e-01 1.202008e+00 3 0 1.571387e-03 1.523520e-03 2.410961e-02 3.398054e-03 2.258609e-02
6.136154e+00 2.908820e-01 9.951595e-01 1.014070e+00 9.949406e-01 9.923724e-01 1.202353e+00 3 0 -9.582103e-03 1.555282e-03 2.578609e-02 -5.483427e-03 2.423081e-02
6.315632e+00 1.152951e+00 1.002304e+00 1.012463e+00 9.945237e-01 1.003339e+00 1.198833e+00 3 0 -1.717935e-02 -2.858619e-04 1.404786e-02 -1.845897e-03 1.433372e-02
6.380423e+00 1.694954e+00 1.002258e+00 1.010437e+00 9.956271e-01 1.003178e+00 1.198336e+00 3 0 -1.226316e-02 -3.054169e-03 -3.089909e-04 2.440452e-03 2.745178e-03
VARIABLES = "X", "Y", "ro", "u", "v", "pre", "Ma", "PART", "IMEX", "Ux", "Uy", "Vx", "Vy", "Vort" 
ZONE I=4, J=4, DATAPACKING=POINT
8.380423e+00 1.659658e+00 1.009300e+00 9.994813e-01 1.002249e+00 1.013285e+00 1.193909e+00 3 0 6.618165e-03 4.646390e-03 -8.366883e-04 -9.132051e-04 -5.483078e-03
8.399780e+00 2.215026e+00 1.014203e+00 9.998340e-01 1.001362e+00 1.020040e+00 1.192517e+00 3 0 -1.712743e-03 -2.991362e-03 -2.722537e-03 -1.950576e-03 2.688244e-04
8.331225e+00 3.100539e+00 1.010712e+00 9.974157e-01 1.000783e+00 1.015036e+00 1.191608e+00 3 0 -1.215589e-02 -6.770260e-04 -6.912412e-03 9.872619e-04 -6.235386e-03
8.235114e+00 3.641915e+00 1.000774e+00 1.001009e+00 1.003553e+00 1.001061e+00 1.197784e+00 3 0 3.862505e-03 1.219268e-02 1.260925e-02 1.243574e-02 4.165690e-04
7.827636e+00 1.608446e+00 1.006208e+00 9.973680e-01 9.999381e-01 1.008348e+00 1.192352e+00 3 0 -7.333636e-04 9.482602e-03 6.159869e-03 -4.359557e-03 -3.322733e-03
7.846994e+00 2.162256e+00 1.006572e+00 1.000865e+00 1.000101e+00 1.009166e+00 1.194268e+00 3 0 -1.458344e-03 3.399659e-03 4.301656e-03 3.190406e-03 9.019965e-04
7.778439e+00 3.053319e+00 1.000540e+00 1.001771e+00 1.002476e+00 1.000799e+00 1.197612e+00 3 0 -4.668204e-03 -1.125224e-03 -1.388511e-03 -1.287441e-03 -2.632877e-04
7.682328e+00 3.602622e+00 1.001040e+00 1.001224e+00 9.987796e-01 1.001447e+00 1.194989e+00 3 0 -2.375738e-03 -4.747016e-03 3.606332e-03 -1.311481e-02 8.353348e-03
6.933209e+00 1.625098e+00 1.000361e+00 1.003314e+00 9.954472e-01 1.000714e+00 1.194287e+00 3 0 -1.184624e-02 1.062187e-03 2.877866e-03 2.808898e-03 1.815679e-03
6.952566e+00 2.176216e+00 9.941231e-01 1.002887e+00 9.983083e-01 9.917766e-01 1.197360e+00 3 0 -4.740030e-03 -4.983673e-04 -2.856360e-03 6.342504e-03 -2.357992e-03
6.884012e+00 3.076801e+00 9.889530e-01 1.002981e+00 1.002317e+00 9.845505e-01 1.201071e+00 3 0 6.075714e-04 8.160841e-04 1.369855e-03 1.819688e-04 5.537704e-04
6.787901e+00 3.639374e+00 9.933724e-01 1.003661e+00 9.992630e-01 9.907528e-01 1.198560e+00 3 0 -1.291348e-03 2.824581e-03 -2.668558e-03 -1.341728e-02 -5.493139e-03
6.380423e+00 1.694954e+00 1.002892e+00 1.010552e+00 9.951194e-01 1.004051e+00 1.197962e+00 3 0 -1.069318e-02 -5.533899e-03 3.726731e-03 2.050851e-02 9.260629e-03
6.399780e+00 2.244616e+00 9.935855e-01 1.007245e+00 1.003130e+00 9.909680e-01 1.203017e+00 3 0 -1.295323e-02 -5.742821e-03 -1.098243e-02 6.888968e-03 -5.239605e-03
6.331225e+00 3.150310e+00 9.917325e-01 1.003074e+00 1.001332e+00 9.884726e-01 1.199836e+00 3 0 -4.629198e-03 -2.967718e-03 -9.851931e-05 -7.132981e-03 2.869198e-03
6.235114e+00 3.719815e+00 9.929324e-01 1.003760e+00 9.984645e-01 9.901540e-01 1.198240e+00 3 0 3.063393e-03 1.090930e-02 5.237722e-03 5.707869e-03 -5.671576e-03
VARIABLES = "X", "Y", "ro", "u", "v", "pre", "Ma", "PART", "IMEX", "Ux", "Uy", "Vx", "Vy", "Vort" 
ZONE I=4, J=4, DATAPACKING=POINT
8.235114e+00 3.641915e+00 1.000616e+00 1.000305e+00 1.003751e+00 1.000820e+00 1.197532e+00 3 0 5.382057e-03 2.087890e-02 1.193161e-02 8.802364e-03 -8.947296e-03
8.110924e+00 4.181895e+00 9.947059e-01 1.008359e+00 1.004190e+00 9.926035e-01 1.204004e+00 3 0 -1.022085e-03 7.992161e-03 5.140366e-03 -1.407215e-03 -2.851795e-03
7.889076e+00 5.059107e+00 9.970020e-01 1.008123e+00 1.000459e+00 9.958016e-01 1.201089e+00 3 0 -7.053915e-03 -7.924542e-03 -3.965699e-03 -4.587822e-03 3.958843e-03
7.764886e+00 5.605527e+00 9.977008e-01 1.004594e+00 9.997267e-01 9.967578e-01 1.198381e+00 3 0 -4.495581e-03 -4.188068e-03 -2.127893e-03 6.409488e-04 2.060175e-03
7.682328e+00 3.602622e+00 1.001203e+00 1.000338e+00 9.986856e-01 1.001678e+00 1.194362e+00 3 0 -3.508049e-03 1.256349e-02 4.721596e-03 -4.423637e-03 -7.841892e-03
7.558137e+00 4.153053e+00 9.993764e-01 1.007278e+00 9.988761e-01 9.990861e-01 1.199091e+00 3 0 4.855503e-03 1.004193e-02 1.109617e-02 7.084949e-03 1.054243e-03
7.336290e+00 5.049328e+00 9.937482e-01 1.009388e+00 1.003796e+00 9.912600e-01 1.204621e+00 3 0 1.252400e-03 -3.906920e-03 -5.250264e-03 2.059594e-03 -1.343344e-03
7.212100e+00 5.606527e+00 9.944244e-01 1.004983e+00 1.003255e+00 9.922403e-01 1.201472e+00 3 0 -1.443340e-04 -1.255337e-02 -8.341653e-03 -7.097029e-03 4.211718e-03
6.787901e+00 3.639374e+00 9.935083e-01 1.004129e+00 9.989344e-01 9.909364e-01 1.198616e+00 3 0 -4.670005e-03 -1.047764e-02 -6.533485e-03 -3.201989e-02 3.944151e-03
6.663710e+00 4.206748e+00 1.002897e+00 1.000754e+00 9.925728e-01 1.004055e+00 1.190564e+00 3 0 8.058330e-03 -5.319686e-06 -2.830033e-05 3.442075e-03 -2.298065e-05
6.441863e+00 5.132409e+00 9.989655e-01 1.002110e+00 1.004634e+00 9.985882e-01 1.199487e+00 3 0 1.648444e-02 6.205057e-03 6.988082e-03 1.587936e-02 7.830246e-04
6.317672e+00 5.705390e+00 9.999713e-01 1.002347e+00 1.008509e+00 9.999683e-01 1.201723e+00 3 0 5.773895e-03 -1.532440e-03 -1.812630e-03 -4.400023e-03 -2.801896e-04
6.235114e+00 3.719815e+00 9.912564e-01 1.005275e+00 1.000202e+00 9.878058e-01 1.200597e+00 3 0 -2.142234e-03 -1.017301e-02 1.234266e-04 -3.191488e-03 1.029644e-02
6.110924e+00 4.295707e+00 9.972310e-01 9.969261e-01 9.969785e-01 9.961619e-01 1.192225e+00 3 0 3.513992e-03 -1.273199e-02 -1.638753e-02 -6.148005e-03 -3.655543e-03
5.889076e+00 5.235206e+00 1.007934e+00 9.906380e-01 9.999843e-01 1.011099e+00 1.187774e+00 3 0 2.684665e-02 9.065365e-03 1.324791e-02 1.144545e-02 4.182541e-03
5.764886e+00 5.815078e+00 1.007668e+00 9.975606e-01 1.006172e+00 1.010741e+00 1.195649e+00 3 0 1.720374e-02 2.926282e-02 1.468756e-02 1.703913e-02 -1.457526e-02
VARIABLES = "X", "Y", "ro", "u", "v", "pre", "Ma", "PART", "IMEX", "Ux", "Uy", "Vx", "Vy", "Vort" 
ZONE I=4, J=4, DATAPACKING=POINT
7.764886e+00 5.605527e+00 9.973740e-01 1.005223e+00 9.995861e-01 9.962879e-01 1.198760e+00 3 0 -1.351381e-03 -1.681658e-02 -5.763630e-03 -9.897784e-03 1.105295e-02
7.668775e+00 6.155033e+00 1.002710e+00 1.001005e+00 9.967614e-01 1.003840e+00 1.193224e+00 3 0 -1.597534e-03 4.704854e-04 -7.333563e-03 -2.951823e-03 -7.804049e-03
7.600220e+00 7.048006e+00 1.004818e+00 1.005708e+00 1.000000e+00 1.006762e+00 1.197486e+00 3 0 3.090834e-02 5.172587e-03 6.945857e-03 9.420091e-03 1.773271e-03
7.619577e+00 7.601128e+00 9.998441e-01 1.005902e+00 1.007209e+00 9.997603e-01 1.203115e+00 3 0 1.767594e-02 -2.943976e-03 -6.877412e-03 1.634480e-02 -3.933436e-03
7.212100e+00 5.606527e+00 9.938978e-01 1.004565e+00 1.003598e+00 9.915012e-01 1.201557e+00 3 0 1.206852e-03 -3.922559e-03 -8.008234e-03 -7.948878e-03 -4.085675e-03
7.115988e+00 6.164373e+00 1.001085e+00 1.001297e+00 9.999926e-01 1.001557e+00 1.195718e+00 3 0 1.538185e-04 -7.883557e-03 -6.879044e-03 -6.206779e-03 1.004513e-03
7.047434e+00 7.063277e+00 1.012096e+00 9.949301e-01 9.995443e-01 1.016914e+00 1.189102e+00 3 0 1.018569e-02 -3.266147e-03 -3.407406e-03 6.832347e-03 -1.412596e-04
7.066791e+00 7.614727e+00 1.007108e+00 9.962207e-01 1.007776e+00 1.009955e+00 1.195947e+00 3 0 1.414310e-02 9.070447e-03 7.883832e-03 2.867395e-02 -1.186615e-03
6.317672e+00 5.705390e+00 1.000290e+00 1.002328e+00 1.008459e+00 1.000419e+00 1.201603e+00 3 0 4.115832e-03 -1.377589e-03 -3.070393e-03 -1.021744e-02 -1.692804e-03
6.221561e+00 6.275043e+00 1.003438e+00 9.999501e-01 1.005649e+00 1.004788e+00 1.197774e+00 3 0 7.020487e-04 -5.344953e-03 -5.153252e-03 -2.247217e-03 1.917010e-04
6.153006e+00 7.182123e+00 1.001725e+00 9.950993e-01 1.004637e+00 1.002440e+00 1.194658e+00 3 0 -1.006773e-02 -4.599917e-03 -4.712814e-03 -3.996961e-03 -1.128961e-04
6.172364e+00 7.731285e+00 1.006611e+00 9.929713e-01 9.996261e-01 1.009316e+00 1.189215e+00 3 0 -9.837352e-03 -5.473699e-03 3.929945e-03 -1.647734e-02 9.403644e-03
5.764886e+00 5.815078e+00 1.007825e+00 9.988108e-01 1.006752e+00 1.010960e+00 1.196703e+00 3 0 8.251382e-03 5.541246e-03 1.072500e-02 6.151832e-03 5.183756e-03
5.668775e+00 6.389608e+00 1.002102e+00 9.994812e-01 1.006691e+00 1.002978e+00 1.198402e+00 3 0 -1.628755e-04 2.297987e-03 1.702142e-03 -1.361118e-03 -5.958443e-04
5.600220e+00 7.299912e+00 9.923998e-01 1.002857e+00 1.004243e+00 9.893641e-01 1.201311e+00 3 0 -2.023389e-02 3.711587e-03 5.498284e-03 -4.595105e-03 1.786697e-03
5.619577e+00 7.848187e+00 9.973764e-01 1.003794e+00 9.996694e-01 9.962775e-01 1.197961e+00 3 0 -3.576722e-02 9.334951e-04 -1.189294e-02 -1.810592e-02 -1.282643e-02
