VARIABLES = "X", "Y", "ro", "u", "v", "pre", "Ma", "PART", "IMEX", "Ux", "Uy", "Vx", "Vy", "Vort" 
ZONE I=4, J=4, DATAPACKING=POINT
-5.619577e+00 -7.848187e+00 1.001896e+00 9.971681e-01 9.947529e-01 1.002663e+00 1.189946e+00 1 0 1.250766e-02 1.362259e-02 1.441565e-02 1.436377e-02 7.930570e-04
-5.600220e+00 -7.299912e+00 9.957874e-01 1.006577e+00 1.001288e+00 9.940849e-01 1.200960e+00 1 0 1.111036e-02 1.512756e-02 1.765290e-02 9.026545e-03 2.525341e-03
-5.668775e+00 -6.389608e+00 9.948099e-01 1.012672e+00 1.006250e+00 9.927321e-01 1.207805e+00 1 0 1.069781e-03 -2.874849e-03 -9.206737e-03 1.766965e-03 -6.331888e-03
-5.764886e+00 -5.815078e+00 9.994215e-01 1.007466e+00 1.007636e+00 9.992073e-01 1.204383e+00 1 0 3.729983e-03 -1.100598e-02 -1.606011e-02 -9.532880e-04 -5.054136e-03
-6.172364e+00 -7.731285e+00 1.003002e+00 9.961804e-01 9.911352e-01 1.004192e+00 1.186948e+00 1 0 -2.863184e-03 7.110116e-03 3.970599e-03 2.439510e-03 -3.139516e-03
-6.153006e+00 -7.182123e+00 1.002740e+00 1.000966e+00 9.950150e-01 1.003829e+00 1.192185e+00 1 0 1.258801e-02 8.777536e-03 9.564197e-03 1.200898e-02 7.866610e-04
-6.221561e+00 -6.275043e+00 9.984269e-01 1.006249e+00 1.008189e+00 9.978536e-01 1.204203e+00 1 0 1.857198e-02 3.971163e-03 2.830901e-03 1.406621e-02 -1.140262e-03
-6.317672e+00 -5.705390e+00 9.965908e-01 1.004769e+00 1.013589e+00 9.952544e-01 1.207021e+00 1 0 4.909336e-03 -6.427852e-03 -2.612972e-03 3.885123e-03 3.814880e-03
-7.066791e+00 -7.614727e+00 1.002138e+00 1.003048e+00 9.952596e-01 1.002981e+00 1.193724e+00 1 0 -9.452048e-03 -2.099216e-02 -1.493768e-02 -4.743327e-03 6.054474e-03
-7.047434e+00 -7.063277e+00 1.006497e+00 9.929168e-01 9.962505e-01 1.009155e+00 1.187190e+00 1 0 4.160161e-03 -1.256496e-02 -1.078962e-02 6.619521e-03 1.775339e-03
-7.115988e+00 -6.164373e+00 1.005818e+00 9.911625e-01 1.003876e+00 1.008186e+00 1.190887e+00 1 0 1.025634e-02 1.025196e-02 9.036591e-03 8.041899e-03 -1.215369e-03
-7.212100e+00 -5.606527e+00 1.002198e+00 9.996264e-01 1.005315e+00 1.003074e+00 1.197663e+00 1 0 5.116363e-03 2.129919e-02 2.054188e-02 1.689523e-03 -7.573110e-04
-7.619577e+00 -7.601128e+00 1.001059e+00 1.006261e+00 1.007742e+00 1.001448e+00 1.203363e+00 1 0 -5.617918e-03 -3.008333e-02 -2.872993e-02 1.776011e-03 1.353398e-03
-7.600220e+00 -7.048006e+00 1.002425e+00 9.926457e-01 1.006304e+00 1.003392e+00 1.194053e+00 1 0 -6.061120e-03 -1.485617e-02 -2.322725e-02 -6.133259e-03 -8.371078e-03
-7.668775e+00 -6.155033e+00 1.006313e+00 9.913732e-01 9.980457e-01 1.008826e+00 1.187430e+00 1 0 -1.083632e-02 8.075971e-03 1.226676e-02 -9.644324e-03 4.190785e-03
-7.764886e+00 -5.605527e+00 1.009356e+00 9.986088e-01 9.917037e-01 1.013102e+00 1.187245e+00 1 0 1.026297e-03 1.621648e-02 2.334756e-02 -8.238893e-03 7.131083e-03
VARIABLES = "X", "Y", "ro", "u", "v", "pre", "Ma", "PART", "IMEX", "Ux", "Uy", "Vx", "Vy", "Vort" 
ZONE I=4, J=4, DATAPACKING=POINT
-5.764886e+00 -5.815078e+00 9.996223e-01 1.008423e+00 1.007700e+00 9.994853e-01 1.204947e+00 1 0 4.002374e-03 -2.846690e-02 -1.811450e-02 -8.130024e-03 1.035240e-02
-5.889076e+00 -5.235206e+00 1.003803e+00 9.966040e-01 1.004790e+00 1.005314e+00 1.195173e+00 1 0 -1.654213e-02 -1.359856e-02 -9.280572e-03 -7.807424e-03 4.317985e-03
-6.110924e+00 -4.295707e+00 1.001885e+00 9.991957e-01 9.998801e-01 1.002668e+00 1.194210e+00 1 0 -1.880518e-02 9.016591e-03 5.621117e-03 -1.456774e-03 -3.395474e-03
-6.235114e+00 -3.719815e+00 9.993343e-01 1.009603e+00 1.000991e+00 9.991379e-01 1.201689e+00 1 0 9.543435e-03 2.898731e-02 2.138128e-02 1.718708e-02 -7.606032e-03
-6.317672e+00 -5.705390e+00 9.973886e-01 1.004639e+00 1.013813e+00 9.963680e-01 1.206886e+00 1 0 6.073609e-03 -4.713765e-03 -4.905366e-03 -9.117299e-03 -1.916011e-04
-6.441863e+00 -5.132409e+00 9.968270e-01 1.003068e+00 1.007272e+00 9.955566e-01 1.202177e+00 1 0 -1.151011e-02 -2.663855e-03 -1.680990e-03 -1.351388e-02 9.828649e-04
-6.663710e+00 -4.206748e+00 1.002300e+00 1.005535e+00 9.966321e-01 1.003268e+00 1.195958e+00 1 0 -9.466256e-03 2.083568e-03 1.085924e-03 -6.949446e-03 -9.976435e-04
-6.787901e+00 -3.639374e+00 1.007135e+00 1.007742e+00 9.955705e-01 1.010022e+00 1.195518e+00 1 0 2.622395e-03 2.547609e-03 4.439578e-03 6.170696e-03 1.891968e-03
-7.212100e+00 -5.606527e+00 1.002517e+00 9.993429e-01 1.005330e+00 1.003512e+00 1.197432e+00 1 0 4.924949e-03 2.571292e-02 2.096137e-02 -5.925390e-03 -4.751545e-03
-7.336290e+00 -5.049328e+00 1.000500e+00 1.009182e+00 1.001170e+00 1.000707e+00 1.201300e+00 1 0 1.419834e-03 1.089504e-02 1.186243e-02 -1.839096e-03 9.673813e-04
-7.558137e+00 -4.153053e+00 1.003115e+00 1.011257e+00 9.989838e-01 1.004394e+00 1.200606e+00 1 0 -4.046033e-05 -3.949934e-03 -4.409333e-03 -2.889928e-03 -4.593988e-04
-7.682328e+00 -3.602622e+00 1.006149e+00 1.008065e+00 9.972481e-01 1.008620e+00 1.196953e+00 1 0 -2.387072e-03 -8.375578e-03 -4.573301e-03 -6.355206e-03 3.802277e-03
-7.764886e+00 -5.605527e+00 1.009059e+00 9.988637e-01 9.910360e-01 1.012687e+00 1.187070e+00 1 0 -1.382433e-03 1.122466e-02 2.464877e-02 6.068932e-03 1.342410e-02
-7.889076e+00 -5.059107e+00 1.011559e+00 1.002867e+00 9.938934e-01 1.016210e+00 1.190571e+00 1 0 2.978477e-02 1.175214e-02 1.316780e-02 1.037675e-02 1.415656e-03
-8.110924e+00 -4.181895e+00 1.009095e+00 1.005901e+00 9.995428e-01 1.012756e+00 1.196321e+00 1 0 2.663850e-02 1.053817e-02 7.722615e-03 5.135341e-03 -2.815553e-03
-8.235114e+00 -3.641915e+00 1.003862e+00 1.009422e+00 9.990776e-01 1.005390e+00 1.199412e+00 1 0 2.893826e-03 1.097504e-02 3.555134e-03 -6.301960e-03 -7.419908e-03
VARIABLES = "X", "Y", "ro", "u", "v", "pre", "Ma", "PART", "IMEX", "Ux", "Uy", "Vx", "Vy", "Vort" 
ZONE I=4, J=4, DATAPACKING=POINT
-6.235114e+00 -3.719815e+00 9.971350e-01 1.011189e+00 1.002476e+00 9.960712e-01 1.204049e+00 1 0 1.342251e-02 3.040116e-03 2.726082e-02 2.934993e-03 2.422071e-02
-6.331225e+00 -3.150310e+00 1.006627e+00 1.008289e+00 9.981221e-01 1.009294e+00 1.197490e+00 1 0 -1.038425e-02 -5.906622e-03 -1.265722e-02 -8.810439e-03 -6.750594e-03
-6.399780e+00 -2.244616e+00 1.004162e+00 1.008831e+00 9.948830e-01 1.005790e+00 1.196508e+00 1 0 9.710726e-03 7.590555e-03 9.503334e-04 4.470864e-04 -6.640222e-03
-6.380423e+00 -1.694954e+00 9.947589e-01 1.015818e+00 9.960569e-01 9.926463e-01 1.203662e+00 1 0 2.642623e-02 1.670614e-02 2.535373e-02 1.643098e-04 8.647597e-03
-6.787901e+00 -3.639374e+00 1.007028e+00 1.007388e+00 9.958001e-01 1.009872e+00 1.195467e+00 1 0 4.996106e-03 1.099969e-02 5.988557e-03 1.567754e-02 -5.011133e-03
-6.884012e+00 -3.076801e+00 1.005933e+00 1.011064e+00 9.993305e-01 1.008271e+00 1.200067e+00 1 0 2.016414e-04 2.645168e-03 3.170660e-03 3.797736e-04 5.254913e-04
-6.952566e+00 -2.176216e+00 1.005008e+00 1.010029e+00 9.945598e-01 1.006980e+00 1.196833e+00 1 0 -4.245023e-03 -3.115285e-03 -2.298999e-03 -7.359244e-03 8.162856e-04
-6.933209e+00 -1.625098e+00 1.004325e+00 1.008827e+00 9.916567e-01 1.006053e+00 1.194534e+00 1 0 4.583561e-03 -8.480574e-04 -1.195832e-03 -7.482186e-04 -3.477748e-04
-7.682328e+00 -3.602622e+00 1.006295e+00 1.007758e+00 9.971933e-01 1.008823e+00 1.196702e+00 1 0 -3.432429e-03 -2.339678e-03 -3.680203e-03 -1.033616e-02 -1.340525e-03
-7.778439e+00 -3.053319e+00 1.007424e+00 1.008388e+00 9.951856e-01 1.010384e+00 1.195635e+00 1 0 2.349906e-03 2.500828e-03 2.291045e-03 9.726798e-04 -2.097837e-04
-7.846994e+00 -2.162256e+00 1.006097e+00 1.009219e+00 9.975645e-01 1.008573e+00 1.197829e+00 1 0 8.792254e-03 -1.841022e-03 -3.726326e-03 2.090718e-03 -1.885304e-03
-7.827636e+00 -1.608446e+00 1.005820e+00 1.006414e+00 9.974113e-01 1.008200e+00 1.196112e+00 1 0 8.167876e-03 -9.392605e-03 -7.768666e-03 -8.284198e-04 1.623939e-03
-8.235114e+00 -3.641915e+00 1.003920e+00 1.009632e+00 9.986492e-01 1.005450e+00 1.199282e+00 1 0 3.751861e-03 7.516253e-03 3.383311e-03 -9.334593e-03 -4.132942e-03
-8.331225e+00 -3.100539e+00 1.002816e+00 1.009474e+00 9.964575e-01 1.003981e+00 1.198103e+00 1 0 -7.752738e-03 -6.571882e-03 -7.094562e-03 -1.275365e-03 -5.226800e-04
-8.399780e+00 -2.215026e+00 1.004553e+00 1.001189e+00 9.987776e-01 1.006311e+00 1.194165e+00 1 0 1.964289e-02 -1.029986e-02 -2.342178e-03 4.010143e-03 7.957685e-03
-8.380423e+00 -1.659658e+00 1.003222e+00 9.964668e-01 1.000975e+00 1.004234e+00 1.193101e+00 1 0 3.353646e-02 -7.425408e-03 -7.570452e-03 4.978302e-03 -1.450439e-04
VARIABLES = "X", "Y", "ro", "u", "v", "pre", "Ma", "PART", "IMEX", "Ux", "Uy", "Vx", "Vy", "Vort" 
ZONE I=4, J=4, DATAPACKING=POINT
-6.380423e+00 -1.694954e+00 9.943098e-01 1.016055e+00 9.957263e-01 9.919933e-01 1.203733e+00 1 0 2.352844e-02 4.034542e-03 2.357193e-02 -9.703722e-03 1.953739e-02
-6.315632e+00 -1.152951e+00 9.955512e-01 1.018166e+00 9.945805e-01 9.937963e-01 1.203990e+00 1 0 1.901889e-02 -7.127431e-04 1.500842e-02 -1.259181e-03 1.572117e-02
-6.136154e+00 -2.908820e-01 9.957802e-01 1.018439e+00 9.975425e-01 9.939485e-01 1.205954e+00 1 0 1.445326e-02 -4.438646e-03 2.909333e-02 -1.766841e-03 3.353198e-02
-6.000000e+00 2.351141e-01 9.925836e-01 1.017921e+00 1.001111e+00 9.894354e-01 1.208562e+00 1 0 1.459377e-03 1.998512e-04 4.535673e-02 -8.812712e-04 4.515688e-02
-6.933209e+00 -1.625098e+00 1.003743e+00 1.008782e+00 9.919951e-01 1.005260e+00 1.194833e+00 1 0 5.241449e-03 9.843430e-04 -1.550321e-03 7.398843e-03 -2.534664e-03
-6.868419e+00 -1.078298e+00 1.002478e+00 1.008981e+00 9.948912e-01 1.003436e+00 1.197000e+00 1 0 9.978188e-03 -1.916588e-03 -5.419240e-03 5.310209e-03 -3.502652e-03
-6.688940e+00 -2.036113e-01 1.002447e+00 1.009389e+00 9.975572e-01 1.003559e+00 1.198736e+00 1 0 1.179582e-02 -2.652199e-04 -7.580553e-03 2.899350e-03 -7.315333e-03
-6.552786e+00 3.312253e-01 1.001640e+00 1.012021e+00 9.970174e-01 1.002433e+00 1.200189e+00 1 0 1.146206e-02 3.733425e-03 -3.251381e-03 -3.374167e-03 -6.984806e-03
-7.827636e+00 -1.608446e+00 1.005734e+00 1.006372e+00 9.980378e-01 1.008069e+00 1.196486e+00 1 0 7.629212e-03 -8.068283e-03 -7.633218e-03 4.416927e-03 4.350654e-04
-7.762846e+00 -1.052656e+00 1.000666e+00 1.003417e+00 9.999421e-01 1.000948e+00 1.197070e+00 1 0 7.809248e-03 -4.690052e-03 -2.596772e-03 4.564066e-03 2.093280e-03
-7.583367e+00 -1.533350e-01 1.000958e+00 1.002358e+00 1.001764e+00 1.001196e+00 1.197550e+00 1 0 6.921525e-03 -8.729514e-04 3.233308e-03 -2.718077e-03 4.106259e-03
-7.447214e+00 3.997800e-01 1.007673e+00 1.003072e+00 9.984776e-01 1.010678e+00 1.194378e+00 1 0 9.559863e-03 -1.606173e-03 4.000784e-03 -8.639199e-03 5.606956e-03
-8.380423e+00 -1.659658e+00 1.003668e+00 9.966624e-01 1.001213e+00 1.004862e+00 1.193252e+00 1 0 3.394022e-02 -8.937606e-03 -6.209319e-03 -1.161666e-03 2.728287e-03
-8.315632e+00 -1.098601e+00 9.980847e-01 9.950220e-01 9.999149e-01 9.968640e-01 1.192936e+00 1 0 2.723744e-02 -4.204361e-03 -1.335847e-03 -2.096384e-03 2.868514e-03
-8.136154e+00 -1.843164e-01 9.956298e-01 9.966875e-01 9.973221e-01 9.932924e-01 1.193050e+00 1 0 1.382854e-02 -1.019199e-03 5.994767e-03 -4.847914e-03 7.013965e-03
-8.000000e+00 3.804226e-01 1.001633e+00 9.969412e-01 9.950072e-01 1.001635e+00 1.190416e+00 1 0 1.192771e-02 -5.448005e-03 1.465952e-03 -3.638720e-03 6.913957e-03
VARIABLES = "X", "Y", "ro", "u", "v", "pre", "Ma", "PART", "IMEX", "Ux", "Uy", "Vx", "Vy", "Vort" 
ZONE I=4, J=4, DATAPACKING=POINT
-3.619577e+00 -8.305046e+00 9.952065e-01 1.003448e+00 1.007795e+00 9.933464e-01 1.203076e+00 1 0 -1.840566e-02 1.559915e-02 1.402056e-02 -8.158782e-03 -1.578592e-03
-3.600220e+00 -7.755384e+00 9.954986e-01 1.005743e+00 9.992884e-01 9.936480e-01 1.199357e+00 1 0 -1.404333e-02 -3.206125e-03 -7.035654e-03 -1.607827e-02 -3.829529e-03
-3.668775e+00 -6.849690e+00 1.005226e+00 9.999937e-01 9.912067e-01 1.007333e+00 1.188737e+00 1 0 2.441818e-03 -5.694853e-03 -1.029547e-02 -1.505555e-03 -4.600620e-03
-3.764886e+00 -6.280185e+00 1.006490e+00 9.977858e-01 9.936348e-01 1.009078e+00 1.188577e+00 1 0 1.596172e-02 -4.152033e-03 1.058548e-02 2.169035e-03 1.473751e-02
-4.172364e+00 -8.198759e+00 9.959184e-01 1.010177e+00 1.000414e+00 9.942659e-01 1.202571e+00 1 0 -1.822239e-03 1.478349e-02 1.369134e-02 1.132804e-02 -1.092152e-03
-4.153006e+00 -7.650179e+00 9.910490e-01 1.010585e+00 1.001064e+00 9.874753e-01 1.204377e+00 1 0 -5.054491e-03 -7.198498e-03 -4.769176e-03 -3.390949e-03 2.429322e-03
-4.221561e+00 -6.740722e+00 9.988621e-01 1.001147e+00 9.969969e-01 9.984521e-01 1.194367e+00 1 0 -7.822013e-03 -1.181152e-02 -1.233443e-02 -7.345599e-03 -5.229151e-04
-4.317672e+00 -6.166282e+00 1.008335e+00 9.947546e-01 9.910831e-01 1.011672e+00 1.184808e+00 1 0 -7.288510e-03 -2.319670e-02 -6.885088e-03 -3.099348e-02 1.631161e-02
-5.066791e+00 -7.983219e+00 9.993866e-01 1.006292e+00 9.945286e-01 9.990962e-01 1.195914e+00 1 0 1.361183e-02 4.395625e-03 7.698024e-03 2.522743e-02 3.302399e-03
-5.047434e+00 -7.435294e+00 9.918990e-01 1.008678e+00 1.003842e+00 9.887207e-01 1.204646e+00 1 0 6.217053e-03 3.198703e-03 2.249166e-03 9.911214e-03 -9.495367e-04
-5.115988e+00 -6.523661e+00 9.934514e-01 1.007886e+00 1.004674e+00 9.908286e-01 1.204327e+00 1 0 -1.017352e-02 -6.996699e-03 -7.001918e-03 -8.047333e-03 -5.219279e-06
-5.212100e+00 -5.946851e+00 1.004094e+00 1.002720e+00 9.977706e-01 1.005748e+00 1.194542e+00 1 0 -1.538295e-02 -1.341831e-02 -2.053255e-02 -2.368887e-02 -7.114243e-03
-5.619577e+00 -7.848187e+00 1.001267e+00 9.970423e-01 9.954248e-01 1.001795e+00 1.190414e+00 1 0 2.352002e-02 1.202585e-02 1.368721e-03 1.511392e-02 -1.065713e-02
-5.600220e+00 -7.299912e+00 9.961116e-01 1.006152e+00 1.001514e+00 9.945254e-01 1.200770e+00 1 0 5.034168e-03 1.475548e-02 1.251162e-02 7.636046e-03 -2.243864e-03
-5.668775e+00 -6.389608e+00 9.959254e-01 1.012443e+00 1.005665e+00 9.942888e-01 1.207049e+00 1 0 -9.439705e-03 -3.192343e-03 8.891283e-04 3.518042e-03 4.081471e-03
-5.764886e+00 -5.815078e+00 9.990326e-01 1.008470e+00 1.008242e+00 9.986546e-01 1.205444e+00 1 0 -6.372371e-03 -8.673067e-03 -2.051700e-02 2.160848e-03 -1.184394e-02
VARIABLES = "X", "Y", "ro", "u", "v", "pre", "Ma", "PART", "IMEX", "Ux", "Uy", "Vx", "Vy", "Vort" 
ZONE I=4, J=4, DATAPACKING=POINT
-3.764886e+00 -6.280185e+00 1.009322e+00 9.957432e-01 9.911391e-01 1.013014e+00 1.185227e+00 1 0 3.297457e-02 3.006483e-02 2.858668e-02 4.775088e-02 -1.478153e-03
-3.889076e+00 -5.704293e+00 9.929467e-01 1.006064e+00 1.009210e+00 9.900687e-01 1.206107e+00 1 0 -5.771513e-03 4.922148e-03 5.777363e-03 1.460721e-02 8.552145e-04
-4.110924e+00 -4.764794e+00 1.005941e+00 1.000283e+00 1.003676e+00 1.008467e+00 1.196095e+00 1 0 -7.564221e-03 -9.911875e-03 -8.721506e-03 -1.322726e-02 1.190369e-03
-4.235114e+00 -4.184922e+00 1.003450e+00 1.004032e+00 1.007074e+00 1.004807e+00 1.201055e+00 1 0 2.724106e-02 5.465139e-02 3.415635e-02 6.338911e-02 -2.049504e-02
-4.317672e+00 -6.166282e+00 1.012170e+00 9.915789e-01 9.869211e-01 1.017006e+00 1.179568e+00 1 0 6.247588e-04 2.238978e-02 5.373480e-03 2.921043e-02 -1.701630e-02
-4.441863e+00 -5.584631e+00 1.000026e+00 1.004627e+00 1.004971e+00 1.000073e+00 1.200936e+00 1 0 1.169376e-02 1.543651e-02 1.626820e-02 2.400790e-02 8.316924e-04
-4.663710e+00 -4.636678e+00 1.003725e+00 1.004633e+00 1.008176e+00 1.005246e+00 1.201975e+00 1 0 -7.712745e-03 -9.671988e-03 -1.065010e-02 -1.140228e-02 -9.781132e-04
-4.787901e+00 -4.053149e+00 1.004353e+00 1.001630e+00 1.003444e+00 1.006087e+00 1.197229e+00 1 0 1.685904e-03 5.036485e-03 2.983964e-03 3.078622e-03 -2.052521e-03
-5.212100e+00 -5.946851e+00 1.003924e+00 1.003402e+00 9.968945e-01 1.005540e+00 1.194451e+00 1 0 -2.263597e-02 -2.753015e-02 -2.189549e-02 -1.308872e-02 5.634658e-03
-5.336290e+00 -5.363322e+00 1.011292e+00 9.962211e-01 9.988501e-01 1.015779e+00 1.189648e+00 1 0 6.158500e-03 -3.782968e-04 5.300863e-04 1.028813e-02 9.083832e-04
-5.558137e+00 -4.415369e+00 9.984292e-01 1.002878e+00 1.008792e+00 9.977845e-01 1.202597e+00 1 0 1.184411e-02 1.210609e-02 1.112149e-02 5.661532e-03 -9.845968e-04
-5.682328e+00 -3.833718e+00 9.975687e-01 1.004616e+00 1.002885e+00 9.966556e-01 1.200261e+00 1 0 -9.615419e-03 -1.293587e-02 -6.570565e-03 -3.459286e-02 6.365305e-03
-5.764886e+00 -5.815078e+00 9.991834e-01 1.009765e+00 1.008305e+00 9.988528e-01 1.206227e+00 1 0 -9.118949e-03 -3.314651e-02 -2.138751e-02 -7.108819e-03 1.175900e-02
-5.889076e+00 -5.235206e+00 1.003366e+00 9.961703e-01 1.005457e+00 1.004712e+00 1.195413e+00 1 0 -1.292013e-02 -1.593037e-02 -2.487462e-02 -1.272776e-02 -8.944243e-03
-6.110924e+00 -4.295707e+00 1.003349e+00 9.969974e-01 9.986422e-01 1.004718e+00 1.191810e+00 1 0 7.105191e-03 1.556278e-02 2.389937e-02 2.004723e-03 8.336588e-03
-6.235114e+00 -3.719815e+00 9.992651e-01 1.009720e+00 1.001468e+00 9.990503e-01 1.202053e+00 1 0 -4.253375e-03 3.664438e-02 1.098894e-02 2.628047e-02 -2.565544e-02
VARIABLES = "X", "Y", "ro", "u", "v", "pre", "Ma", "PART", "IMEX", "Ux", "Uy", "Vx", "Vy", "Vort" 
ZONE I=4, J=4, DATAPACKING=POINT
-4.235114e+00 -4.184922e+00 9.954372e-01 1.010725e+00 1.014904e+00 9.934886e-01 1.211734e+00 1 0 1.257242e-02 -4.169519e-02 2.882441e-02 -2.898389e-02 7.051961e-02
-4.331225e+00 -3.610392e+00 1.015860e+00 9.876756e-01 9.924554e-01 1.022252e+00 1.179652e+00 1 0 -3.273316e-02 -2.198455e-02 -3.826982e-02 -2.464880e-02 -1.628527e-02
-4.399780e+00 -2.700088e+00 1.001513e+00 9.949843e-01 9.979737e-01 1.002388e+00 1.190502e+00 1 0 3.581795e-02 2.328204e-02 2.697450e-02 2.184598e-02 3.692460e-03
-4.380423e+00 -2.151813e+00 9.929832e-01 1.003169e+00 1.004659e+00 9.903478e-01 1.201502e+00 1 0 9.674677e-03 -6.170886e-03 -5.342044e-05 -1.798770e-02 6.117466e-03
-4.787901e+00 -4.053149e+00 1.003260e+00 1.002671e+00 1.005134e+00 1.004555e+00 1.199120e+00 1 0 1.164749e-02 1.214528e-02 1.430461e-02 1.139334e-02 2.159335e-03
-4.884012e+00 -3.476339e+00 9.966539e-01 1.000864e+00 1.002149e+00 9.953548e-01 1.197810e+00 1 0 -1.944857e-02 -1.298178e-02 -1.125859e-02 -1.289323e-02 1.723184e-03
-4.952566e+00 -2.564706e+00 1.005396e+00 9.916414e-01 9.934338e-01 1.007589e+00 1.185018e+00 1 0 -1.273033e-02 -2.462688e-03 -1.511319e-03 -1.315532e-04 9.513688e-04
-4.933209e+00 -2.016782e+00 1.002375e+00 9.970966e-01 1.000881e+00 1.003262e+00 1.193494e+00 1 0 6.636676e-03 2.781992e-02 1.928025e-02 3.503236e-02 -8.539677e-03
-5.682328e+00 -3.833718e+00 9.994220e-01 1.003321e+00 1.000744e+00 9.992445e-01 1.197765e+00 1 0 -1.007660e-02 5.740668e-04 -2.578890e-03 -5.848004e-03 -3.152957e-03
-5.778439e+00 -3.259278e+00 9.967298e-01 1.007507e+00 1.001222e+00 9.954982e-01 1.201193e+00 1 0 -2.340024e-04 7.208168e-03 6.700946e-03 8.101396e-04 -5.072225e-04
-5.846994e+00 -2.349821e+00 9.976254e-01 1.011034e+00 9.979108e-01 9.966336e-01 1.201197e+00 1 0 -1.777168e-02 -1.167503e-03 -3.130090e-03 -7.315071e-03 -1.962587e-03
-5.827636e+00 -1.801241e+00 1.001737e+00 1.008306e+00 9.933585e-01 1.002378e+00 1.195874e+00 1 0 -2.070971e-02 -8.994874e-03 -8.093462e-04 -9.411847e-03 8.185528e-03
-6.235114e+00 -3.719815e+00 9.957640e-01 1.012191e+00 1.004133e+00 9.941713e-01 1.205959e+00 1 0 -1.964881e-02 -3.944730e-03 -8.089926e-03 -5.299904e-03 -4.145196e-03
-6.331225e+00 -3.150310e+00 1.007545e+00 1.008838e+00 9.975554e-01 1.010567e+00 1.197274e+00 1 0 -4.064132e-03 -4.152179e-03 2.041802e-03 -9.864986e-03 6.193981e-03
-6.399780e+00 -2.244616e+00 1.002930e+00 1.010897e+00 9.940801e-01 1.004070e+00 1.197565e+00 1 0 3.188650e-02 8.129024e-03 1.579384e-02 3.460721e-03 7.664812e-03
-6.380423e+00 -1.694954e+00 9.937941e-01 1.015939e+00 9.978197e-01 9.913149e-01 1.205004e+00 1 0 -2.274639e-03 8.679746e-03 -1.188979e-02 1.006998e-02 -2.056953e-02
VARIABLES = "X", "Y", "ro", "u", "v", "pre", "Ma", "PART", "IMEX", "Ux", "Uy", "Vx", "Vy", "Vort" 
ZONE I=4, J=4, DATAPACKING=POINT
-4.380423e+00 -2.151813e+00 9.951317e-01 1.002225e+00 1.001486e+00 9.934329e-01 1.198470e+00 1 0 -6.963147e-03 -2.914680e-02 -2.302410e-02 -1.327434e-02 6.122708e-03
-4.315632e+00 -1.613962e+00 1.002281e+00 9.970002e-01 1.001251e+00 1.002931e+00 1.193799e+00 1 0 -2.305261e-03 4.093561e-03 -3.277420e-02 8.392289e-03 -3.686776e-02
-4.136154e+00 -7.593906e-01 9.942281e-01 1.007034e+00 1.004857e+00 9.915172e-01 1.203978e+00 1 0 1.157202e-02 9.314534e-03 -5.620237e-02 1.678719e-02 -6.551690e-02
-4.000000e+00 -2.351141e-01 9.916076e-01 1.009944e+00 1.005846e+00 9.877818e-01 1.206998e+00 1 0 -5.640922e-03 4.088009e-05 -6.826973e-02 1.671913e-02 -6.831061e-02
-4.933209e+00 -2.016782e+00 1.000748e+00 9.980236e-01 1.002747e+00 1.000933e+00 1.195582e+00 1 0 2.258332e-03 9.968260e-03 1.087489e-02 5.824961e-03 9.066277e-04
-4.868419e+00 -1.480246e+00 1.003114e+00 1.000068e+00 1.002435e+00 1.004361e+00 1.195982e+00 1 0 -7.914247e-03 2.708878e-03 8.927921e-03 -2.386626e-03 6.219043e-03
-4.688940e+00 -6.304675e-01 1.002318e+00 1.001769e+00 1.004179e+00 1.003223e+00 1.198243e+00 1 0 2.772361e-03 4.044704e-03 2.009060e-02 1.258512e-03 1.604590e-02
-4.552786e+00 -1.109238e-01 9.964316e-01 1.005987e+00 1.008535e+00 9.949734e-01 1.204790e+00 1 0 1.000998e-02 9.820573e-03 2.189317e-02 3.851444e-03 1.207260e-02
-5.827636e+00 -1.801241e+00 1.002065e+00 1.007826e+00 9.929827e-01 1.002863e+00 1.195268e+00 1 0 -1.649293e-02 5.187174e-03 4.674462e-03 5.996012e-03 -5.127116e-04
-5.762846e+00 -1.262747e+00 1.001863e+00 1.009633e+00 9.944745e-01 1.002638e+00 1.197255e+00 1 0 -1.114393e-02 3.331756e-03 1.292578e-03 -1.100550e-03 -2.039177e-03
-5.583367e+00 -4.094312e-01 1.006625e+00 1.008281e+00 9.927127e-01 1.009845e+00 1.193950e+00 1 0 -1.409599e-02 -1.404081e-03 -5.545389e-03 8.246300e-04 -4.141307e-03
-5.447214e+00 1.109238e-01 1.007126e+00 1.004774e+00 9.942121e-01 1.010558e+00 1.192609e+00 1 0 -1.036703e-02 -6.338434e-03 -4.383915e-03 5.990134e-03 1.954519e-03
-6.380423e+00 -1.694954e+00 9.933681e-01 1.015832e+00 9.978330e-01 9.906429e-01 1.205097e+00 1 0 -7.758247e-03 1.497579e-03 -1.826078e-02 -6.184514e-03 -1.975836e-02
-6.315632e+00 -1.152951e+00 9.971074e-01 1.016512e+00 9.969839e-01 9.960703e-01 1.203977e+00 1 0 -1.746812e-02 3.801988e-03 -1.335247e-03 3.528145e-03 -5.137235e-03
-6.136154e+00 -2.908820e-01 9.966485e-01 1.016437e+00 1.002758e+00 9.948629e-01 1.207810e+00 1 0 -1.966324e-02 3.196099e-03 -9.072016e-03 1.093152e-02 -1.226811e-02
-6.000000e+00 2.351141e-01 9.926944e-01 1.015222e+00 1.008147e+00 9.892482e-01 1.211306e+00 1 0 -3.639943e-02 9.107708e-03 -1.648294e-02 2.388783e-02 -2.559065e-02
VARIABLES = "X", "Y", "ro", "u", "v", "pre", "Ma", "PART", "IMEX", "Ux", "Uy", "Vx", "Vy", "Vort" 
ZONE I=4, J=4, DATAPACKING=POINT
-1.619577e+00 -8.340342e+00 1.004025e+00 1.004876e+00 1.001811e+00 1.005539e+00 1.198323e+00 1 0 -2.542358e-03 -2.004144e-02 -1.827485e-02 -1.333366e-02 1.766582e-03
-1.600220e+00 -7.784974e+00 1.008399e+00 9.956130e-01 9.973140e-01 1.011733e+00 1.189038e+00 1 0 5.329841e-03 -1.061342e-02 -1.105047e-02 -6.092958e-03 -4.370537e-04
-1.668775e+00 -6.899461e+00 9.969268e-01 9.933434e-01 9.961117e-01 9.957125e-01 1.189653e+00 1 0 -3.822854e-03 2.947328e-03 3.212779e-03 5.129131e-03 2.654506e-04
-1.764886e+00 -6.358085e+00 9.872696e-01 9.953879e-01 1.001667e+00 9.822473e-01 1.196522e+00 1 0 -7.382173e-03 -1.998404e-03 -6.487688e-04 1.373385e-02 1.349635e-03
-2.172364e+00 -8.391554e+00 1.000183e+00 1.004284e+00 1.009849e+00 1.000193e+00 1.203674e+00 1 0 7.295572e-03 -1.851251e-02 -9.245967e-03 -1.561484e-02 9.266542e-03
-2.153006e+00 -7.837744e+00 1.005220e+00 9.966460e-01 1.002050e+00 1.007345e+00 1.193193e+00 1 0 -3.405845e-03 -7.184445e-03 -4.646478e-03 -1.412165e-02 2.537968e-03
-2.221561e+00 -6.946681e+00 9.984513e-01 9.974954e-01 9.941812e-01 9.978122e-01 1.190637e+00 1 0 -9.072471e-03 5.317032e-03 4.134792e-03 1.069616e-03 -1.182240e-03
-2.317672e+00 -6.397378e+00 9.903037e-01 1.001067e+00 1.000273e+00 9.864620e-01 1.198356e+00 1 0 -1.077282e-02 9.490341e-04 2.234964e-03 2.378664e-02 1.285930e-03
-3.066791e+00 -8.374902e+00 9.958949e-01 9.983583e-01 1.012668e+00 9.943122e-01 1.202805e+00 1 0 1.710547e-03 5.931513e-03 2.910263e-03 -1.023447e-02 -3.021250e-03
-3.047434e+00 -7.823784e+00 9.980177e-01 1.001589e+00 1.002309e+00 9.972427e-01 1.198023e+00 1 0 -6.643533e-03 3.764325e-03 2.776976e-03 -2.005217e-02 -9.873489e-04
-3.115988e+00 -6.923199e+00 1.003478e+00 1.003210e+00 9.907524e-01 1.004819e+00 1.190848e+00 1 0 -9.920022e-04 1.701131e-03 2.154772e-03 -3.233277e-04 4.536413e-04
-3.212100e+00 -6.360626e+00 9.994394e-01 1.006091e+00 9.971673e-01 9.992298e-01 1.197313e+00 1 0 5.110808e-03 1.478568e-02 7.547779e-03 2.919980e-02 -7.237903e-03
-3.619577e+00 -8.305046e+00 9.956543e-01 1.002959e+00 1.007972e+00 9.939703e-01 1.202782e+00 1 0 -1.905720e-02 1.657218e-02 1.209423e-02 -1.135417e-02 -4.477950e-03
-3.600220e+00 -7.755384e+00 9.955243e-01 1.006078e+00 9.986691e-01 9.936718e-01 1.199190e+00 1 0 -8.910703e-03 -1.984779e-03 3.658614e-03 -1.628197e-02 5.643392e-03
-3.668775e+00 -6.849690e+00 1.004952e+00 1.000517e+00 9.910320e-01 1.006949e+00 1.189011e+00 1 0 1.272169e-02 -4.620451e-03 -4.497847e-03 1.045801e-04 1.226048e-04
-3.764886e+00 -6.280185e+00 1.005491e+00 9.985995e-01 9.939454e-01 1.007667e+00 1.189490e+00 1 0 2.831136e-02 2.855547e-03 9.327552e-03 3.384781e-03 6.472004e-03
VARIABLES = "X", "Y", "ro", "u", "v", "pre", "Ma", "PART", "IMEX", "Ux", "Uy", "Vx", "Vy", "Vort" 
ZONE I=4, J=4, DATAPACKING=POINT
-1.764886e+00 -6.358085e+00 9.874638e-01 9.945500e-01 1.000715e+00 9.825411e-01 1.195388e+00 1 0 -7.499239e-03 4.719083e-03 1.919919e-03 2.872730e-03 -2.799163e-03
-1.889076e+00 -5.818105e+00 9.948645e-01 9.979592e-01 9.971617e-01 9.928733e-01 1.193508e+00 1 0 -2.681843e-03 2.440700e-03 -2.559914e-03 -1.384584e-02 -5.000615e-03
-2.110924e+00 -4.940893e+00 1.003980e+00 9.992374e-01 9.939404e-01 1.005566e+00 1.190216e+00 1 0 2.175670e-02 1.054653e-02 8.893608e-03 1.943146e-02 -1.652925e-03
-2.235114e+00 -4.394473e+00 9.876520e-01 1.008456e+00 1.016686e+00 9.825054e-01 1.213429e+00 1 0 2.939367e-02 5.225485e-02 3.769724e-02 7.350573e-02 -1.455761e-02
-2.317672e+00 -6.397378e+00 9.905271e-01 1.000624e+00 1.000086e+00 9.867981e-01 1.197910e+00 1 0 -1.290001e-02 4.856260e-03 1.284782e-04 1.228411e-02 -4.727782e-03
-2.441863e+00 -5.846947e+00 9.941991e-01 1.000871e+00 9.999579e-01 9.918853e-01 1.197118e+00 1 0 -6.205017e-03 -7.630089e-03 -6.821101e-03 -1.098773e-02 8.089876e-04
-2.663710e+00 -4.950672e+00 1.006482e+00 9.938915e-01 9.924342e-01 1.009021e+00 1.185563e+00 1 0 1.409864e-03 -3.653515e-03 -4.113992e-03 8.094320e-04 -4.604768e-04
-2.787901e+00 -4.393473e+00 1.001151e+00 9.959629e-01 1.001900e+00 1.001659e+00 1.193654e+00 1 0 1.852350e-02 1.654683e-02 2.009239e-02 3.876532e-02 3.545553e-03
-3.212100e+00 -6.360626e+00 9.986174e-01 1.007297e+00 9.980519e-01 9.981122e-01 1.198741e+00 1 0 4.643323e-03 5.168503e-03 1.042933e-02 3.738788e-02 5.260831e-03
-3.336290e+00 -5.793252e+00 9.926015e-01 1.005224e+00 1.006832e+00 9.895555e-01 1.204283e+00 1 0 -3.222074e-03 -6.939604e-03 -6.787964e-03 4.502908e-04 1.516400e-04
-3.558137e+00 -4.867591e+00 1.001243e+00 9.986270e-01 1.000684e+00 1.001761e+00 1.194509e+00 1 0 -9.522587e-03 -1.071700e-02 -1.179349e-02 -1.122789e-02 -1.076482e-03
-3.682328e+00 -4.294610e+00 1.009667e+00 9.915614e-01 9.980891e-01 1.013626e+00 1.186725e+00 1 0 -1.594175e-02 -2.803161e-02 -1.099285e-02 -4.732690e-03 1.703875e-02
-3.764886e+00 -6.280185e+00 1.007537e+00 9.973882e-01 9.916497e-01 1.010500e+00 1.186938e+00 1 0 4.474199e-02 2.817055e-02 2.768155e-02 4.606770e-02 -4.889979e-04
-3.889076e+00 -5.704293e+00 9.931929e-01 1.005375e+00 1.009265e+00 9.903916e-01 1.205682e+00 1 0 8.385964e-04 5.312991e-03 1.964597e-03 1.370183e-02 -3.348394e-03
-4.110924e+00 -4.764794e+00 1.005348e+00 1.001437e+00 1.003947e+00 1.007674e+00 1.197063e+00 1 0 1.804548e-03 -4.948082e-03 -1.411088e-03 -1.069570e-02 3.536995e-03
-4.235114e+00 -4.184922e+00 1.002668e+00 1.005464e+00 1.008956e+00 1.003684e+00 1.203238e+00 1 0 -2.729624e-02 3.749519e-02 -8.157840e-03 6.457765e-02 -4.565303e-02
VARIABLES = "X", "Y", "ro", "u", "v", "pre", "Ma", "PART", "IMEX", "Ux", "Uy", "Vx", "Vy", "Vort" 
ZONE I=4, J=4, DATAPACKING=POINT
-2.235114e+00 -4.394473e+00 9.889326e-01 1.012308e+00 1.014636e+00 9.839193e-01 1.214413e+00 1 0 3.963240e-02 -1.545490e-02 2.620022e-02 -2.285161e-02 4.165512e-02
-2.331225e+00 -3.844967e+00 1.000032e+00 1.000670e+00 1.008745e+00 1.000349e+00 1.200675e+00 1 0 -9.882072e-03 -9.032083e-03 -6.948065e-03 -3.810441e-03 2.084018e-03
-2.399780e+00 -2.951994e+00 1.004363e+00 1.003163e+00 1.003694e+00 1.005688e+00 1.198536e+00 1 0 1.293559e-02 1.856173e-03 6.091229e-03 -1.778608e-02 4.235056e-03
-2.380423e+00 -2.398872e+00 1.013689e+00 9.949327e-01 9.847035e-01 1.019245e+00 1.179846e+00 1 0 2.480442e-03 -4.731161e-02 -4.223298e-02 -5.658556e-02 5.078625e-03
-2.787901e+00 -4.393473e+00 1.001717e+00 9.955379e-01 1.001375e+00 1.002471e+00 1.192940e+00 1 0 2.581678e-02 2.146377e-02 2.338757e-02 3.185699e-02 1.923807e-03
-2.884012e+00 -3.835627e+00 9.968308e-01 1.002436e+00 1.009296e+00 9.956234e-01 1.202975e+00 1 0 4.061009e-03 7.524925e-03 6.698140e-03 3.385307e-03 -8.267854e-04
-2.952566e+00 -2.936723e+00 1.002421e+00 1.002147e+00 1.003312e+00 1.003214e+00 1.198017e+00 1 0 -5.847978e-03 -4.639524e-03 -1.868295e-03 -1.066227e-02 2.771229e-03
-2.933209e+00 -2.385273e+00 1.000930e+00 1.000987e+00 9.983362e-01 1.000997e+00 1.194785e+00 1 0 -1.151505e-02 1.144500e-02 -1.035291e-02 -1.130555e-02 -2.179791e-02
-3.682328e+00 -4.294610e+00 1.011595e+00 9.893577e-01 9.970044e-01 1.016358e+00 1.184303e+00 1 0 -1.879565e-02 -8.229581e-03 -2.143853e-02 -1.607433e-02 -1.320895e-02
-3.778439e+00 -3.724957e+00 1.010095e+00 9.947517e-01 9.973838e-01 1.014078e+00 1.188189e+00 1 0 1.347579e-02 1.607627e-02 1.704951e-02 9.020112e-03 9.732355e-04
-3.846994e+00 -2.817877e+00 9.976422e-01 1.006022e+00 1.002867e+00 9.967742e-01 1.201065e+00 1 0 6.190157e-03 5.571210e-03 4.593358e-03 4.315735e-04 -9.778523e-04
-3.827636e+00 -2.268715e+00 1.001203e+00 1.004569e+00 9.994217e-01 1.001966e+00 1.197162e+00 1 0 3.529801e-03 -1.329903e-02 -3.867071e-03 -8.528957e-03 9.431959e-03
-4.235114e+00 -4.184922e+00 9.943168e-01 1.011619e+00 1.018555e+00 9.918400e-01 1.214782e+00 1 0 -7.900225e-02 -6.073269e-02 -6.357020e-02 -5.474690e-02 -2.837507e-03
-4.331225e+00 -3.610392e+00 1.015576e+00 9.892564e-01 9.912817e-01 1.021810e+00 1.179983e+00 1 0 9.660390e-03 -1.567495e-02 -5.696585e-03 -2.480518e-02 9.978367e-03
-4.399780e+00 -2.700088e+00 1.000141e+00 9.953340e-01 9.980021e-01 1.000556e+00 1.191001e+00 1 0 4.247007e-02 1.896778e-02 2.040438e-02 2.674625e-02 1.436608e-03
-4.380423e+00 -2.151813e+00 9.935482e-01 9.994062e-01 1.005953e+00 9.911053e-01 1.199914e+00 1 0 -6.051502e-03 -1.876053e-02 -2.665317e-02 -2.388380e-02 -7.892647e-03
VARIABLES = "X", "Y", "ro", "u", "v", "pre", "Ma", "PART", "IMEX", "Ux", "Uy", "Vx", "Vy", "Vort" 
ZONE I=4, J=4, DATAPACKING=POINT
-2.380423e+00 -2.398872e+00 1.015282e+00 9.922500e-01 9.827891e-01 1.021613e+00 1.176662e+00 1 0 -1.141951e-02 -1.257050e-02 -3.250642e-02 -1.363167e-02 -1.993592e-02
-2.315632e+00 -1.844533e+00 1.001134e+00 1.012178e+00 9.752976e-01 1.002095e+00 1.187379e+00 1 0 1.085837e-01 4.675898e-02 1.311399e-03 -2.615711e-02 -4.544758e-02
-2.136154e+00 -9.423792e-01 9.838475e-01 1.058549e+00 9.023194e-01 9.784823e-01 1.178775e+00 1 0 1.397734e-01 -2.231007e-02 1.270160e-02 -1.534663e-01 3.501167e-02
-2.000000e+00 -3.804226e-01 1.006282e+00 1.036247e+00 7.913155e-01 1.014928e+00 1.097239e+00 1 0 -1.226663e-02 -7.551026e-02 -2.081626e-01 -1.676043e-01 -1.326523e-01
-2.933209e+00 -2.385273e+00 9.996714e-01 1.003459e+00 9.964043e-01 9.990729e-01 1.195512e+00 1 0 -1.813859e-02 -4.829656e-02 -1.622099e-02 -1.617699e-02 3.207557e-02
-2.868419e+00 -1.836544e+00 1.010468e+00 9.893578e-01 9.891829e-01 1.014651e+00 1.179965e+00 1 0 -2.580941e-03 6.332448e-04 -3.444720e-02 -1.150675e-02 -3.508044e-02
-2.688940e+00 -9.499711e-01 1.004838e+00 1.009560e+00 9.617663e-01 1.005348e+00 1.178140e+00 1 0 4.670320e-02 2.507609e-02 -1.118812e-01 -2.346452e-02 -1.369573e-01
-2.552786e+00 -3.997800e-01 9.982917e-01 1.029613e+00 9.266623e-01 9.961191e-01 1.171992e+00 1 0 3.553269e-02 4.136410e-02 -2.004916e-01 -2.372405e-02 -2.418557e-01
-3.827636e+00 -2.268715e+00 1.000215e+00 1.004157e+00 1.000935e+00 1.000501e+00 1.198102e+00 1 0 1.467417e-02 1.615125e-02 4.969941e-03 2.272851e-02 -1.118131e-02
-3.762846e+00 -1.727764e+00 9.969048e-01 1.008530e+00 1.008623e+00 9.960049e-01 1.206024e+00 1 0 -1.103669e-02 6.807643e-04 3.429043e-03 9.446956e-03 2.748279e-03
-3.583367e+00 -8.636394e-01 1.003734e+00 1.001022e+00 1.013032e+00 1.003795e+00 1.203612e+00 1 0 -1.106093e-02 -9.614553e-03 8.296238e-03 4.190949e-04 1.791079e-02
-3.447214e+00 -3.312254e-01 1.003244e+00 9.952506e-01 1.014831e+00 1.002248e+00 1.201907e+00 1 0 1.555614e-02 -1.572641e-02 1.153126e-03 1.359325e-02 1.687954e-02
-4.380423e+00 -2.151813e+00 9.977123e-01 9.976080e-01 1.001285e+00 9.971154e-01 1.194926e+00 1 0 -1.132238e-02 -1.703526e-02 -1.177994e-02 -2.736662e-02 5.255323e-03
-4.315632e+00 -1.613962e+00 1.001142e+00 9.964044e-01 9.963825e-01 1.000994e+00 1.191006e+00 1 0 6.081672e-02 -3.914603e-03 2.511260e-02 -9.129432e-03 2.902720e-02
-4.136154e+00 -7.593906e-01 9.959868e-01 1.004178e+00 9.949040e-01 9.943752e-01 1.195660e+00 1 0 -2.839475e-03 8.894657e-03 9.754177e-03 -1.378342e-03 8.595196e-04
-4.000000e+00 -2.351141e-01 9.983194e-01 1.006537e+00 9.971833e-01 9.976870e-01 1.197845e+00 1 0 -7.487543e-02 2.248303e-02 1.831277e-02 -6.709866e-03 -4.170264e-03
VARIABLES = "X", "Y", "ro", "u", "v", "pre", "Ma", "PART", "IMEX", "Ux", "Uy", "Vx", "Vy", "Vort" 
ZONE I=4, J=4, DATAPACKING=POINT
3.804226e-01 -7.905297e+00 1.001157e+00 9.997592e-01 9.995762e-01 1.001232e+00 1.194787e+00 1 0 7.920614e-03 -1.074082e-02 -5.634831e-03 -1.406299e-02 5.105987e-03
3.997800e-01 -7.347791e+00 1.009162e+00 9.947365e-01 9.983050e-01 1.012650e+00 1.189019e+00 1 0 3.522979e-03 -1.699279e-03 2.649131e-03 7.278372e-03 4.348410e-03
3.312253e-01 -6.470140e+00 9.982542e-01 1.001328e+00 1.007086e+00 9.977315e-01 1.200576e+00 1 0 -1.086859e-02 1.068340e-02 9.499185e-03 4.607223e-03 -1.184219e-03
2.351141e-01 -5.941124e+00 9.953078e-01 1.005030e+00 1.000636e+00 9.930111e-01 1.200003e+00 1 0 -4.735350e-03 -1.103380e-02 3.260443e-03 -3.744031e-02 1.429424e-02
-1.723638e-01 -8.043235e+00 9.990089e-01 9.984985e-01 1.001537e+00 9.980908e-01 1.195801e+00 1 0 1.375506e-03 -3.343889e-03 6.096009e-03 -2.244839e-02 9.439898e-03
-1.530064e-01 -7.485609e+00 1.008637e+00 9.971170e-01 9.960854e-01 1.011964e+00 1.189207e+00 1 0 -7.171634e-03 3.070696e-03 3.755100e-03 -6.196499e-04 6.844044e-04
-2.215611e-01 -6.608291e+00 9.975671e-01 1.004175e+00 1.002258e+00 9.967229e-01 1.199581e+00 1 0 -3.427066e-03 8.300293e-03 5.610811e-03 9.772575e-03 -2.689482e-03
-3.176723e-01 -6.079311e+00 9.890382e-01 1.005806e+00 1.003592e+00 9.844779e-01 1.203624e+00 1 0 4.127232e-03 -6.033115e-03 -1.093923e-03 -1.600647e-02 4.939192e-03
-1.066791e+00 -8.248484e+00 1.001786e+00 1.000701e+00 9.995338e-01 1.002286e+00 1.195071e+00 1 0 -6.400744e-03 3.674776e-03 3.252843e-03 -1.352384e-02 -4.219325e-04
-1.047434e+00 -7.691866e+00 1.004517e+00 1.000965e+00 9.946728e-01 1.006227e+00 1.191614e+00 1 0 1.174798e-03 -1.259011e-04 -4.936223e-04 -5.265747e-03 -3.677211e-04
-1.115988e+00 -6.810839e+00 9.941733e-01 1.000601e+00 9.969916e-01 9.918895e-01 1.195165e+00 1 0 8.993663e-03 8.040618e-04 1.106676e-03 1.123540e-02 3.026145e-04
-1.212100e+00 -6.276028e+00 9.830150e-01 1.000336e+00 1.005366e+00 9.763416e-01 1.202730e+00 1 0 7.736202e-03 2.227259e-03 3.404556e-04 1.279157e-02 -1.886804e-03
-1.619577e+00 -8.340342e+00 1.004825e+00 1.005105e+00 1.001533e+00 1.006663e+00 1.198102e+00 1 0 -7.094455e-03 -1.620258e-02 -7.610321e-03 -1.456861e-02 8.592259e-03
-1.600220e+00 -7.784974e+00 1.007524e+00 9.967158e-01 9.972207e-01 1.010502e+00 1.189847e+00 1 0 2.027783e-02 -1.021246e-02 -7.662241e-03 -5.209126e-03 2.550219e-03
-1.668775e+00 -6.899461e+00 9.957440e-01 9.938917e-01 9.965180e-01 9.940579e-01 1.190507e+00 1 0 1.598958e-02 4.820613e-03 -1.159762e-03 4.190863e-03 -5.980376e-03
-1.764886e+00 -6.358085e+00 9.868729e-01 9.956856e-01 1.001346e+00 9.816987e-01 1.196600e+00 1 0 9.163015e-03 1.974610e-03 9.693325e-03 1.426058e-02 7.718715e-03
VARIABLES = "X", "Y", "ro", "u", "v", "pre", "Ma", "PART", "IMEX", "Ux", "Uy", "Vx", "Vy", "Vort" 
ZONE I=4, J=4, DATAPACKING=POINT
2.351141e-01 -5.941124e+00 9.957135e-01 1.002775e+00 9.989112e-01 9.930704e-01 1.197829e+00 1 0 -1.604704e-02 1.044679e-02 -1.816342e-04 -1.706654e-02 -1.062842e-02
1.109238e-01 -5.419358e+00 9.965436e-01 1.007427e+00 9.970701e-01 9.957904e-01 1.198385e+00 1 0 3.874542e-03 -3.236649e-03 -1.309469e-03 1.534965e-03 1.927180e-03
-1.109238e-01 -4.580642e+00 9.955350e-01 9.938131e-01 1.001697e+00 9.939591e-01 1.193499e+00 1 0 6.312446e-03 -1.380449e-02 -8.537519e-03 7.397952e-03 5.266967e-03
-2.351141e-01 -4.058876e+00 9.949681e-01 9.963520e-01 1.010023e+00 9.919895e-01 1.200865e+00 1 0 -1.066240e-02 5.464240e-02 1.244341e-02 3.779893e-02 -4.219899e-02
-3.176723e-01 -6.079311e+00 9.903400e-01 1.005442e+00 1.001043e+00 9.861398e-01 1.201658e+00 1 0 -9.110397e-04 4.866414e-03 2.567908e-03 -2.754602e-02 -2.298506e-03
-4.418626e-01 -5.556845e+00 9.949665e-01 1.005459e+00 9.979742e-01 9.932767e-01 1.198307e+00 1 0 5.401622e-03 -4.593390e-03 -2.722676e-03 3.427477e-03 1.870713e-03
-6.637102e-01 -4.714802e+00 9.954509e-01 9.964749e-01 1.004352e+00 9.940398e-01 1.196581e+00 1 0 -8.571012e-03 -1.185599e-02 -4.673902e-03 4.862604e-03 7.182090e-03
-7.879005e-01 -4.190031e+00 9.995625e-01 9.959251e-01 1.005916e+00 9.985419e-01 1.196955e+00 1 0 -9.080502e-03 1.865214e-02 -3.303564e-03 3.257521e-03 -2.195570e-02
-1.212100e+00 -6.276028e+00 9.836776e-01 1.000680e+00 1.003155e+00 9.772536e-01 1.201451e+00 1 0 9.356394e-03 -2.865293e-03 4.036945e-03 -1.709624e-02 6.902238e-03
-1.336290e+00 -5.744968e+00 9.927994e-01 1.001092e+00 9.986017e-01 9.900855e-01 1.196683e+00 1 0 4.169916e-03 6.570996e-03 1.961421e-03 -4.371339e-03 -4.609576e-03
-1.558137e+00 -4.884764e+00 9.941801e-01 1.006218e+00 1.002685e+00 9.918917e-01 1.201935e+00 1 0 -3.137647e-03 2.279240e-03 7.226948e-03 1.739508e-02 4.947708e-03
-1.682328e+00 -4.348361e+00 9.903699e-01 1.005699e+00 1.014896e+00 9.862352e-01 1.210078e+00 1 0 -1.244372e-02 -2.659231e-03 -1.372688e-02 1.537561e-02 -1.106765e-02
-1.764886e+00 -6.358085e+00 9.867684e-01 9.948767e-01 1.000624e+00 9.815957e-01 1.195683e+00 1 0 1.149055e-02 8.516509e-03 8.169659e-03 6.245948e-03 -3.468498e-04
-1.889076e+00 -5.818105e+00 9.946285e-01 9.982056e-01 9.968493e-01 9.925297e-01 1.193534e+00 1 0 5.478689e-03 4.818072e-03 5.664762e-03 -1.304252e-02 8.466898e-04
-2.110924e+00 -4.940893e+00 1.003582e+00 1.000224e+00 9.936165e-01 1.005023e+00 1.190700e+00 1 0 2.977481e-02 1.355224e-02 2.101206e-02 2.436669e-02 7.459829e-03
-2.235114e+00 -4.394473e+00 9.859044e-01 1.010114e+00 1.018436e+00 9.799697e-01 1.215966e+00 1 0 1.796089e-03 4.755756e-02 2.623366e-03 6.906433e-02 -4.493420e-02
VARIABLES = "X", "Y", "ro", "u", "v", "pre", "Ma", "PART", "IMEX", "Ux", "Uy", "Vx", "Vy", "Vort" 
ZONE I=4, J=4, DATAPACKING=POINT
-2.351141e-01 -4.058876e+00 9.949474e-01 1.003216e+00 1.012943e+00 9.921125e-01 1.206620e+00 1 0 1.566612e-02 -8.527317e-03 2.138571e-02 4.091952e-03 2.991303e-02
-3.312254e-01 -3.529860e+00 9.975787e-01 9.957294e-01 1.010887e+00 9.952989e-01 1.200590e+00 1 0 -6.551735e-03 1.858955e-02 -3.053453e-03 2.879898e-04 -2.164301e-02
-3.997800e-01 -2.652209e+00 1.004114e+00 1.081121e+00 1.002764e+00 1.004500e+00 1.246000e+00 1 0 1.536466e-02 1.674249e-01 2.282546e-02 -3.590431e-02 -1.445994e-01
-3.804226e-01 -2.094703e+00 9.961472e-01 1.184579e+00 9.601075e-01 9.951394e-01 1.289349e+00 1 0 1.047787e-01 1.134961e-01 1.412822e-02 -1.482248e-01 -9.936785e-02
-7.879005e-01 -4.190031e+00 1.000341e+00 9.988585e-01 1.007123e+00 9.993321e-01 1.199419e+00 1 0 -3.825086e-04 1.191694e-03 2.300691e-03 2.190157e-03 1.108997e-03
-8.840118e-01 -3.658141e+00 1.001800e+00 9.976974e-01 1.007920e+00 1.001645e+00 1.198694e+00 1 0 -8.476395e-03 1.065733e-02 6.846490e-03 3.246638e-03 -3.810838e-03
-9.525664e-01 -2.778153e+00 1.008336e+00 1.044205e+00 9.979611e-01 1.010289e+00 1.219560e+00 1 0 4.205058e-02 9.495349e-02 1.079921e-02 -3.549093e-02 -8.415428e-02
-9.332090e-01 -2.221331e+00 9.983723e-01 1.107565e+00 9.623643e-01 9.979317e-01 1.240333e+00 1 0 1.119838e-01 8.927806e-02 2.083463e-02 -1.052811e-01 -6.844343e-02
-1.682328e+00 -4.348361e+00 9.956484e-01 1.007549e+00 1.011346e+00 9.933534e-01 1.207915e+00 1 0 -1.456465e-02 -2.698517e-03 -3.090723e-03 -4.910933e-02 -3.922065e-04
-1.778439e+00 -3.806804e+00 1.003150e+00 1.003247e+00 1.004566e+00 1.004419e+00 1.199140e+00 1 0 -1.894831e-03 -7.568108e-03 -3.308357e-03 2.479176e-03 4.259751e-03
-1.846994e+00 -2.919588e+00 1.008658e+00 1.006029e+00 1.000374e+00 1.011585e+00 1.197325e+00 1 0 1.860565e-02 1.611358e-02 -4.335006e-03 -2.847409e-02 -2.044858e-02
-1.827636e+00 -2.364833e+00 1.010136e+00 1.018895e+00 9.695628e-01 1.013781e+00 1.186557e+00 1 0 6.089907e-02 1.735618e-02 -1.161125e-02 -8.226644e-02 -2.896743e-02
-2.235114e+00 -4.394473e+00 9.877113e-01 1.014118e+00 1.015836e+00 9.819725e-01 1.216670e+00 1 0 1.443984e-03 -2.625939e-02 -2.286661e-04 -3.297946e-02 2.603072e-02
-2.331225e+00 -3.844967e+00 9.988969e-01 1.001217e+00 1.009463e+00 9.988596e-01 1.201644e+00 1 0 1.394769e-02 -7.476633e-03 -1.248627e-02 -4.393492e-03 -5.009637e-03
-2.399780e+00 -2.951994e+00 1.005534e+00 1.003402e+00 1.004426e+00 1.007199e+00 1.198915e+00 1 0 -9.839136e-03 3.431723e-03 -3.452987e-03 -1.845710e-02 -6.884710e-03
-2.380423e+00 -2.398872e+00 1.014157e+00 9.974641e-01 9.849809e-01 1.020233e+00 1.181228e+00 1 0 2.505343e-02 -3.983430e-02 -3.228108e-02 -5.697416e-02 7.553218e-03
VARIABLES = "X", "Y", "ro", "u", "v", "pre", "Ma", "PART", "IMEX", "Ux", "Uy", "Vx", "Vy", "Vort" 
ZONE I=4, J=4, DATAPACKING=POINT
-3.804226e-01 -2.094703e+00 9.986536e-01 1.162083e+00 9.538240e-01 9.947514e-01 1.273096e+00 1 0 -3.091111e-03 4.440111e-01 -2.915558e-02 -3.486650e-02 -4.731666e-01
-3.156323e-01 -1.526022e+00 9.741602e-01 1.428099e+00 8.768826e-01 9.717810e-01 1.418063e+00 1 0 2.200003e-01 3.627031e-01 9.966629e-02 -2.243083e-01 -2.630368e-01
-1.361539e-01 -5.869639e-01 7.924405e-01 1.591912e+00 6.776482e-01 7.327383e-01 1.520641e+00 1 0 3.814622e-01 -1.961831e-01 3.492032e-01 -2.439862e-01 5.453863e-01
0.000000e+00 0.000000e+00 5.201616e-01 1.304819e+00 6.164091e-01 4.232913e-01 1.352008e+00 1 0 2.395677e-01 -1.089048e+00 1.097861e+00 -5.386096e-01 2.186910e+00
-9.332090e-01 -2.221331e+00 9.956454e-01 1.097203e+00 9.606268e-01 9.936240e-01 1.233747e+00 1 0 8.005347e-02 1.660274e-01 4.166695e-03 -5.503694e-02 -1.618607e-01
-8.684187e-01 -1.654801e+00 9.914631e-01 1.254396e+00 8.668881e-01 9.935231e-01 1.287351e+00 1 0 2.323729e-01 2.650771e-01 2.009029e-02 -2.587413e-01 -2.449868e-01
-6.889403e-01 -7.205790e-01 9.144787e-01 1.414298e+00 5.692852e-01 8.893722e-01 1.306560e+00 1 0 3.511471e-01 -1.104151e-01 1.199734e-01 -3.697993e-01 2.303885e-01
-5.527864e-01 -1.361539e-01 7.901421e-01 1.270537e+00 3.762424e-01 7.143213e-01 1.177829e+00 1 0 1.754452e-01 -4.301633e-01 1.681900e-01 -3.880162e-01 5.983533e-01
-1.827636e+00 -2.364833e+00 1.002062e+00 1.016408e+00 9.706401e-01 1.003166e+00 1.187149e+00 1 0 6.160957e-02 -7.851927e-04 -2.485372e-02 5.992663e-02 -2.406853e-02
-1.762846e+00 -1.805070e+00 9.952321e-01 1.056927e+00 9.416399e-01 9.941955e-01 1.196981e+00 1 0 1.282441e-01 8.910593e-02 -8.615816e-02 -1.321846e-01 -1.752641e-01
-1.583367e+00 -8.882593e-01 9.842387e-01 1.146880e+00 7.215919e-01 9.879149e-01 1.143052e+00 1 0 2.374451e-01 1.312532e-02 -3.088770e-01 -2.317087e-01 -3.220023e-01
-1.447214e+00 -3.156323e-01 9.640715e-01 1.170626e+00 5.488324e-01 9.589638e-01 1.095604e+00 1 0 1.637301e-01 4.676328e-02 -3.771295e-01 -1.652701e-01 -4.238927e-01
-2.380423e+00 -2.398872e+00 1.016400e+00 9.954745e-01 9.834443e-01 1.023516e+00 1.178534e+00 1 0 2.537833e-02 -6.746128e-03 -2.152611e-02 -3.661759e-02 -1.477998e-02
-2.315632e+00 -1.844533e+00 1.001447e+00 1.015575e+00 9.783433e-01 1.003012e+00 1.190872e+00 1 0 1.526328e-02 5.625082e-02 -1.364320e-03 -9.799090e-04 -5.761514e-02
-2.136154e+00 -9.423792e-01 9.833010e-01 1.057707e+00 9.308188e-01 9.762180e-01 1.195100e+00 1 0 6.330019e-02 -6.353526e-03 -2.883820e-01 -7.197248e-02 -2.820284e-01
-2.000000e+00 -3.804226e-01 9.934665e-01 1.036394e+00 8.100287e-01 9.946628e-01 1.111041e+00 1 0 3.506436e-01 -1.753435e-01 -4.369014e-01 -1.582611e-01 -2.615578e-01
