VARIABLES = "X", "Y", "ro", "u", "v", "pre", "Ma", "PART", "IMEX", "Ux", "Uy", "Vx", "Vy", "Vort" 
ZONE I=5, J=5, DATAPACKING=POINT
-6.000000e+00 2.351141e-01 1.001087e+00 1.014995e+00 9.936060e-01 1.001576e+00 1.200144e+00 0 0 -4.016314e-03 -3.987022e-03 1.428052e-02 1.106071e-03 1.826754e-02
-5.913885e+00 5.626149e-01 1.001008e+00 1.013473e+00 9.958104e-01 1.001708e+00 1.200403e+00 0 0 -1.748524e-03 -4.507047e-03 1.807970e-02 2.709017e-04 2.258675e-02
-5.764886e+00 1.184922e+00 1.001979e+00 1.010487e+00 9.969448e-01 1.002881e+00 1.199158e+00 0 0 -3.572144e-03 -3.925906e-03 2.017557e-02 -4.602669e-03 2.410148e-02
-5.655109e+00 1.814691e+00 1.003967e+00 1.007035e+00 9.962364e-01 1.005375e+00 1.196362e+00 0 0 1.543681e-03 -7.232934e-03 5.084133e-03 -3.355365e-03 1.231707e-02
-5.619577e+00 2.151813e+00 1.006106e+00 1.004168e+00 9.942928e-01 1.008584e+00 1.192855e+00 0 0 5.554406e-03 -8.891884e-03 -8.493844e-03 -1.304874e-02 3.980401e-04
-6.345346e+00 2.992696e-01 1.003646e+00 1.013090e+00 9.947330e-01 1.005621e+00 1.198775e+00 0 0 8.271133e-03 -3.159478e-03 -6.636937e-03 9.667336e-03 -3.477459e-03
-6.259231e+00 6.298243e-01 1.003160e+00 1.012473e+00 9.955716e-01 1.004932e+00 1.199020e+00 0 0 4.819953e-03 -3.342316e-03 -4.917183e-03 9.826114e-04 -1.574867e-03
-6.110232e+00 1.256946e+00 1.006981e+00 1.010933e+00 9.949703e-01 1.010142e+00 1.196917e+00 0 0 -1.026724e-03 -2.913592e-03 5.434811e-04 1.832903e-04 3.457073e-03
-6.000455e+00 1.889861e+00 1.007275e+00 1.007834e+00 9.965899e-01 1.010521e+00 1.195966e+00 0 0 -5.644605e-03 -6.391361e-03 -2.645720e-03 4.277357e-03 3.745641e-03
-5.964923e+00 2.227925e+00 1.006118e+00 1.004972e+00 9.976471e-01 1.008828e+00 1.195193e+00 0 0 -7.638922e-03 -7.997307e-03 -1.058102e-02 1.103194e-03 -2.583711e-03
-7.000000e+00 3.804226e-01 1.006898e+00 1.007702e+00 9.987065e-01 1.009424e+00 1.197569e+00 0 0 6.709482e-03 9.442627e-04 -6.564873e-04 5.711763e-03 -1.600750e-03
-6.913885e+00 7.185270e-01 1.006415e+00 1.008699e+00 9.985887e-01 1.008947e+00 1.198093e+00 0 0 5.466884e-03 1.361002e-03 -1.147067e-03 -2.476085e-03 -2.508070e-03
-6.764886e+00 1.358085e+00 1.008646e+00 1.009535e+00 9.973615e-01 1.012065e+00 1.197344e+00 0 0 5.513015e-03 -1.558475e-03 -5.716969e-03 2.399821e-03 -4.158494e-03
-6.655109e+00 1.999603e+00 1.005259e+00 1.008237e+00 1.000935e+00 1.007072e+00 1.199637e+00 0 0 5.177265e-03 -4.037310e-03 -7.184955e-03 9.736815e-03 -3.147646e-03
-6.619577e+00 2.340342e+00 1.002795e+00 1.006937e+00 1.003835e+00 1.003656e+00 1.201152e+00 0 0 2.531885e-03 -4.938737e-03 -5.850756e-03 5.141777e-03 -9.120187e-04
-7.654654e+00 3.981130e-01 1.004840e+00 1.002707e+00 9.974194e-01 1.006708e+00 1.194199e+00 0 0 1.061213e-02 2.531481e-03 1.982827e-03 -3.632522e-03 -5.486541e-04
-7.568539e+00 7.449752e-01 1.005667e+00 1.004070e+00 9.973898e-01 1.007750e+00 1.194871e+00 0 0 1.106660e-02 -1.326865e-03 1.961321e-03 2.842181e-03 3.288186e-03
-7.419540e+00 1.399489e+00 1.003906e+00 1.002849e+00 1.001494e+00 1.005485e+00 1.196884e+00 0 0 1.402948e-02 -6.560292e-03 -5.208154e-03 8.388116e-03 1.352138e-03
-7.309763e+00 2.051800e+00 1.004005e+00 1.001142e+00 1.005003e+00 1.005802e+00 1.197832e+00 0 0 1.212453e-02 -1.950918e-03 -9.885413e-04 2.472828e-03 9.623764e-04
-7.274231e+00 2.395982e+00 1.006346e+00 1.001548e+00 1.005037e+00 1.008979e+00 1.197600e+00 0 0 9.480070e-03 1.089317e-03 2.809029e-03 -3.837363e-03 1.719712e-03
-8.000000e+00 3.804226e-01 1.002600e+00 9.980930e-01 9.976465e-01 1.002770e+00 1.192582e+00 0 0 9.496980e-03 1.494935e-03 -8.083740e-04 -8.902668e-03 -2.303309e-03
-7.913885e+00 7.318967e-01 1.003795e+00 9.988189e-01 9.975014e-01 1.004576e+00 1.192566e+00 0 0 1.597870e-02 -4.055786e-03 -2.383950e-03 5.843828e-03 1.671836e-03
-7.764886e+00 1.394473e+00 1.001546e+00 9.978445e-01 1.002393e+00 1.001707e+00 1.195277e+00 0 0 1.077188e-02 -3.364495e-03 2.430133e-04 5.617732e-03 3.607508e-03
-7.655109e+00 2.052756e+00 1.006228e+00 9.984117e-01 1.003387e+00 1.008459e+00 1.194983e+00 0 0 -1.750243e-04 3.055217e-03 9.228841e-03 -2.580924e-03 6.173623e-03
-7.619577e+00 2.398872e+00 1.009626e+00 9.996999e-01 1.003236e+00 1.013403e+00 1.194752e+00 0 0 -1.323430e-03 4.738273e-03 5.480970e-03 1.734629e-03 7.426972e-04
VARIABLES = "X", "Y", "ro", "u", "v", "pre", "Ma", "PART", "IMEX", "Ux", "Uy", "Vx", "Vy", "Vort" 
ZONE I=5, J=5, DATAPACKING=POINT
-5.619577e+00 2.151813e+00 1.006265e+00 1.004509e+00 9.936262e-01 1.008827e+00 1.192614e+00 0 0 4.023347e-03 -1.808269e-02 -8.336410e-03 3.138755e-03 9.746282e-03
-5.601887e+00 2.493037e+00 1.005880e+00 9.997027e-01 9.961288e-01 1.008347e+00 1.191280e+00 0 0 -2.968329e-03 -8.704344e-03 1.087117e-03 7.915280e-03 9.791461e-03
-5.619577e+00 3.151813e+00 1.001559e+00 9.989801e-01 1.000107e+00 1.002135e+00 1.194340e+00 0 0 -1.463283e-02 2.942654e-03 2.967844e-03 3.477949e-03 2.519003e-05
-5.700730e+00 3.825132e+00 1.001450e+00 1.001536e+00 1.001283e+00 1.002019e+00 1.196573e+00 0 0 -2.488985e-03 9.124551e-04 -4.083652e-03 1.867801e-03 -4.996107e-03
-5.764886e+00 4.184922e+00 1.001876e+00 1.001201e+00 1.003389e+00 1.002643e+00 1.197514e+00 0 0 4.316948e-03 5.704681e-04 -3.005883e-03 1.393114e-02 -3.576351e-03
-5.964923e+00 2.227925e+00 1.006234e+00 1.005193e+00 9.973995e-01 1.008989e+00 1.195152e+00 0 0 -8.678274e-03 -1.502812e-02 -1.079626e-02 6.578407e-04 4.231855e-03
-5.947233e+00 2.569604e+00 1.005812e+00 1.002131e+00 9.977870e-01 1.008290e+00 1.193713e+00 0 0 -9.480422e-03 -2.502316e-03 -4.045295e-03 1.591156e-03 -1.542978e-03
-5.964923e+00 3.227925e+00 1.005242e+00 1.003217e+00 9.995813e-01 1.007349e+00 1.195650e+00 0 0 -8.889066e-03 1.550848e-03 1.317759e-03 3.988612e-03 -2.330884e-04
-6.046076e+00 3.899037e+00 1.006773e+00 1.002355e+00 1.002862e+00 1.009500e+00 1.196727e+00 0 0 -2.226889e-03 -5.209669e-03 -5.195875e-03 5.350287e-03 1.379402e-05
-6.110232e+00 4.256946e+00 1.006581e+00 1.000415e+00 1.005611e+00 1.009259e+00 1.197243e+00 0 0 7.379171e-04 -4.185610e-03 -3.382231e-03 1.275921e-02 8.033794e-04
-6.619577e+00 2.340342e+00 1.003430e+00 1.006825e+00 1.003352e+00 1.004538e+00 1.200650e+00 0 0 2.697993e-03 -7.345229e-03 -8.287769e-03 -1.521065e-02 -9.425406e-04
-6.601887e+00 2.683331e+00 1.007449e+00 1.005373e+00 9.998082e-01 1.010333e+00 1.196618e+00 0 0 1.176911e-03 -2.761746e-03 -3.327768e-03 -6.659783e-03 -5.660217e-04
-6.619577e+00 3.340342e+00 1.013911e+00 1.003730e+00 1.000435e+00 1.019533e+00 1.194412e+00 0 0 7.347000e-03 -2.415464e-03 -1.710372e-03 7.773598e-03 7.050924e-04
-6.700730e+00 4.005265e+00 1.013439e+00 1.001478e+00 1.007046e+00 1.018874e+00 1.197122e+00 0 0 3.223050e-03 -2.900552e-03 -3.288245e-03 7.068571e-03 -3.876931e-04
-6.764886e+00 4.358085e+00 1.012937e+00 1.000330e+00 1.007580e+00 1.018160e+00 1.196882e+00 0 0 -2.163421e-03 -5.525549e-03 -3.850459e-04 -5.364527e-03 5.140503e-03
-7.274231e+00 2.395982e+00 1.006775e+00 1.001380e+00 1.004772e+00 1.009578e+00 1.197242e+00 0 0 9.088816e-03 3.975092e-03 1.719184e-03 -1.214732e-02 -2.255909e-03
-7.256541e+00 2.740675e+00 1.010990e+00 1.000845e+00 1.002227e+00 1.015425e+00 1.194448e+00 0 0 8.616939e-03 -6.543931e-03 -5.632124e-03 -4.207801e-03 9.118073e-04
-7.274231e+00 3.395982e+00 1.015418e+00 9.967026e-01 1.002388e+00 1.021670e+00 1.191029e+00 0 0 7.868739e-03 -1.922478e-03 -2.391964e-03 3.826021e-03 -4.694859e-04
-7.355384e+00 4.053004e+00 1.011002e+00 9.991769e-01 1.005659e+00 1.015429e+00 1.195510e+00 0 0 1.459390e-03 9.219716e-03 9.464933e-03 5.094441e-03 2.452169e-04
-7.419540e+00 4.399489e+00 1.007148e+00 1.002464e+00 1.005592e+00 1.010003e+00 1.198347e+00 0 0 -4.164109e-03 9.635507e-03 5.147665e-03 -5.561006e-03 -4.487842e-03
-7.619577e+00 2.398872e+00 1.009486e+00 9.998170e-01 1.003290e+00 1.013236e+00 1.194870e+00 0 0 -2.389188e-03 1.751598e-03 4.543822e-03 3.945819e-03 2.792224e-03
-7.601887e+00 2.744527e+00 1.011074e+00 9.989247e-01 1.004291e+00 1.015446e+00 1.194574e+00 0 0 -5.221888e-04 -4.598011e-03 -5.230130e-03 1.445460e-03 -6.321191e-04
-7.619577e+00 3.398872e+00 1.012038e+00 9.969315e-01 1.002987e+00 1.016825e+00 1.192369e+00 0 0 -1.476863e-02 -7.309076e-04 -1.082343e-03 -4.432201e-03 -3.514349e-04
-7.700730e+00 4.051477e+00 1.007767e+00 1.000060e+00 1.001277e+00 1.010905e+00 1.194170e+00 0 0 -9.704722e-03 7.135404e-03 1.257209e-02 4.016774e-03 5.436689e-03
-7.764886e+00 4.394473e+00 1.001550e+00 1.003636e+00 1.003600e+00 1.002178e+00 1.199177e+00 0 0 -2.196494e-04 1.486513e-02 6.533606e-03 1.132487e-02 -8.331522e-03
VARIABLES = "X", "Y", "ro", "u", "v", "pre", "Ma", "PART", "IMEX", "Ux", "Uy", "Vx", "Vy", "Vort" 
ZONE I=5, J=5, DATAPACKING=POINT
-5.764886e+00 4.184922e+00 1.000786e+00 1.001791e+00 1.004215e+00 1.001118e+00 1.198620e+00 0 0 2.772737e-03 -1.186107e-02 -4.850729e-03 4.627804e-03 7.010343e-03
-5.840068e+00 4.546810e+00 1.006533e+00 9.963073e-01 1.003178e+00 1.009151e+00 1.193377e+00 0 0 -5.978335e-03 -1.485449e-02 -1.097446e-02 -7.633086e-03 3.880025e-03
-6.000000e+00 5.235114e+00 1.011365e+00 9.921740e-01 1.000985e+00 1.015925e+00 1.188476e+00 0 0 -1.138350e-03 2.051227e-03 1.738991e-03 8.143315e-04 -3.122357e-04
-6.159932e+00 5.921046e+00 1.002491e+00 9.976220e-01 1.002487e+00 1.003512e+00 1.194689e+00 0 0 -1.326354e-03 1.002614e-02 6.016597e-03 2.671531e-03 -4.009543e-03
-6.235114e+00 6.280185e+00 9.986084e-01 1.000473e+00 1.001852e+00 9.980629e-01 1.196946e+00 0 0 -3.353943e-03 3.035104e-03 3.583934e-03 -4.159465e-03 5.488303e-04
-6.110232e+00 4.256946e+00 1.005533e+00 1.000560e+00 1.006382e+00 1.007793e+00 1.198036e+00 0 0 2.588180e-03 -2.253563e-03 -2.013160e-03 1.739226e-02 2.404037e-04
-6.185414e+00 4.616481e+00 1.007701e+00 9.979096e-01 1.007135e+00 1.010813e+00 1.196410e+00 0 0 -8.792828e-03 -1.125417e-02 -1.177654e-02 -9.117479e-03 -5.223629e-04
-6.345346e+00 5.299270e+00 1.010570e+00 9.940921e-01 1.000540e+00 1.014819e+00 1.189529e+00 0 0 -9.826129e-03 -1.562672e-03 -1.429247e-03 -7.737759e-03 1.334256e-04
-6.505278e+00 5.979039e+00 1.002499e+00 9.989159e-01 9.995363e-01 1.003500e+00 1.193708e+00 0 0 -2.261358e-03 1.005506e-02 1.008155e-02 5.325573e-03 2.649460e-05
-6.580460e+00 6.335074e+00 9.979844e-01 1.001843e+00 1.000448e+00 9.971702e-01 1.197086e+00 0 0 -3.419915e-03 2.249928e-03 4.108366e-03 -3.608796e-04 1.858437e-03
-6.764886e+00 4.358085e+00 1.013025e+00 9.999233e-01 1.007876e+00 1.018277e+00 1.196800e+00 0 0 -7.977096e-04 8.326173e-03 2.366701e-03 1.109382e-02 -5.959472e-03
-6.840068e+00 4.711449e+00 1.007862e+00 1.002699e+00 1.009021e+00 1.011042e+00 1.200347e+00 0 0 -5.815683e-03 3.771019e-03 4.672161e-03 -1.206331e-03 9.011415e-04
-7.000000e+00 5.380423e+00 1.005021e+00 1.003110e+00 1.002788e+00 1.007037e+00 1.197552e+00 0 0 -1.564826e-02 -6.303266e-03 -6.797827e-03 -1.526551e-02 -4.945602e-04
-7.159932e+00 6.045558e+00 1.005457e+00 1.002266e+00 9.954651e-01 1.007644e+00 1.192584e+00 0 0 -7.391434e-03 7.079071e-04 1.074990e-03 -4.204897e-03 3.670828e-04
-7.235114e+00 6.394473e+00 1.001267e+00 1.004462e+00 9.963487e-01 1.001782e+00 1.195415e+00 0 0 -4.261017e-03 9.804505e-03 8.742118e-03 1.081271e-02 -1.062386e-03
-7.419540e+00 4.399489e+00 1.007484e+00 1.002809e+00 1.005340e+00 1.010479e+00 1.198320e+00 0 0 -5.747016e-03 8.872953e-04 5.767772e-03 -1.255269e-02 4.880476e-03
-7.494722e+00 4.745344e+00 1.004188e+00 1.004608e+00 1.003598e+00 1.005853e+00 1.199139e+00 0 0 7.596379e-04 8.663037e-03 7.631821e-03 2.137302e-03 -1.031216e-03
-7.654654e+00 5.398113e+00 9.983518e-01 1.009809e+00 1.004510e+00 9.976941e-01 1.204187e+00 0 0 -2.356963e-03 3.821877e-03 4.119107e-03 -1.126655e-03 2.972308e-04
-7.814586e+00 6.046866e+00 1.001112e+00 1.009270e+00 9.982347e-01 1.001568e+00 1.199458e+00 0 0 -1.315388e-02 -7.596385e-03 -7.742662e-03 -1.784505e-02 -1.462771e-04
-7.889768e+00 6.388065e+00 1.004296e+00 1.008035e+00 9.926972e-01 1.006013e+00 1.194681e+00 0 0 -5.760302e-03 -2.986107e-03 -1.203262e-03 -1.076726e-02 1.782845e-03
-7.764886e+00 4.394473e+00 1.001412e+00 1.004214e+00 1.003092e+00 1.001984e+00 1.199253e+00 0 0 1.634048e-03 3.775715e-04 7.156530e-03 2.046361e-03 6.778959e-03
-7.840068e+00 4.736250e+00 1.000869e+00 1.003729e+00 1.002541e+00 1.001212e+00 1.198771e+00 0 0 4.573508e-03 2.156204e-03 -1.216010e-03 -4.743821e-03 -3.372214e-03
-8.000000e+00 5.380423e+00 9.969443e-01 1.008457e+00 1.000687e+00 9.957257e-01 1.201437e+00 0 0 7.073370e-03 1.393801e-02 1.709041e-02 5.135348e-03 3.152408e-03
-8.159932e+00 6.020757e+00 9.933914e-01 1.014002e+00 1.001389e+00 9.907321e-01 1.206066e+00 0 0 -1.054280e-02 -3.548774e-03 -6.852547e-03 -5.857572e-03 -3.303773e-03
-8.235114e+00 6.358085e+00 9.997267e-01 1.009982e+00 9.965910e-01 9.996085e-01 1.199255e+00 0 0 -1.609138e-03 -2.447672e-02 -2.069831e-02 -3.089732e-02 3.778410e-03
VARIABLES = "X", "Y", "ro", "u", "v", "pre", "Ma", "PART", "IMEX", "Ux", "Uy", "Vx", "Vy", "Vort" 
ZONE I=5, J=5, DATAPACKING=POINT
-6.235114e+00 6.280185e+00 9.984460e-01 1.000407e+00 1.002058e+00 9.978406e-01 1.197065e+00 0 0 -1.337666e-03 8.289249e-03 6.014702e-03 4.516798e-04 -2.274546e-03
-6.299270e+00 6.636808e+00 9.979906e-01 1.001908e+00 9.997244e-01 9.971762e-01 1.196693e+00 0 0 -5.638893e-03 -3.047755e-04 2.328345e-03 -9.616043e-03 2.633120e-03
-6.380423e+00 7.305046e+00 1.001700e+00 1.000961e+00 9.928217e-01 1.002388e+00 1.191114e+00 0 0 -6.265273e-03 -1.662811e-03 -1.072223e-03 -7.745950e-03 5.905872e-04
-6.398113e+00 7.962557e+00 9.998989e-01 1.001472e+00 9.914009e-01 9.998650e-01 1.191005e+00 0 0 3.955868e-03 1.913769e-03 1.821981e-03 3.049755e-03 -9.178784e-05
-6.380423e+00 8.305046e+00 9.983813e-01 1.001780e+00 9.929130e-01 9.977226e-01 1.192462e+00 0 0 2.802688e-03 -2.295324e-03 -5.732300e-04 2.789605e-03 1.722094e-03
-6.580460e+00 6.335074e+00 9.982465e-01 1.001672e+00 1.000118e+00 9.975366e-01 1.196724e+00 0 0 -2.930120e-03 6.767349e-03 5.179964e-03 -2.461120e-03 -1.587385e-03
-6.644616e+00 6.688952e+00 9.970200e-01 1.003737e+00 9.985665e-01 9.958291e-01 1.197324e+00 0 0 -4.719888e-03 2.688368e-03 3.015962e-03 -5.975786e-03 3.275936e-04
-6.725769e+00 7.353597e+00 9.976354e-01 1.003445e+00 9.935503e-01 9.967015e-01 1.194006e+00 0 0 -7.901834e-03 -4.155257e-03 -4.436765e-03 -6.994529e-03 -2.815081e-04
-6.743459e+00 8.010307e+00 9.985302e-01 1.000699e+00 9.917996e-01 9.979392e-01 1.191110e+00 0 0 -7.798207e-05 -3.240838e-03 -3.297542e-03 2.120696e-03 -5.670411e-05
-6.725769e+00 8.353597e+00 9.991167e-01 1.000239e+00 9.932457e-01 9.987550e-01 1.191558e+00 0 0 4.059287e-03 1.042458e-03 -3.622139e-04 4.896076e-03 -1.404672e-03
-7.235114e+00 6.394473e+00 1.001576e+00 1.004426e+00 9.959788e-01 1.002218e+00 1.195098e+00 0 0 -4.355647e-03 7.022476e-03 6.714296e-03 -2.082792e-03 -3.081794e-04
-7.299270e+00 6.742169e+00 9.976255e-01 1.006586e+00 9.959175e-01 9.966723e-01 1.197314e+00 0 0 -3.165745e-03 3.631562e-03 3.560816e-03 1.371859e-03 -7.074563e-05
-7.380423e+00 7.398872e+00 9.927970e-01 1.006417e+00 9.965090e-01 9.899204e-01 1.198730e+00 0 0 -4.856821e-04 -4.630770e-03 -4.659552e-03 2.846824e-05 -2.878218e-05
-7.398113e+00 8.053835e+00 9.975408e-01 1.001582e+00 9.961461e-01 9.965617e-01 1.194462e+00 0 0 -1.752826e-03 -8.606762e-03 -8.468043e-03 -1.275669e-03 1.387193e-04
-7.380423e+00 8.398872e+00 1.002675e+00 9.989595e-01 9.954680e-01 1.003741e+00 1.191267e+00 0 0 4.201594e-05 -5.094354e-03 -6.716948e-03 -1.282227e-03 -1.622594e-03
-7.889768e+00 6.388065e+00 1.003694e+00 1.007907e+00 9.934860e-01 1.005163e+00 1.195217e+00 0 0 -5.967443e-03 -1.413811e-03 -2.941124e-03 7.976892e-03 -1.527313e-03
-7.953924e+00 6.729187e+00 1.000639e+00 1.007112e+00 9.953650e-01 1.000899e+00 1.196574e+00 0 0 3.095694e-03 -3.812538e-03 -3.344658e-03 5.692717e-03 4.678798e-04
-8.035077e+00 7.377606e+00 9.986156e-01 1.003824e+00 9.993133e-01 9.980651e-01 1.197437e+00 0 0 7.633949e-03 -4.033407e-03 -4.418966e-03 4.451794e-03 -3.855589e-04
-8.052767e+00 8.030770e+00 1.001149e+00 1.001201e+00 1.000887e+00 1.001595e+00 1.196210e+00 0 0 4.092407e-03 -4.488674e-03 -4.536509e-03 7.066842e-04 -4.783513e-05
-8.035077e+00 8.377606e+00 1.002648e+00 9.991121e-01 1.001296e+00 1.003710e+00 1.194840e+00 0 0 9.051329e-04 -7.732797e-03 -9.213714e-03 2.813022e-03 -1.480917e-03
-8.235114e+00 6.358085e+00 9.995557e-01 1.010110e+00 9.967665e-01 9.993560e-01 1.199484e+00 0 0 -4.373491e-03 -2.044827e-02 -1.809124e-02 -6.107326e-03 2.357029e-03
-8.299270e+00 6.695957e+00 1.002904e+00 1.005035e+00 9.973208e-01 1.004095e+00 1.195935e+00 0 0 1.156546e-02 -8.632996e-03 -8.568845e-03 3.551055e-03 6.415080e-05
-8.380423e+00 7.340342e+00 1.004586e+00 1.001193e+00 1.000766e+00 1.006417e+00 1.195310e+00 0 0 7.768579e-03 -2.777007e-03 -4.329754e-03 2.958707e-03 -1.552747e-03
-8.398113e+00 7.992639e+00 1.004520e+00 9.991986e-01 1.001522e+00 1.006333e+00 1.194582e+00 0 0 8.251935e-03 -2.812218e-03 1.307137e-05 1.532034e-03 2.825289e-03
-8.380423e+00 8.340342e+00 1.002514e+00 9.987567e-01 1.003430e+00 1.003557e+00 1.195916e+00 0 0 3.722673e-04 2.325187e-03 -2.794064e-03 1.226427e-02 -5.119251e-03
VARIABLES = "X", "Y", "ro", "u", "v", "pre", "Ma", "PART", "IMEX", "Ux", "Uy", "Vx", "Vy", "Vort" 
ZONE I=5, J=5, DATAPACKING=POINT
-4.000000e+00 -2.351141e-01 1.001288e+00 1.006409e+00 9.958984e-01 1.002685e+00 1.195790e+00 0 0 3.952593e-03 -2.729505e-03 3.426496e-02 -2.436952e-02 3.699446e-02
-3.913885e+00 9.307482e-02 1.001171e+00 1.006879e+00 9.935071e-01 1.003943e+00 1.193835e+00 0 0 2.445842e-02 -5.421065e-03 2.918156e-02 -1.194262e-02 3.460262e-02
-3.764886e+00 7.198151e-01 9.975595e-01 1.006140e+00 9.925150e-01 9.988202e-01 1.193699e+00 0 0 1.700979e-02 -6.859762e-03 5.993786e-02 -1.262298e-02 6.679762e-02
-3.655109e+00 1.355460e+00 9.984563e-01 1.003225e+00 9.915989e-01 9.982744e-01 1.192264e+00 0 0 1.098421e-02 -6.825967e-03 4.041817e-02 -1.073275e-02 4.724414e-02
-3.619577e+00 1.694954e+00 1.001743e+00 1.001323e+00 9.879130e-01 1.002951e+00 1.188107e+00 0 0 1.208768e-02 -5.553263e-03 2.103824e-02 -1.988573e-02 2.659150e-02
-4.345346e+00 -1.599320e-01 1.001334e+00 1.004281e+00 9.970027e-01 1.002745e+00 1.195162e+00 0 0 5.037384e-03 -2.555990e-03 -1.306539e-02 4.277158e-03 -1.050940e-02
-4.259231e+00 1.658199e-01 1.001819e+00 1.003221e+00 9.946126e-01 1.003454e+00 1.192972e+00 0 0 3.799507e-03 -4.284657e-03 -1.581593e-02 -7.030633e-03 -1.153127e-02
-4.110232e+00 7.878449e-01 1.002451e+00 1.001751e+00 9.889988e-01 1.004174e+00 1.188704e+00 0 0 4.878764e-03 -2.545390e-03 -1.053933e-02 -1.491623e-03 -7.993942e-03
-4.000455e+00 1.419632e+00 1.001848e+00 1.000734e+00 9.894270e-01 1.002868e+00 1.188763e+00 0 0 -2.094247e-04 -2.127863e-03 -6.666147e-03 1.940672e-03 -4.538284e-03
-3.964923e+00 1.757812e+00 1.003471e+00 9.999021e-01 9.880657e-01 1.004681e+00 1.187343e+00 0 0 -2.935774e-03 -1.254226e-03 -1.068801e-02 -1.237600e-02 -9.433789e-03
-5.000000e+00 -2.143592e-08 9.990353e-01 1.003322e+00 1.001771e+00 9.973069e-01 1.199311e+00 0 0 -2.900796e-03 2.514037e-03 4.963763e-03 -1.348864e-03 2.449726e-03
-4.913885e+00 3.237134e-01 9.993085e-01 1.003668e+00 1.000592e+00 9.980395e-01 1.198538e+00 0 0 -4.461915e-03 8.083685e-04 6.651458e-04 -6.428024e-03 -1.432227e-04
-4.764886e+00 9.411241e-01 9.981919e-01 1.003094e+00 9.968274e-01 9.972118e-01 1.195774e+00 0 0 -5.855014e-03 9.124547e-04 -3.965860e-03 -3.420446e-03 -4.878315e-03
-4.655109e+00 1.568650e+00 9.966414e-01 1.003570e+00 9.948555e-01 9.949056e-01 1.195340e+00 0 0 -4.548560e-03 1.348613e-03 -3.634192e-03 -3.704132e-03 -4.982805e-03
-4.619577e+00 1.905297e+00 9.986264e-01 1.003133e+00 9.923470e-01 9.976850e-01 1.193107e+00 0 0 -4.669682e-03 -5.859175e-03 -3.325363e-03 -1.044292e-02 2.533811e-03
-5.654654e+00 1.599319e-01 9.993780e-01 1.008893e+00 9.950562e-01 9.998179e-01 1.197354e+00 0 0 -1.162747e-02 7.024591e-03 7.261386e-03 2.182906e-03 2.367950e-04
-5.568539e+00 4.852157e-01 9.998452e-01 1.009124e+00 9.956500e-01 9.997163e-01 1.198186e+00 0 0 -1.157876e-02 1.358020e-03 3.859255e-03 -1.252982e-03 2.501235e-03
-5.419540e+00 1.104225e+00 9.984257e-01 1.007225e+00 9.950557e-01 9.973650e-01 1.197250e+00 0 0 -7.217989e-03 -1.681514e-03 -6.072741e-04 -4.587575e-04 1.074240e-03
-5.309763e+00 1.732015e+00 9.966691e-01 1.005338e+00 9.943402e-01 9.956787e-01 1.195649e+00 0 0 -3.099738e-03 -3.283550e-03 -2.408574e-03 -3.576829e-03 8.749767e-04
-5.274231e+00 2.068581e+00 1.000049e+00 1.003497e+00 9.915519e-01 1.000413e+00 1.192074e+00 0 0 -2.473481e-03 -8.202914e-03 -5.958790e-03 -1.432017e-02 2.244124e-03
-6.000000e+00 2.351141e-01 1.002845e+00 1.014396e+00 9.953251e-01 1.003188e+00 1.200887e+00 0 0 -2.105603e-02 4.264457e-03 -3.750056e-04 9.646770e-04 -4.639462e-03
-5.913885e+00 5.626149e-01 1.001539e+00 1.013542e+00 9.974064e-01 1.002239e+00 1.201391e+00 0 0 -1.275458e-02 -1.107480e-03 -6.936491e-03 7.386393e-03 -5.829011e-03
-5.764886e+00 1.184922e+00 1.002039e+00 1.010368e+00 9.986434e-01 1.002951e+00 1.200089e+00 0 0 -1.382943e-02 -1.941037e-03 -1.378417e-02 1.789233e-03 -1.184313e-02
-5.655109e+00 1.814691e+00 1.004958e+00 1.007321e+00 9.970592e-01 1.006176e+00 1.197137e+00 0 0 -1.082845e-02 -4.288791e-03 -1.207299e-02 -2.467828e-03 -7.784197e-03
-5.619577e+00 2.151813e+00 1.006915e+00 1.004865e+00 9.947605e-01 1.009376e+00 1.193562e+00 0 0 -7.216269e-03 -6.729549e-03 -1.849032e-02 -1.386498e-02 -1.176077e-02
VARIABLES = "X", "Y", "ro", "u", "v", "pre", "Ma", "PART", "IMEX", "Ux", "Uy", "Vx", "Vy", "Vort" 
ZONE I=5, J=5, DATAPACKING=POINT
-3.619577e+00 1.694954e+00 1.001775e+00 1.001566e+00 9.878369e-01 1.003002e+00 1.188197e+00 0 0 1.114973e-02 -7.890325e-03 2.571218e-02 -3.203406e-03 3.360250e-02
-3.601887e+00 2.037443e+00 1.000541e+00 9.994457e-01 9.889024e-01 1.001367e+00 1.187791e+00 0 0 5.767453e-03 -3.853090e-03 9.826445e-03 5.496409e-03 1.367954e-02
-3.619577e+00 2.694954e+00 9.967074e-01 1.000159e+00 9.932929e-01 9.954177e-01 1.192094e+00 0 0 -9.712046e-03 3.896189e-03 3.168681e-03 6.489931e-03 -7.275079e-04
-3.700730e+00 3.363192e+00 9.962117e-01 1.002518e+00 9.958255e-01 9.944964e-01 1.195275e+00 0 0 -4.258578e-03 -1.274430e-03 -1.170782e-03 -4.859140e-04 1.036478e-04
-3.764886e+00 3.719815e+00 9.997516e-01 1.000644e+00 9.940713e-01 9.996052e-01 1.192164e+00 0 0 2.858370e-03 -8.836468e-03 -1.438926e-02 -1.951239e-02 -5.552792e-03
-3.964923e+00 1.757812e+00 1.003647e+00 1.000118e+00 9.877487e-01 1.004882e+00 1.187270e+00 0 0 -2.781686e-03 -3.813183e-03 -7.203465e-03 6.687797e-03 -3.390282e-03
-3.947233e+00 2.099634e+00 1.001446e+00 9.999896e-01 9.899338e-01 1.001786e+00 1.189020e+00 0 0 -6.315555e-03 3.472872e-03 -4.008560e-03 5.338769e-03 -7.481432e-03
-3.964923e+00 2.757811e+00 9.971158e-01 1.003419e+00 9.930938e-01 9.958097e-01 1.193943e+00 0 0 -6.078298e-03 3.762661e-03 9.658030e-04 5.585453e-03 -2.796858e-03
-4.046076e+00 3.429006e+00 9.961527e-01 1.002840e+00 9.974352e-01 9.945539e-01 1.196358e+00 0 0 1.461501e-03 -6.740774e-03 -6.503652e-03 4.671246e-03 2.371216e-04
-4.110232e+00 3.787845e+00 9.993152e-01 9.991329e-01 9.982393e-01 9.990619e-01 1.193810e+00 0 0 1.910799e-03 -1.309127e-02 -1.408069e-02 -9.212347e-03 -9.894153e-04
-4.619577e+00 1.905297e+00 9.985744e-01 1.002792e+00 9.925859e-01 9.976300e-01 1.193046e+00 0 0 -1.848916e-03 3.605683e-03 -2.815437e-03 -5.884456e-03 -6.421120e-03
-4.601887e+00 2.246329e+00 9.996150e-01 1.004031e+00 9.911191e-01 9.991591e-01 1.192627e+00 0 0 -7.643634e-04 1.823805e-03 1.640043e-03 -8.001211e-04 -1.837622e-04
-4.619577e+00 2.905297e+00 9.981084e-01 1.002835e+00 9.951030e-01 9.973791e-01 1.194442e+00 0 0 7.227011e-03 -4.261258e-03 -3.464855e-03 1.104650e-02 7.964033e-04
-4.700730e+00 3.579882e+00 9.966648e-01 9.990147e-01 1.002518e+00 9.954064e-01 1.196903e+00 0 0 4.895542e-03 -4.467060e-03 -3.798553e-03 6.486029e-03 6.685074e-04
-4.764886e+00 3.941124e+00 9.991630e-01 9.975199e-01 1.003260e+00 9.987982e-01 1.195918e+00 0 0 -1.808396e-03 -3.389320e-03 -2.670443e-03 -2.525604e-03 7.188774e-04
-5.274231e+00 2.068581e+00 1.000091e+00 1.003410e+00 9.914091e-01 1.000466e+00 1.191930e+00 0 0 -2.451067e-03 -3.079987e-03 -3.288876e-03 -1.067829e-02 -2.088891e-04
-5.256541e+00 2.409543e+00 1.002582e+00 1.001189e+00 9.915922e-01 1.003774e+00 1.190221e+00 0 0 4.427736e-03 -8.680187e-03 -5.918703e-03 8.665822e-03 2.761484e-03
-5.274231e+00 3.068581e+00 9.996534e-01 9.968362e-01 9.996687e-01 9.995302e-01 1.193215e+00 0 0 3.317196e-03 -2.283027e-03 -2.569410e-03 1.050896e-02 -2.863830e-04
-5.355384e+00 3.743231e+00 9.984027e-01 9.982633e-01 1.002734e+00 9.977512e-01 1.196218e+00 0 0 -4.383342e-03 4.737523e-03 4.410741e-03 -4.413230e-05 -3.267820e-04
-5.419540e+00 4.104225e+00 9.998697e-01 1.000217e+00 1.002417e+00 9.998166e-01 1.196836e+00 0 0 -4.089785e-03 5.688138e-03 1.879356e-03 2.910128e-03 -3.808783e-03
-5.619577e+00 2.151813e+00 1.007161e+00 1.005265e+00 9.939258e-01 1.009767e+00 1.193222e+00 0 0 -1.068943e-02 -1.691521e-02 -1.281779e-02 6.014104e-03 4.097424e-03
-5.601887e+00 2.493037e+00 1.005994e+00 1.000110e+00 9.969229e-01 1.008394e+00 1.192036e+00 0 0 -2.870980e-03 -1.008356e-02 -1.769452e-02 8.272713e-03 -7.610959e-03
-5.619577e+00 3.151813e+00 1.001953e+00 9.988037e-01 1.000046e+00 1.002650e+00 1.194126e+00 0 0 -1.853492e-02 2.553422e-03 4.612748e-03 2.074895e-03 2.059327e-03
-5.700730e+00 3.825132e+00 1.001730e+00 1.001674e+00 1.000886e+00 1.002424e+00 1.196345e+00 0 0 -1.355539e-02 -2.714917e-04 4.141485e-03 3.948194e-03 4.412976e-03
-5.764886e+00 4.184922e+00 1.001687e+00 1.001408e+00 1.003467e+00 1.002374e+00 1.197732e+00 0 0 1.024075e-03 -1.446419e-04 -5.290964e-03 1.563171e-02 -5.146322e-03
VARIABLES = "X", "Y", "ro", "u", "v", "pre", "Ma", "PART", "IMEX", "Ux", "Uy", "Vx", "Vy", "Vort" 
ZONE I=5, J=5, DATAPACKING=POINT
-3.764886e+00 3.719815e+00 1.000241e+00 1.000917e+00 9.928723e-01 1.000290e+00 1.191497e+00 0 0 3.965605e-03 -1.474095e-02 -1.050941e-02 4.526096e-03 4.231536e-03
-3.840068e+00 4.078954e+00 1.002149e+00 9.970175e-01 9.970961e-01 1.003076e+00 1.191160e+00 0 0 4.707341e-04 -5.268905e-03 -2.929067e-03 1.001663e-02 2.339838e-03
-4.000000e+00 4.764886e+00 1.002461e+00 9.979823e-01 1.002531e+00 1.003432e+00 1.194960e+00 0 0 -9.503499e-06 5.365986e-03 1.957497e-03 5.993997e-03 -3.408489e-03
-4.159932e+00 5.453190e+00 1.003549e+00 1.000482e+00 1.004862e+00 1.004966e+00 1.197580e+00 0 0 1.872947e-03 -1.787224e-04 -2.577681e-03 -3.576659e-04 -2.398959e-03
-4.235114e+00 5.815078e+00 1.007591e+00 9.989502e-01 1.003500e+00 1.010676e+00 1.194868e+00 0 0 -3.346521e-03 -7.236193e-03 -7.182906e-03 -1.086678e-02 5.328679e-05
-4.110232e+00 3.787845e+00 9.997267e-01 9.991264e-01 9.975127e-01 9.996413e-01 1.193271e+00 0 0 1.639227e-03 -1.649464e-02 -1.518952e-02 -4.415235e-03 1.305123e-03
-4.185414e+00 4.149440e+00 1.003505e+00 9.961027e-01 9.984217e-01 1.004934e+00 1.191110e+00 0 0 1.034851e-03 -1.359190e-03 -1.222118e-03 2.781197e-03 1.370722e-04
-4.345346e+00 4.840068e+00 1.004236e+00 9.987184e-01 1.001513e+00 1.005936e+00 1.194358e+00 0 0 -6.643696e-04 5.062199e-03 4.896933e-03 7.149501e-03 -1.652653e-04
-4.505278e+00 5.532309e+00 1.004806e+00 9.999209e-01 1.005632e+00 1.006736e+00 1.197402e+00 0 0 1.789326e-03 -2.112557e-03 -2.058071e-03 3.322750e-03 5.448572e-05
-4.580460e+00 5.895775e+00 1.007335e+00 9.984369e-01 1.005509e+00 1.010286e+00 1.195844e+00 0 0 1.463680e-03 -2.995744e-03 -7.295499e-03 -7.074014e-03 -4.299755e-03
-4.764886e+00 3.941124e+00 9.991254e-01 9.974718e-01 1.003664e+00 9.987278e-01 1.196151e+00 0 0 -2.798654e-03 -6.169645e-03 -9.099201e-03 -2.555131e-02 -2.929556e-03
-4.840068e+00 4.305218e+00 1.005476e+00 9.966810e-01 9.978002e-01 1.007660e+00 1.190638e+00 0 0 -2.213128e-03 -1.727909e-04 2.453617e-04 -7.242025e-03 4.181526e-04
-5.000000e+00 5.000000e+00 1.007440e+00 9.978345e-01 1.000537e+00 1.010450e+00 1.192477e+00 0 0 5.773333e-03 2.722487e-03 2.257593e-03 1.156412e-02 -4.648935e-04
-5.159932e+00 5.694782e+00 1.005638e+00 9.976728e-01 1.007317e+00 1.007890e+00 1.196885e+00 0 0 3.794839e-03 -3.641440e-04 1.068089e-04 4.836197e-03 4.709529e-04
-5.235114e+00 6.058876e+00 1.005243e+00 9.976136e-01 1.007349e+00 1.007333e+00 1.196965e+00 0 0 5.437700e-04 3.901663e-03 2.173985e-04 -2.600252e-03 -3.684264e-03
-5.419540e+00 4.104225e+00 9.996122e-01 1.000620e+00 1.002820e+00 9.994550e-01 1.197379e+00 0 0 -8.077515e-03 -6.810815e-03 -3.044958e-03 -1.652948e-02 3.765857e-03
-5.494722e+00 4.467691e+00 1.005862e+00 9.972603e-01 9.988887e-01 1.008211e+00 1.191537e+00 0 0 -8.336048e-04 -9.956763e-03 -9.632809e-03 -6.435707e-03 3.239534e-04
-5.654654e+00 5.159932e+00 1.010328e+00 9.932678e-01 1.001405e+00 1.014468e+00 1.189620e+00 0 0 6.768807e-03 1.267352e-03 1.536491e-03 8.599666e-03 2.691383e-04
-5.814586e+00 5.850560e+00 1.004198e+00 9.963564e-01 1.005590e+00 1.005892e+00 1.195397e+00 0 0 4.339242e-04 7.788524e-03 7.704696e-03 2.637880e-03 -8.382850e-05
-5.889768e+00 6.212155e+00 1.000664e+00 9.991048e-01 1.004371e+00 1.000949e+00 1.197140e+00 0 0 -2.175283e-03 7.438961e-03 6.385288e-03 -4.650779e-03 -1.053672e-03
-5.764886e+00 4.184922e+00 1.000475e+00 1.002066e+00 1.004377e+00 1.000676e+00 1.198959e+00 0 0 -2.128246e-03 -1.446565e-02 -1.035356e-02 5.891282e-03 4.112090e-03
-5.840068e+00 4.546810e+00 1.006291e+00 9.961273e-01 1.003557e+00 1.008806e+00 1.193558e+00 0 0 9.948418e-04 -1.393211e-02 -1.974723e-02 -9.903211e-03 -5.815121e-03
-6.000000e+00 5.235114e+00 1.011502e+00 9.920898e-01 1.000864e+00 1.016117e+00 1.188321e+00 0 0 -7.939138e-04 2.674329e-03 3.702829e-03 6.925155e-04 1.028500e-03
-6.159932e+00 5.921046e+00 1.002389e+00 9.977715e-01 1.002271e+00 1.003373e+00 1.194671e+00 0 0 -4.787473e-03 9.239023e-03 1.157784e-02 4.143605e-03 2.338820e-03
-6.235114e+00 6.280185e+00 9.984866e-01 1.000552e+00 1.001749e+00 9.978969e-01 1.196957e+00 0 0 -3.534787e-03 2.883418e-03 6.186253e-03 -3.063179e-03 3.302836e-03
VARIABLES = "X", "Y", "ro", "u", "v", "pre", "Ma", "PART", "IMEX", "Ux", "Uy", "Vx", "Vy", "Vort" 
ZONE I=5, J=5, DATAPACKING=POINT
-4.235114e+00 5.815078e+00 1.007468e+00 9.992637e-01 1.003442e+00 1.010509e+00 1.195046e+00 0 0 -6.049695e-03 -1.974124e-02 -9.300911e-03 -2.961777e-02 1.044033e-02
-4.299270e+00 6.174868e+00 1.013970e+00 9.954925e-01 9.993754e-01 1.019604e+00 1.188865e+00 0 0 -2.505977e-03 -3.207881e-03 -1.955965e-04 5.180530e-04 3.012285e-03
-4.380423e+00 6.848187e+00 1.008926e+00 9.976877e-01 1.002983e+00 1.012508e+00 1.193517e+00 0 0 2.820982e-03 5.406005e-03 4.609630e-03 3.108408e-03 -7.963750e-04
-4.398113e+00 7.506963e+00 1.003519e+00 1.000033e+00 1.001370e+00 1.004934e+00 1.195225e+00 0 0 -3.337064e-04 3.214975e-03 2.853369e-03 -2.087626e-03 -3.616059e-04
-4.380423e+00 7.848187e+00 9.977821e-01 1.002262e+00 1.004017e+00 9.969099e-01 1.199505e+00 0 0 1.701035e-03 1.393022e-02 1.160386e-02 2.568239e-02 -2.326357e-03
-4.580460e+00 5.895775e+00 1.007086e+00 9.987889e-01 1.005579e+00 1.009937e+00 1.196154e+00 0 0 -2.197871e-03 -1.731246e-02 -1.430169e-02 -3.222174e-02 3.010765e-03
-4.644616e+00 6.256769e+00 1.013350e+00 9.951693e-01 1.000087e+00 1.018719e+00 1.189251e+00 0 0 6.441962e-04 -2.919646e-03 -3.231829e-03 -4.834007e-03 -3.121828e-04
-4.725769e+00 6.931419e+00 1.008368e+00 9.973683e-01 1.001151e+00 1.011738e+00 1.192355e+00 0 0 1.814034e-03 6.165928e-03 6.682316e-03 1.770413e-03 5.163880e-04
-4.743459e+00 7.590457e+00 1.002804e+00 1.000822e+00 9.998798e-01 1.003940e+00 1.194972e+00 0 0 -1.426646e-03 5.043025e-03 4.682645e-03 -1.382748e-03 -3.603796e-04
-4.725769e+00 7.931419e+00 9.980211e-01 1.003297e+00 1.001886e+00 9.972321e-01 1.198800e+00 0 0 -3.704498e-04 1.228935e-02 1.099340e-02 1.737057e-02 -1.295945e-03
-5.235114e+00 6.058876e+00 1.004827e+00 9.980318e-01 1.007841e+00 1.006743e+00 1.197612e+00 0 0 -2.970811e-03 -1.049630e-02 -6.185201e-03 -2.767817e-02 4.311097e-03
-5.299270e+00 6.420118e+00 1.008665e+00 9.956590e-01 1.000518e+00 1.012156e+00 1.190888e+00 0 0 -4.332575e-03 -2.608324e-03 -2.529354e-03 -1.347353e-02 7.896941e-05
-5.380423e+00 7.094703e+00 1.005976e+00 9.978634e-01 9.966339e-01 1.008389e+00 1.190514e+00 0 0 -1.806629e-04 6.360238e-03 6.527163e-03 -1.163858e-03 1.669256e-04
-5.398113e+00 7.753671e+00 1.002964e+00 1.002255e+00 9.960035e-01 1.004146e+00 1.193491e+00 0 0 4.994382e-04 6.629896e-03 6.400617e-03 -4.906012e-05 -2.292785e-04
-5.380423e+00 8.094703e+00 1.000413e+00 1.004773e+00 9.968956e-01 1.000569e+00 1.196142e+00 0 0 1.939961e-03 8.742526e-03 9.483061e-03 6.001340e-03 7.405356e-04
-5.889768e+00 6.212155e+00 1.000406e+00 9.993306e-01 1.004788e+00 1.000592e+00 1.197583e+00 0 0 -2.454794e-03 3.603246e-03 5.321190e-03 -1.085555e-02 1.717945e-03
-5.953924e+00 6.570994e+00 1.000693e+00 9.996300e-01 9.997975e-01 1.000977e+00 1.194717e+00 0 0 -7.629958e-03 -1.776777e-03 -2.308359e-03 -1.366205e-02 -5.315824e-04
-6.035077e+00 7.242188e+00 1.003587e+00 9.995974e-01 9.932224e-01 1.005021e+00 1.190094e+00 0 0 -3.266351e-03 1.426325e-03 1.785068e-03 -5.347973e-03 3.587433e-04
-6.052767e+00 7.900366e+00 1.001988e+00 1.001987e+00 9.922627e-01 1.002786e+00 1.191332e+00 0 0 2.637751e-03 4.514020e-03 4.463345e-03 1.432510e-03 -5.067487e-05
-6.035077e+00 8.242188e+00 1.000406e+00 1.003187e+00 9.928371e-01 1.000571e+00 1.192771e+00 0 0 4.617148e-03 9.935372e-05 2.561399e-03 -1.120555e-03 2.462045e-03
-6.235114e+00 6.280185e+00 9.982142e-01 1.000527e+00 1.002010e+00 9.975222e-01 1.197160e+00 0 0 -1.567440e-03 7.710843e-03 8.219682e-03 2.548569e-03 5.088398e-04
-6.299270e+00 6.636808e+00 9.980222e-01 1.001892e+00 9.999267e-01 9.972166e-01 1.196799e+00 0 0 -5.429526e-03 -3.648657e-04 -2.130845e-03 -1.017491e-02 -1.765979e-03
-6.380423e+00 7.305046e+00 1.001783e+00 1.000988e+00 9.928780e-01 1.002506e+00 1.191143e+00 0 0 -4.617160e-03 -1.553122e-03 -2.108735e-03 -8.144966e-03 -5.556122e-04
-6.398113e+00 7.962557e+00 9.999464e-01 1.001297e+00 9.913918e-01 9.999369e-01 1.190879e+00 0 0 1.350062e-03 1.497580e-03 9.718107e-04 3.267507e-03 -5.257692e-04
-6.380423e+00 8.305046e+00 9.983421e-01 1.001515e+00 9.930377e-01 9.976648e-01 1.192388e+00 0 0 2.960444e-03 -1.808692e-03 -3.349873e-03 3.588422e-03 -1.541182e-03
VARIABLES = "X", "Y", "ro", "u", "v", "pre", "Ma", "PART", "IMEX", "Ux", "Uy", "Vx", "Vy", "Vort" 
ZONE I=5, J=5, DATAPACKING=POINT
-2.000000e+00 -3.804226e-01 9.922970e-01 1.062627e+00 8.084128e-01 9.910104e-01 1.129166e+00 0 0 2.630262e-01 -3.913297e-02 -2.648260e-01 -1.524289e-01 -2.256930e-01
-1.913885e+00 -2.783502e-02 9.879436e-01 1.047953e+00 7.349922e-01 9.879309e-01 1.081810e+00 0 0 1.061072e-01 -1.386277e-01 -3.922896e-01 -9.125159e-02 -2.536619e-01
-1.764886e+00 6.419145e-01 9.909667e-01 9.382015e-01 6.810591e-01 9.908608e-01 9.798715e-01 0 0 -2.597011e-01 -1.137590e-01 -4.757162e-01 1.375442e-01 -3.619572e-01
-1.655109e+00 1.309705e+00 9.968079e-01 8.733283e-01 7.810225e-01 9.943138e-01 9.914426e-01 0 0 -3.028434e-01 2.556209e-02 -2.857911e-01 2.565073e-01 -3.113532e-01
-1.619577e+00 1.659658e+00 1.002884e+00 8.838787e-01 8.550150e-01 1.001614e+00 1.039990e+00 0 0 -2.594892e-01 7.348691e-02 -1.502766e-01 1.925540e-01 -2.237635e-01
-2.345346e+00 -3.981130e-01 1.006012e+00 1.015337e+00 9.052900e-01 1.007548e+00 1.148801e+00 0 0 5.934759e-02 2.064549e-02 -2.298264e-01 -3.618464e-02 -2.504719e-01
-2.259231e+00 -5.008560e-02 9.984523e-01 1.022400e+00 8.653682e-01 9.983844e-01 1.132092e+00 0 0 5.405281e-02 -2.511929e-02 -3.046041e-01 -4.159295e-02 -2.794848e-01
-2.110232e+00 6.119352e-01 9.967560e-01 9.865306e-01 8.222668e-01 9.957264e-01 1.085973e+00 0 0 -5.794795e-02 -6.673336e-02 -3.518774e-01 7.395136e-02 -2.851441e-01
-2.000455e+00 1.274196e+00 1.001339e+00 9.453707e-01 8.679196e-01 1.000014e+00 1.085354e+00 0 0 -1.402068e-01 -9.499664e-03 -2.399082e-01 1.460121e-01 -2.304085e-01
-1.964923e+00 1.622394e+00 1.005230e+00 9.462435e-01 9.082242e-01 1.004529e+00 1.108876e+00 0 0 -1.304747e-01 3.958564e-02 -1.585351e-01 1.201304e-01 -1.981207e-01
-3.000000e+00 -3.804226e-01 1.002397e+00 1.009150e+00 9.898128e-01 1.000070e+00 1.196054e+00 0 0 -3.727243e-03 -9.808394e-03 -4.176448e-02 -1.840982e-02 -3.195609e-02
-2.913885e+00 -4.120471e-02 1.006092e+00 1.004545e+00 9.809159e-01 1.006319e+00 1.186490e+00 0 0 7.266231e-03 -1.676485e-02 -6.795819e-02 -1.198742e-02 -5.119335e-02
-2.764886e+00 6.055272e-01 1.008748e+00 9.961551e-01 9.664131e-01 1.010921e+00 1.171732e+00 0 0 -6.469156e-03 -8.018551e-03 -1.029713e-01 1.077437e-02 -9.495272e-02
-2.655109e+00 1.256552e+00 1.006559e+00 9.923455e-01 9.696485e-01 1.007879e+00 1.171826e+00 0 0 -2.946503e-02 -5.285066e-04 -7.921287e-02 2.684108e-02 -7.868437e-02
-2.619577e+00 1.601128e+00 1.006115e+00 9.902072e-01 9.751698e-01 1.007988e+00 1.173480e+00 0 0 -2.814041e-02 -8.187137e-03 -4.954151e-02 1.606909e-02 -4.135437e-02
-3.654654e+00 -2.992696e-01 9.996612e-01 1.003320e+00 9.930632e-01 1.002190e+00 1.191577e+00 0 0 1.077992e-02 2.394793e-03 -5.363793e-04 8.340433e-03 -2.931172e-03
-3.568539e+00 3.216105e-02 9.989913e-01 1.005405e+00 9.921960e-01 9.995455e-01 1.193490e+00 0 0 -6.279710e-03 8.922165e-03 -5.849827e-04 -5.295477e-03 -9.507148e-03
-3.419540e+00 6.649256e-01 1.001269e+00 1.007678e+00 9.900144e-01 1.000999e+00 1.194057e+00 0 0 -1.572906e-02 1.078923e-03 -3.556804e-03 4.884533e-04 -4.635727e-03
-3.309763e+00 1.305320e+00 1.000284e+00 1.002643e+00 9.895221e-01 1.000737e+00 1.190303e+00 0 0 -7.148902e-03 -9.977957e-03 -5.440053e-03 -4.441010e-03 4.537904e-03
-3.274231e+00 1.646403e+00 1.002028e+00 9.996485e-01 9.857786e-01 1.003426e+00 1.185722e+00 0 0 -7.359007e-03 -4.172512e-03 -4.288623e-03 -1.679439e-02 -1.161112e-04
-4.000000e+00 -2.351141e-01 1.004093e+00 1.006182e+00 1.000366e+00 1.004868e+00 1.198685e+00 0 0 -3.444577e-02 1.731225e-02 -2.663498e-02 -2.466134e-02 -4.394723e-02
-3.913885e+00 9.307482e-02 1.002081e+00 1.008327e+00 9.965758e-01 1.005427e+00 1.196184e+00 0 0 -8.309388e-04 1.077962e-03 -1.500915e-02 -2.196541e-05 -1.608711e-02
-3.764886e+00 7.198151e-01 9.954846e-01 1.005520e+00 9.965584e-01 9.971166e-01 1.195503e+00 0 0 3.291303e-02 -1.366827e-02 -2.513967e-02 5.594422e-03 -1.147140e-02
-3.655109e+00 1.355460e+00 9.988300e-01 1.002402e+00 9.946177e-01 9.983653e-01 1.193734e+00 0 0 4.302781e-03 -3.673343e-03 -1.910623e-02 -5.429228e-03 -1.543289e-02
-3.619577e+00 1.694954e+00 1.002352e+00 1.001163e+00 9.902544e-01 1.003767e+00 1.189278e+00 0 0 -2.846511e-03 -3.747274e-03 -2.073071e-02 -1.795143e-02 -1.698343e-02
VARIABLES = "X", "Y", "ro", "u", "v", "pre", "Ma", "PART", "IMEX", "Ux", "Uy", "Vx", "Vy", "Vort" 
ZONE I=5, J=5, DATAPACKING=POINT
-1.619577e+00 1.659658e+00 1.001140e+00 8.813891e-01 8.552915e-01 9.994213e-01 1.038874e+00 0 0 -2.703536e-01 1.191010e-01 -1.655853e-01 2.681286e-01 -2.846863e-01
-1.601887e+00 2.007361e+00 1.000266e+00 9.212194e-01 9.263884e-01 9.967241e-01 1.106121e+00 0 0 -1.799763e-01 1.159957e-01 -7.757753e-02 1.606191e-01 -1.935732e-01
-1.619577e+00 2.659658e+00 9.952200e-01 9.752216e-01 9.863002e-01 9.913852e-01 1.174517e+00 0 0 -3.621816e-02 4.420668e-02 -1.346113e-02 3.625061e-02 -5.766781e-02
-1.700730e+00 3.304043e+00 9.986447e-01 9.867428e-01 9.931758e-01 9.990863e-01 1.182972e+00 0 0 1.459811e-03 6.870423e-04 2.698065e-03 -2.684790e-05 2.011023e-03
-1.764886e+00 3.641915e+00 9.992376e-01 9.882645e-01 9.956145e-01 9.996248e-01 1.185373e+00 0 0 -1.284144e-02 1.118111e-02 4.073068e-03 1.991347e-02 -7.108043e-03
-1.964923e+00 1.622394e+00 1.003886e+00 9.452990e-01 9.089639e-01 1.002757e+00 1.108970e+00 0 0 -1.341437e-01 5.129198e-02 -1.618852e-01 1.634497e-01 -2.131772e-01
-1.947233e+00 1.969230e+00 1.001360e+00 9.615796e-01 9.509876e-01 9.990522e-01 1.144315e+00 0 0 -8.478204e-02 4.751772e-02 -7.925780e-02 9.847993e-02 -1.267755e-01
-1.964923e+00 2.622394e+00 9.966725e-01 9.834550e-01 9.888807e-01 9.947710e-01 1.179826e+00 0 0 -2.189507e-02 1.748860e-02 -9.747355e-03 2.419472e-02 -2.723595e-02
-2.046076e+00 3.270813e+00 9.981776e-01 9.892410e-01 9.931249e-01 9.980875e-01 1.184746e+00 0 0 -1.108864e-02 2.483131e-03 -8.040387e-04 -2.179599e-03 -3.287169e-03
-2.110232e+00 3.611935e+00 9.984038e-01 9.920769e-01 9.943071e-01 9.978927e-01 1.187396e+00 0 0 -1.062047e-02 1.311596e-02 1.902587e-03 1.427042e-02 -1.121338e-02
-2.619577e+00 1.601128e+00 1.005766e+00 9.900305e-01 9.753449e-01 1.007524e+00 1.173544e+00 0 0 -2.822272e-02 -3.844892e-03 -4.868793e-02 2.860950e-02 -4.484304e-02
-2.601887e+00 1.946165e+00 1.003819e+00 9.901501e-01 9.827977e-01 1.005221e+00 1.178248e+00 0 0 -2.113418e-02 4.757020e-03 -2.182134e-02 1.997943e-02 -2.657836e-02
-2.619577e+00 2.601128e+00 9.968950e-01 9.940208e-01 9.925388e-01 9.960596e-01 1.187695e+00 0 0 -1.235936e-02 4.536284e-03 -2.371527e-03 9.244176e-03 -6.907811e-03
-2.700730e+00 3.257831e+00 9.958301e-01 9.965439e-01 9.943858e-01 9.943271e-01 1.190708e+00 0 0 -9.162855e-03 9.712280e-04 -2.480806e-03 -3.696665e-03 -3.452034e-03
-2.764886e+00 3.605527e+00 9.993352e-01 9.972893e-01 9.927055e-01 9.990075e-01 1.189448e+00 0 0 -6.474526e-03 -2.115512e-03 2.244450e-03 -1.120922e-03 4.359962e-03
-3.274231e+00 1.646403e+00 1.001829e+00 9.996520e-01 9.859443e-01 1.003114e+00 1.185889e+00 0 0 -7.759905e-03 -1.791525e-03 -2.559559e-03 -2.330329e-03 -7.680342e-04
-3.256541e+00 1.989693e+00 1.000396e+00 9.991126e-01 9.866112e-01 1.001227e+00 1.186228e+00 0 0 -7.103514e-03 -5.213493e-04 -6.050848e-04 6.227284e-03 -8.373546e-05
-3.274231e+00 2.646403e+00 9.952069e-01 9.996667e-01 9.927684e-01 9.933834e-01 1.191807e+00 0 0 -4.168992e-03 1.741730e-03 1.140544e-03 9.697563e-03 -6.011862e-04
-3.355384e+00 3.311048e+00 9.955886e-01 1.000932e+00 9.956757e-01 9.937092e-01 1.194333e+00 0 0 -5.208434e-03 -2.125209e-04 -1.633752e-03 -3.762509e-03 -1.421231e-03
-3.419540e+00 3.664926e+00 1.000617e+00 1.000509e+00 9.921964e-01 1.000847e+00 1.190743e+00 0 0 -3.588169e-03 -4.575455e-03 -4.904323e-03 -1.976507e-02 -3.288679e-04
-3.619577e+00 1.694954e+00 1.002419e+00 1.001430e+00 9.901751e-01 1.003919e+00 1.189341e+00 0 0 -3.778114e-03 -6.283888e-03 -1.674997e-02 -2.952798e-03 -1.046608e-02
-3.601887e+00 2.037443e+00 1.000664e+00 9.993604e-01 9.903063e-01 1.001737e+00 1.188428e+00 0 0 6.641518e-03 -3.753592e-03 -1.681080e-02 3.763074e-03 -1.305721e-02
-3.619577e+00 2.694954e+00 9.965351e-01 1.000279e+00 9.935558e-01 9.952503e-01 1.192320e+00 0 0 2.359130e-03 5.255433e-03 -3.670878e-03 4.888566e-03 -8.926311e-03
-3.700730e+00 3.363192e+00 9.962034e-01 1.002793e+00 9.957694e-01 9.944573e-01 1.195425e+00 0 0 -4.786580e-03 -1.429091e-03 5.066206e-04 -2.217899e-04 1.935712e-03
-3.764886e+00 3.719815e+00 9.994930e-01 1.000855e+00 9.940280e-01 9.992102e-01 1.192346e+00 0 0 1.011799e-03 -8.602160e-03 -1.279429e-02 -1.952942e-02 -4.192130e-03
VARIABLES = "X", "Y", "ro", "u", "v", "pre", "Ma", "PART", "IMEX", "Ux", "Uy", "Vx", "Vy", "Vort" 
ZONE I=5, J=5, DATAPACKING=POINT
-1.764886e+00 3.641915e+00 9.989414e-01 9.882174e-01 9.954262e-01 9.992966e-01 1.185251e+00 0 0 -1.419302e-02 9.023643e-03 4.037263e-03 1.739820e-02 -4.986380e-03
-1.840068e+00 3.979243e+00 9.982626e-01 9.932061e-01 9.997898e-01 9.973518e-01 1.191593e+00 0 0 -1.416210e-02 1.251963e-02 5.312039e-03 1.024059e-02 -7.207589e-03
-2.000000e+00 4.619577e+00 9.960047e-01 1.000915e+00 1.002098e+00 9.942973e-01 1.198056e+00 0 0 -3.456098e-03 5.074876e-03 4.694396e-03 1.061048e-04 -3.804808e-04
-2.159932e+00 5.263750e+00 9.994644e-01 1.000433e+00 9.987488e-01 9.994081e-01 1.194774e+00 0 0 9.259851e-03 -3.690092e-03 -5.449718e-03 -1.016529e-02 -1.759626e-03
-2.235114e+00 5.605527e+00 1.006386e+00 9.983253e-01 9.952774e-01 1.008937e+00 1.189900e+00 0 0 1.159898e-02 -3.165723e-03 -4.011807e-03 -8.262114e-03 -8.460837e-04
-2.110232e+00 3.611935e+00 9.978921e-01 9.921419e-01 9.944235e-01 9.971932e-01 1.187617e+00 0 0 -9.737613e-03 8.299271e-03 4.322242e-04 1.701060e-02 -7.867047e-03
-2.185414e+00 3.953135e+00 9.977099e-01 9.961981e-01 9.977137e-01 9.965243e-01 1.192299e+00 0 0 -8.131863e-03 1.049975e-02 5.372207e-03 6.544434e-03 -5.127548e-03
-2.345346e+00 4.601887e+00 9.956948e-01 1.001389e+00 1.000377e+00 9.940020e-01 1.197302e+00 0 0 1.797115e-04 1.665308e-03 3.439225e-03 5.196099e-03 1.773917e-03
-2.505278e+00 5.254656e+00 9.998566e-01 9.982185e-01 1.001251e+00 9.998606e-01 1.194911e+00 0 0 5.679624e-03 -8.105305e-03 -8.643280e-03 -7.241166e-03 -5.379754e-04
-2.580460e+00 5.600511e+00 1.008636e+00 9.950567e-01 9.970933e-01 1.012044e+00 1.188532e+00 0 0 6.662461e-03 -6.797604e-03 -5.417940e-03 -1.574422e-02 1.379665e-03
-2.764886e+00 3.605527e+00 9.990072e-01 9.967481e-01 9.934485e-01 9.985548e-01 1.189641e+00 0 0 -5.488991e-03 1.178946e-02 2.844042e-03 8.351723e-03 -8.945418e-03
-2.840068e+00 3.954442e+00 9.989007e-01 1.000237e+00 9.946131e-01 9.983513e-01 1.192484e+00 0 0 -3.707840e-03 4.092884e-03 3.385480e-03 4.941833e-03 -7.074048e-04
-3.000000e+00 4.619577e+00 9.982896e-01 9.995534e-01 1.000671e+00 9.976477e-01 1.195747e+00 0 0 4.318523e-03 -3.411580e-03 -2.999810e-03 1.229997e-02 4.117700e-04
-3.159932e+00 5.288551e+00 1.000859e+00 9.966626e-01 1.006041e+00 1.001191e+00 1.196659e+00 0 0 -2.142880e-03 -4.233200e-03 -4.615857e-03 -5.396150e-03 -3.826567e-04
-3.235114e+00 5.641915e+00 1.008731e+00 9.950722e-01 9.996569e-01 1.012214e+00 1.190029e+00 0 0 -7.106553e-03 -9.300409e-03 -6.708891e-03 -3.616861e-02 2.591518e-03
-3.419540e+00 3.664926e+00 1.000937e+00 1.000438e+00 9.918121e-01 1.001291e+00 1.190398e+00 0 0 -4.363143e-03 1.800850e-03 5.939565e-04 5.184043e-04 -1.206894e-03
-3.494722e+00 4.020961e+00 1.001318e+00 9.997455e-01 9.947422e-01 1.001874e+00 1.191607e+00 0 0 5.773365e-03 -3.750717e-03 -2.698059e-03 1.154653e-02 1.052658e-03
-3.654654e+00 4.700730e+00 1.001433e+00 9.971982e-01 1.003225e+00 1.002025e+00 1.195134e+00 0 0 7.917124e-04 3.892573e-04 4.893831e-04 1.017179e-02 1.001258e-04
-3.814586e+00 5.383519e+00 1.002360e+00 9.997562e-01 1.005840e+00 1.003279e+00 1.198030e+00 0 0 -4.912543e-03 2.949005e-03 2.926644e-03 -4.041096e-03 -2.236114e-05
-3.889768e+00 5.743054e+00 1.007229e+00 9.995860e-01 1.001447e+00 1.010144e+00 1.194120e+00 0 0 -5.104668e-03 -9.283607e-03 -9.790393e-03 -2.915550e-02 -5.067862e-04
-3.764886e+00 3.719815e+00 9.998652e-01 1.001290e+00 9.927667e-01 9.997292e-01 1.191769e+00 0 0 -9.676096e-04 -1.934748e-02 -6.469673e-03 7.245493e-03 1.287781e-02
-3.840068e+00 4.078954e+00 1.002062e+00 9.965679e-01 9.972724e-01 1.002969e+00 1.191009e+00 0 0 8.677468e-03 -4.020510e-03 -7.915478e-03 8.702452e-03 -3.894968e-03
-4.000000e+00 4.764886e+00 1.002397e+00 9.980878e-01 1.002302e+00 1.003332e+00 1.194907e+00 0 0 -4.984739e-03 5.284387e-03 7.714390e-03 6.923450e-03 2.430003e-03
-4.159932e+00 5.453190e+00 1.003375e+00 1.000636e+00 1.004664e+00 1.004723e+00 1.197594e+00 0 0 2.604897e-03 -1.129742e-03 1.153974e-03 9.995137e-04 2.283716e-03
-4.235114e+00 5.815078e+00 1.007732e+00 9.985812e-01 1.003614e+00 1.010886e+00 1.194676e+00 0 0 7.537493e-03 -6.598971e-03 -1.014670e-02 -8.689920e-03 -3.547726e-03
VARIABLES = "X", "Y", "ro", "u", "v", "pre", "Ma", "PART", "IMEX", "Ux", "Uy", "Vx", "Vy", "Vort" 
ZONE I=5, J=5, DATAPACKING=POINT
-2.235114e+00 5.605527e+00 1.005413e+00 9.982810e-01 9.959808e-01 1.007571e+00 1.190524e+00 0 0 1.168185e-02 -2.314592e-03 -7.300558e-03 2.750327e-02 -4.985966e-03
-2.299270e+00 5.948523e+00 1.005352e+00 9.971078e-01 1.003493e+00 1.007419e+00 1.194367e+00 0 0 6.870203e-03 -8.603167e-04 3.867827e-03 1.732606e-02 4.728144e-03
-2.380423e+00 6.601128e+00 1.004446e+00 9.975651e-01 1.006628e+00 1.006247e+00 1.196674e+00 0 0 -6.348963e-03 2.121478e-03 3.491123e-03 -4.112168e-03 1.369645e-03
-2.398113e+00 7.255473e+00 1.003153e+00 9.991238e-01 1.005559e+00 1.004406e+00 1.197286e+00 0 0 -6.063514e-03 1.598267e-03 6.163897e-04 8.823428e-03 -9.818772e-04
-2.380423e+00 7.601128e+00 9.969656e-01 9.995118e-01 1.012679e+00 9.957123e-01 1.203296e+00 0 0 -6.313516e-03 5.920793e-03 -1.001284e-02 2.182756e-02 -1.593364e-02
-2.580460e+00 5.600511e+00 1.007811e+00 9.949433e-01 9.981434e-01 1.010879e+00 1.189290e+00 0 0 7.065480e-03 -1.507251e-03 -5.258048e-03 1.247329e-02 -3.750797e-03
-2.644616e+00 5.946996e+00 1.007387e+00 9.955002e-01 1.002067e+00 1.010307e+00 1.192055e+00 0 0 1.575180e-03 4.790293e-03 5.711846e-03 1.271478e-02 9.215526e-04
-2.725769e+00 6.604018e+00 1.004134e+00 9.990676e-01 1.005476e+00 1.005818e+00 1.196947e+00 0 0 -2.304364e-03 4.005057e-03 3.388100e-03 -1.768353e-03 -6.169576e-04
-2.743459e+00 7.259325e+00 1.004371e+00 1.000271e+00 1.005112e+00 1.006092e+00 1.197423e+00 0 0 -7.800193e-04 8.744529e-04 1.491177e-03 9.706893e-03 6.167245e-04
-2.725769e+00 7.604018e+00 9.968575e-01 1.001262e+00 1.013664e+00 9.955665e-01 1.204952e+00 0 0 -2.371981e-03 8.928991e-03 2.212155e-03 3.521842e-02 -6.716837e-03
-3.235114e+00 5.641915e+00 1.009044e+00 9.947248e-01 9.995913e-01 1.012657e+00 1.189707e+00 0 0 -5.651641e-03 1.967535e-03 -1.653669e-03 -1.843080e-02 -3.621204e-03
-3.299270e+00 5.994735e+00 1.009792e+00 9.967748e-01 9.983800e-01 1.013724e+00 1.190019e+00 0 0 -2.641410e-03 5.383647e-03 5.156033e-03 7.366284e-03 -2.276139e-04
-3.380423e+00 6.659658e+00 1.006006e+00 9.989326e-01 1.004007e+00 1.008430e+00 1.195549e+00 0 0 2.203221e-03 7.680451e-04 1.217412e-03 4.144726e-03 4.493665e-04
-3.398113e+00 7.316669e+00 1.005846e+00 9.993182e-01 1.004384e+00 1.008170e+00 1.196064e+00 0 0 2.552919e-03 2.570772e-03 2.122281e-03 4.824464e-03 -4.484913e-04
-3.380423e+00 7.659658e+00 9.989597e-01 1.001146e+00 1.010694e+00 9.985530e-01 1.202563e+00 0 0 2.414966e-03 5.765626e-03 1.171607e-02 3.930865e-02 5.950447e-03
-3.889768e+00 5.743054e+00 1.008141e+00 9.993870e-01 1.000231e+00 1.011433e+00 1.193054e+00 0 0 -6.835284e-03 -1.336366e-02 -1.158842e-02 -3.220647e-02 1.775246e-03
-3.953924e+00 6.100963e+00 1.012841e+00 9.972419e-01 9.979981e-01 1.018025e+00 1.189345e+00 0 0 2.943306e-03 -1.727097e-03 -2.207864e-03 5.757664e-03 -4.807666e-04
-4.035077e+00 6.772074e+00 1.008657e+00 9.975338e-01 1.003959e+00 1.012138e+00 1.194068e+00 0 0 1.424052e-03 1.598844e-03 1.704215e-03 4.041878e-03 1.053707e-04
-4.052767e+00 7.430396e+00 1.004449e+00 9.989528e-01 1.002755e+00 1.006229e+00 1.195193e+00 0 0 -1.087269e-03 3.809452e-03 3.479193e-03 -7.440912e-04 -3.302586e-04
-4.035077e+00 7.772074e+00 9.983218e-01 1.000976e+00 1.006190e+00 9.976581e-01 1.199914e+00 0 0 -6.630717e-04 7.730399e-03 1.282328e-02 2.902201e-02 5.092879e-03
-4.235114e+00 5.815078e+00 1.007427e+00 9.989002e-01 1.003869e+00 1.010465e+00 1.195087e+00 0 0 2.955370e-03 -1.790885e-02 -2.130245e-02 -3.030476e-02 -3.393596e-03
-4.299270e+00 6.174868e+00 1.014016e+00 9.952089e-01 9.996206e-01 1.019670e+00 1.188832e+00 0 0 6.633696e-03 -1.387136e-03 -4.404212e-03 -9.524543e-04 -3.017076e-03
-4.380423e+00 6.848187e+00 1.009066e+00 9.976797e-01 1.002927e+00 1.012701e+00 1.193448e+00 0 0 -1.075980e-03 5.460014e-03 6.391125e-03 3.230919e-03 9.311106e-04
-4.398113e+00 7.506963e+00 1.003673e+00 1.000139e+00 1.001329e+00 1.005150e+00 1.195227e+00 0 0 -3.628390e-03 3.318036e-03 3.746813e-03 -2.202648e-03 4.287772e-04
-4.380423e+00 7.848187e+00 9.979233e-01 1.002385e+00 1.003986e+00 9.971111e-01 1.199524e+00 0 0 -1.865938e-03 1.452744e-02 1.178952e-02 2.665058e-02 -2.737919e-03
VARIABLES = "X", "Y", "ro", "u", "v", "pre", "Ma", "PART", "IMEX", "Ux", "Uy", "Vx", "Vy", "Vort" 
ZONE I=5, J=5, DATAPACKING=POINT
0.000000e+00 0.000000e+00 5.360881e-01 1.277896e+00 6.098813e-01 4.222044e-01 1.348488e+00 0 0 8.731646e-02 -1.019196e+00 1.370296e+00 -4.135243e-01 2.389492e+00
8.611542e-02 3.669786e-01 5.006301e-01 7.399368e-01 6.787940e-01 3.918490e-01 9.592305e-01 0 0 -5.960685e-02 -1.482893e+00 1.593014e+00 3.062668e-02 3.075907e+00
2.351141e-01 1.058876e+00 7.380531e-01 2.500112e-01 9.319836e-01 6.667259e-01 8.580331e-01 0 0 1.472576e-02 -5.897495e-02 5.794572e-01 1.253503e-01 6.384322e-01
3.448907e-01 1.740658e+00 9.338553e-01 4.020644e-01 1.015484e+00 9.095762e-01 9.353015e-01 0 0 2.006744e-02 4.097663e-01 2.660180e-01 -1.325690e-02 -1.437483e-01
3.804226e-01 2.094703e+00 9.769349e-01 5.643731e-01 1.003213e+00 9.698367e-01 9.763822e-01 0 0 8.697939e-02 4.529701e-01 1.259930e-01 -7.757724e-02 -3.269771e-01
-3.453460e-01 -8.611542e-02 6.945330e-01 1.296285e+00 3.749600e-01 5.917298e-01 1.235577e+00 0 0 2.019506e-01 -6.734908e-01 4.415083e-01 -5.638459e-01 1.114999e+00
-2.592306e-01 2.804819e-01 6.265856e-01 9.012518e-01 3.401084e-01 5.274322e-01 8.873606e-01 0 0 -1.246189e-01 -1.234023e+00 4.661514e-01 1.643523e-01 1.700174e+00
-1.102319e-01 9.723178e-01 7.575242e-01 3.251473e-01 6.841743e-01 6.723155e-01 6.795692e-01 0 0 -3.439483e-01 -1.951298e-01 6.161604e-01 3.461450e-01 8.112902e-01
-4.552512e-04 1.654540e+00 9.347284e-01 3.917913e-01 8.893914e-01 9.008855e-01 8.366598e-01 0 0 -1.520081e-01 3.457933e-01 3.733890e-01 1.260233e-01 2.759570e-02
3.507660e-02 2.008815e+00 9.634826e-01 5.226220e-01 9.420656e-01 9.524666e-01 9.157529e-01 0 0 -5.040098e-02 3.702582e-01 1.877308e-01 1.179374e-01 -1.825274e-01
-1.000000e+00 -2.351141e-01 9.178722e-01 1.216642e+00 3.866987e-01 8.841940e-01 1.099295e+00 0 0 2.366306e-01 -3.011586e-01 -1.642343e-01 -3.412802e-01 1.369243e-01
-9.138846e-01 1.280771e-01 8.661215e-01 1.061195e+00 2.983310e-01 8.131418e-01 9.615121e-01 0 0 5.788895e-02 -6.088769e-01 -2.124738e-01 -3.600922e-02 3.964031e-01
-7.648859e-01 8.150783e-01 8.693813e-01 6.405178e-01 4.111662e-01 8.216945e-01 6.616761e-01 0 0 -3.700623e-01 -3.817037e-01 1.067184e-03 3.484220e-01 3.827709e-01
-6.551093e-01 1.494617e+00 9.523105e-01 5.325192e-01 6.772478e-01 9.317319e-01 7.361263e-01 0 0 -3.649744e-01 1.478367e-01 8.668912e-02 3.780146e-01 -6.114763e-02
-6.195774e-01 1.848187e+00 9.691069e-01 5.949589e-01 8.081149e-01 9.623031e-01 8.511110e-01 0 0 -2.961003e-01 2.164541e-01 6.743169e-02 3.235291e-01 -1.490224e-01
-1.654654e+00 -3.448907e-01 9.834837e-01 1.099539e+00 6.358822e-01 9.865790e-01 1.071804e+00 0 0 1.642122e-01 -1.115466e-01 -4.815733e-01 -1.975135e-01 -3.700267e-01
-1.568539e+00 1.191739e-02 9.826349e-01 1.047001e+00 5.470928e-01 9.785013e-01 1.000506e+00 0 0 8.777129e-02 -2.501142e-01 -5.109226e-01 -5.071978e-02 -2.608084e-01
-1.419540e+00 6.886877e-01 9.825577e-01 8.609786e-01 5.347104e-01 9.782817e-01 8.584409e-01 0 0 -1.949559e-01 -2.171987e-01 -4.159286e-01 2.113984e-01 -1.987298e-01
-1.309763e+00 1.361392e+00 9.883435e-01 7.673416e-01 6.920216e-01 9.883079e-01 8.733129e-01 0 0 -3.492619e-01 4.555036e-02 -2.577100e-01 3.323260e-01 -3.032603e-01
-1.274231e+00 1.712884e+00 9.965691e-01 7.932589e-01 7.956174e-01 9.979835e-01 9.488632e-01 0 0 -3.314547e-01 1.429843e-01 -1.648585e-01 2.833433e-01 -3.078428e-01
-2.000000e+00 -3.804226e-01 9.968065e-01 1.066564e+00 8.175893e-01 9.949241e-01 1.136859e+00 0 0 4.296901e-02 5.161509e-03 -4.561470e-01 -1.095222e-01 -4.613085e-01
-1.913885e+00 -2.783502e-02 9.941739e-01 1.047116e+00 7.432685e-01 9.974378e-01 1.083481e+00 0 0 -8.241111e-02 -1.062627e-01 -5.571874e-01 -6.055617e-02 -4.509247e-01
-1.764886e+00 6.419145e-01 9.907179e-01 9.325687e-01 6.814554e-01 9.921412e-01 9.754676e-01 0 0 -2.218177e-01 -1.211351e-01 -4.599183e-01 1.269552e-01 -3.387832e-01
-1.655109e+00 1.309705e+00 9.963589e-01 8.714161e-01 7.831016e-01 9.922007e-01 9.922437e-01 0 0 -2.653272e-01 2.752473e-02 -3.362447e-01 2.722941e-01 -3.637694e-01
-1.619577e+00 1.659658e+00 1.001892e+00 8.827552e-01 8.594688e-01 9.995647e-01 1.042482e+00 0 0 -2.083214e-01 6.635914e-02 -2.557016e-01 1.994154e-01 -3.220607e-01
VARIABLES = "X", "Y", "ro", "u", "v", "pre", "Ma", "PART", "IMEX", "Ux", "Uy", "Vx", "Vy", "Vort" 
ZONE I=5, J=5, DATAPACKING=POINT
3.804226e-01 2.094703e+00 9.724084e-01 5.597652e-01 1.007950e+00 9.638957e-01 9.787161e-01 0 0 6.972946e-02 5.169958e-01 1.268183e-01 5.060033e-02 -3.901775e-01
3.981130e-01 2.444363e+00 9.832091e-01 7.437209e-01 1.010178e+00 9.789731e-01 1.062473e+00 0 0 2.499482e-02 4.818376e-01 8.223978e-02 -1.532008e-02 -3.995978e-01
3.804226e-01 3.094703e+00 9.988791e-01 9.616820e-01 1.001028e+00 9.950527e-01 1.175433e+00 0 0 -1.429649e-02 1.752183e-01 1.119338e-02 -3.058019e-03 -1.640249e-01
2.992696e-01 3.729426e+00 9.926622e-01 9.953543e-01 1.004477e+00 9.920476e-01 1.195510e+00 0 0 1.378425e-02 -2.704634e-02 -3.811047e-03 6.723841e-03 2.323529e-02
2.351141e-01 4.058876e+00 9.946118e-01 9.873740e-01 1.004849e+00 9.952126e-01 1.190268e+00 0 0 2.455365e-02 -2.213633e-03 -1.955964e-03 -3.987274e-03 2.576687e-04
3.507660e-02 2.008815e+00 9.650517e-01 5.178497e-01 9.397373e-01 9.552121e-01 9.114877e-01 0 0 -8.945433e-02 5.259040e-01 2.062411e-01 9.735640e-02 -3.196629e-01
5.276701e-02 2.358605e+00 9.799493e-01 7.072289e-01 9.732287e-01 9.756655e-01 1.018999e+00 0 0 -6.565509e-02 5.149580e-01 1.083536e-01 6.705797e-02 -4.066044e-01
3.507661e-02 3.008815e+00 9.958742e-01 9.499951e-01 9.975943e-01 9.903721e-01 1.167484e+00 0 0 -1.950746e-02 2.070367e-01 4.373258e-03 1.627244e-02 -2.026634e-01
-4.607637e-02 3.643075e+00 9.951049e-01 9.935160e-01 1.004123e+00 9.948924e-01 1.193962e+00 0 0 1.095839e-02 -2.813213e-02 3.347360e-04 7.335306e-03 2.846687e-02
-1.102319e-01 3.972318e+00 9.940636e-01 9.830368e-01 1.004989e+00 9.950802e-01 1.187538e+00 0 0 1.069706e-02 -2.047162e-02 4.453015e-03 -7.252853e-03 2.492464e-02
-6.195774e-01 1.848187e+00 9.714067e-01 5.897111e-01 8.036846e-01 9.664806e-01 8.446186e-01 0 0 -3.330150e-01 3.765889e-01 6.959942e-02 2.969090e-01 -3.069895e-01
-6.018870e-01 2.197655e+00 9.858861e-01 7.323798e-01 9.016128e-01 9.842975e-01 9.825127e-01 0 0 -2.362498e-01 4.183613e-01 1.418984e-02 2.323270e-01 -4.041715e-01
-6.195774e-01 2.848187e+00 9.963619e-01 9.424810e-01 9.930424e-01 9.904396e-01 1.160545e+00 0 0 -5.948241e-02 1.934826e-01 -6.568560e-03 5.618628e-02 -2.000512e-01
-7.007304e-01 3.484176e+00 9.960422e-01 9.908188e-01 1.000497e+00 9.956587e-01 1.190282e+00 0 0 8.052420e-03 -1.360256e-02 1.031336e-02 -6.422513e-03 2.391593e-02
-7.648859e-01 3.815078e+00 9.925336e-01 9.836784e-01 1.001081e+00 9.927230e-01 1.186053e+00 0 0 -6.681068e-04 -1.742190e-02 5.247283e-03 1.084040e-02 2.266919e-02
-1.274231e+00 1.712884e+00 9.935306e-01 7.895499e-01 7.952367e-01 9.941602e-01 9.467973e-01 0 0 -3.439112e-01 1.899251e-01 -1.871908e-01 3.789304e-01 -3.771159e-01
-1.256541e+00 2.061343e+00 9.994927e-01 8.595198e-01 8.994050e-01 9.970455e-01 1.052718e+00 0 0 -2.472838e-01 2.110853e-01 -1.018620e-01 2.376556e-01 -3.129473e-01
-1.274231e+00 2.712884e+00 9.961595e-01 9.642144e-01 9.882450e-01 9.911609e-01 1.169845e+00 0 0 -5.668224e-02 9.308927e-02 -1.317353e-03 5.238979e-02 -9.440662e-02
-1.355384e+00 3.353716e+00 9.961672e-01 9.877390e-01 9.942957e-01 9.960454e-01 1.184571e+00 0 0 3.832015e-03 -4.448813e-03 8.235132e-03 -6.284048e-03 1.268395e-02
-1.419540e+00 3.688688e+00 9.975484e-01 9.869960e-01 9.969135e-01 9.979912e-01 1.185364e+00 0 0 -5.914074e-03 7.972274e-03 -7.111644e-04 3.174206e-02 -8.683438e-03
-1.619577e+00 1.659658e+00 1.000439e+00 8.804567e-01 8.594081e-01 9.978455e-01 1.041195e+00 0 0 -2.167288e-01 1.175124e-01 -2.596790e-01 2.654439e-01 -3.771914e-01
-1.601887e+00 2.007361e+00 9.994273e-01 9.204185e-01 9.280933e-01 9.958608e-01 1.106683e+00 0 0 -1.441420e-01 1.148860e-01 -1.123182e-01 1.557725e-01 -2.272042e-01
-1.619577e+00 2.659658e+00 9.948382e-01 9.747242e-01 9.858643e-01 9.909071e-01 1.174016e+00 0 0 -2.292816e-02 4.685568e-02 -1.916525e-03 3.640534e-02 -4.877221e-02
-1.700730e+00 3.304043e+00 9.985267e-01 9.873744e-01 9.934037e-01 9.988386e-01 1.183562e+00 0 0 1.595922e-03 1.282088e-03 -2.522388e-03 6.165477e-04 -3.804476e-03
-1.764886e+00 3.641915e+00 9.989320e-01 9.883829e-01 9.958181e-01 9.992548e-01 1.185604e+00 0 0 -3.445221e-03 8.953982e-03 1.464560e-03 1.630051e-02 -7.489423e-03
VARIABLES = "X", "Y", "ro", "u", "v", "pre", "Ma", "PART", "IMEX", "Ux", "Uy", "Vx", "Vy", "Vort" 
ZONE I=5, J=5, DATAPACKING=POINT
2.351141e-01 4.058876e+00 9.936395e-01 9.854732e-01 1.005563e+00 9.941830e-01 1.189607e+00 0 0 1.942217e-02 2.600267e-02 -3.504376e-03 1.451205e-02 -2.950705e-02
1.599320e-01 4.385474e+00 9.977335e-01 9.960887e-01 1.006333e+00 9.961236e-01 1.197658e+00 0 0 8.278660e-03 3.141722e-02 -3.633367e-04 -4.580744e-03 -3.178056e-02
2.143592e-08 5.000000e+00 1.000061e+00 1.004395e+00 1.001316e+00 9.991868e-01 1.199168e+00 0 0 -4.694834e-03 -4.281417e-03 2.476957e-03 -7.066089e-03 6.758374e-03
-1.599319e-01 5.614526e+00 9.977274e-01 9.985261e-01 9.994036e-01 9.978944e-01 1.193892e+00 0 0 -4.323565e-04 -7.163789e-03 4.276507e-03 3.050467e-03 1.144030e-02
-2.351141e-01 5.941124e+00 9.983846e-01 9.993956e-01 1.000857e+00 9.982753e-01 1.195445e+00 0 0 1.597655e-03 1.533361e-02 -3.905387e-03 4.802777e-03 -1.923900e-02
-1.102319e-01 3.972318e+00 9.933574e-01 9.808977e-01 1.004442e+00 9.946434e-01 1.185784e+00 0 0 1.655266e-03 1.502743e-02 2.745182e-03 1.387836e-02 -1.228225e-02
-1.854140e-01 4.298852e+00 9.965821e-01 9.920647e-01 1.006825e+00 9.951323e-01 1.195468e+00 0 0 -2.097334e-03 3.587857e-02 5.736796e-04 -4.966437e-04 -3.530489e-02
-3.453460e-01 4.913885e+00 9.979784e-01 1.005074e+00 1.001375e+00 9.960202e-01 1.200263e+00 0 0 6.702871e-04 1.428223e-03 1.786276e-03 -1.162920e-02 3.580528e-04
-5.052779e-01 5.529786e+00 9.976416e-01 9.981956e-01 9.977571e-01 9.977891e-01 1.192722e+00 0 0 6.536220e-03 -1.163830e-02 2.747258e-03 4.662829e-03 1.438556e-02
-5.804601e-01 5.857327e+00 9.990711e-01 9.970617e-01 1.001307e+00 9.993316e-01 1.194101e+00 0 0 4.809076e-03 1.164501e-02 -3.391139e-03 1.506857e-02 -1.503615e-02
-7.648859e-01 3.815078e+00 9.926065e-01 9.821670e-01 9.994980e-01 9.933011e-01 1.183902e+00 0 0 -8.835966e-03 1.235734e-02 3.202216e-03 1.590697e-02 -9.155127e-03
-8.400680e-01 4.143882e+00 9.953074e-01 9.917107e-01 1.005008e+00 9.937196e-01 1.194247e+00 0 0 -9.584393e-03 2.835803e-02 2.095148e-03 9.861461e-03 -2.626288e-02
-1.000000e+00 4.764886e+00 9.963780e-01 1.002385e+00 1.003051e+00 9.939984e-01 1.199911e+00 0 0 5.329859e-03 1.299518e-03 -8.011827e-04 -1.222782e-02 -2.100701e-03
-1.159932e+00 5.388262e+00 1.001490e+00 9.960407e-01 9.968754e-01 1.002819e+00 1.190206e+00 0 0 2.001961e-03 -1.045714e-02 -6.802268e-04 -2.082402e-03 9.776917e-03
-1.235114e+00 5.719815e+00 1.003571e+00 9.954322e-01 9.989431e-01 1.005386e+00 1.190793e+00 0 0 -5.440886e-03 7.597621e-03 3.774406e-03 1.632122e-02 -3.823215e-03
-1.419540e+00 3.688688e+00 9.975957e-01 9.864689e-01 9.966991e-01 9.982394e-01 1.184803e+00 0 0 -8.970989e-03 1.746119e-02 -4.625593e-04 1.926427e-02 -1.792375e-02
-1.494722e+00 4.022521e+00 9.979810e-01 9.934395e-01 1.001963e+00 9.969394e-01 1.193115e+00 0 0 -2.613175e-03 1.772549e-02 3.405174e-03 1.198936e-02 -1.432032e-02
-1.654654e+00 4.655109e+00 9.972350e-01 9.998796e-01 1.003936e+00 9.958392e-01 1.198350e+00 0 0 1.143462e-04 2.134965e-03 2.839980e-03 -3.554286e-03 7.050151e-04
-1.814586e+00 5.291178e+00 1.001736e+00 9.990267e-01 9.982058e-01 1.002742e+00 1.192976e+00 0 0 -7.105222e-03 -2.603716e-03 -7.637111e-04 -1.157051e-02 1.840005e-03
-1.889768e+00 5.629044e+00 1.005347e+00 9.999671e-01 9.948255e-01 1.007499e+00 1.190847e+00 0 0 -4.456904e-03 5.504033e-03 3.486730e-03 -3.763329e-03 -2.017303e-03
-1.764886e+00 3.641915e+00 9.985796e-01 9.883449e-01 9.955533e-01 9.988579e-01 1.185449e+00 0 0 -4.657244e-03 7.529633e-03 3.962000e-03 1.650129e-02 -3.567633e-03
-1.840068e+00 3.979243e+00 9.980702e-01 9.926800e-01 9.997986e-01 9.971620e-01 1.191283e+00 0 0 1.608785e-04 1.530607e-02 6.852427e-03 1.031215e-02 -8.453646e-03
-2.000000e+00 4.619577e+00 9.960369e-01 1.000881e+00 1.001887e+00 9.943080e-01 1.197923e+00 0 0 -7.339291e-03 5.480633e-03 8.977321e-03 8.811256e-04 3.496688e-03
-2.159932e+00 5.263750e+00 9.988843e-01 1.000897e+00 9.985541e-01 9.985983e-01 1.195073e+00 0 0 1.118335e-03 -5.951228e-03 -2.654540e-04 -8.435592e-03 5.685774e-03
-2.235114e+00 5.605527e+00 1.005963e+00 9.983512e-01 9.953733e-01 1.008377e+00 1.190053e+00 0 0 1.698988e-02 -4.291636e-03 -6.752563e-03 -7.821582e-03 -2.460927e-03
VARIABLES = "X", "Y", "ro", "u", "v", "pre", "Ma", "PART", "IMEX", "Ux", "Uy", "Vx", "Vy", "Vort" 
ZONE I=5, J=5, DATAPACKING=POINT
-2.351141e-01 5.941124e+00 9.981008e-01 9.993362e-01 1.000666e+00 9.980390e-01 1.195267e+00 0 0 4.355423e-04 1.828796e-02 -4.204707e-03 9.254169e-03 -2.249267e-02
-2.992696e-01 6.270574e+00 1.001438e+00 1.002479e+00 1.004150e+00 1.001250e+00 1.199304e+00 0 0 8.402006e-03 3.597965e-03 -6.313681e-03 8.160621e-03 -9.911646e-03
-3.804226e-01 6.905297e+00 1.002720e+00 9.995532e-01 1.006365e+00 1.003880e+00 1.198080e+00 0 0 2.474489e-03 -6.980402e-03 -1.573704e-03 -3.597461e-03 5.406698e-03
-3.981130e-01 7.555637e+00 1.005822e+00 9.974894e-01 1.000497e+00 1.008451e+00 1.192469e+00 0 0 2.322414e-03 3.106439e-03 -1.416628e-03 -1.124066e-02 -4.523067e-03
-3.804226e-01 7.905297e+00 1.008390e+00 1.000239e+00 9.977355e-01 1.011457e+00 1.192208e+00 0 0 1.312994e-03 1.272148e-02 7.710703e-03 2.015672e-03 -5.010780e-03
-5.804601e-01 5.857327e+00 9.988252e-01 9.970750e-01 1.000955e+00 9.991386e-01 1.193866e+00 0 0 5.659698e-03 9.605072e-03 -3.373399e-03 1.490377e-02 -1.297847e-02
-6.446156e-01 6.187730e+00 1.003020e+00 9.995015e-01 1.004723e+00 1.003587e+00 1.197419e+00 0 0 5.111491e-03 6.583562e-03 -1.362459e-03 6.610992e-03 -7.946021e-03
-7.257686e-01 6.823851e+00 1.001642e+00 1.000123e+00 1.006376e+00 1.002299e+00 1.198725e+00 0 0 -1.073775e-03 -3.521594e-03 1.882047e-03 -5.903434e-04 5.403641e-03
-7.434590e-01 7.474524e+00 1.002860e+00 9.974658e-01 1.002567e+00 1.004282e+00 1.194405e+00 0 0 -7.216226e-04 -1.316790e-03 -4.776714e-03 -1.276137e-02 -3.459924e-03
-7.257686e-01 7.823851e+00 1.009050e+00 9.987447e-01 9.961641e-01 1.012479e+00 1.190166e+00 0 0 1.845779e-03 9.523791e-03 5.053563e-03 -1.959619e-02 -4.470228e-03
-1.235114e+00 5.719815e+00 1.003331e+00 9.950099e-01 9.989952e-01 1.005095e+00 1.190602e+00 0 0 -6.118270e-03 1.338773e-02 1.352910e-03 2.393006e-02 -1.203482e-02
-1.299270e+00 6.053884e+00 1.002394e+00 9.987455e-01 1.003374e+00 1.003037e+00 1.196115e+00 0 0 -4.574711e-03 5.746903e-03 1.724803e-03 5.976585e-03 -4.022100e-03
-1.380423e+00 6.694954e+00 9.998505e-01 9.997554e-01 1.005143e+00 9.997628e-01 1.198213e+00 0 0 3.681071e-03 -1.424861e-03 -5.468718e-05 3.924659e-03 1.370173e-03
-1.398113e+00 7.346751e+00 9.982430e-01 9.978513e-01 1.007143e+00 9.976750e-01 1.198567e+00 0 0 9.022500e-04 -3.232517e-03 -3.685990e-03 -4.465324e-03 -4.534731e-04
-1.380423e+00 7.694954e+00 1.004176e+00 9.970271e-01 1.000880e+00 1.005789e+00 1.193023e+00 0 0 1.499066e-04 3.702204e-03 -7.272031e-03 -4.036832e-02 -1.097423e-02
-1.889768e+00 5.629044e+00 1.004465e+00 9.997152e-01 9.954004e-01 1.006244e+00 1.191258e+00 0 0 -5.607317e-03 9.351533e-03 -2.572003e-04 2.980865e-02 -9.608733e-03
-1.953924e+00 5.968661e+00 1.002042e+00 1.000476e+00 1.002674e+00 1.002725e+00 1.196704e+00 0 0 3.242083e-03 -3.619152e-03 -2.788787e-03 1.474084e-02 8.303652e-04
-2.035077e+00 6.616946e+00 1.002995e+00 9.970912e-01 1.006103e+00 1.004205e+00 1.196428e+00 0 0 2.383277e-03 -2.333794e-03 -2.630296e-03 -1.093680e-03 -2.965018e-04
-2.052767e+00 7.270343e+00 1.000866e+00 9.977487e-01 1.007135e+00 1.001243e+00 1.197935e+00 0 0 -1.782500e-03 2.637859e-03 3.592967e-03 6.863906e-03 9.551085e-04
-2.035077e+00 7.616946e+00 9.974245e-01 9.981548e-01 1.010505e+00 9.963293e-01 1.201086e+00 0 0 -4.503733e-03 6.334090e-03 -1.099269e-02 -3.406520e-03 -1.732678e-02
-2.235114e+00 5.605527e+00 1.004978e+00 9.983142e-01 9.960448e-01 1.007002e+00 1.190660e+00 0 0 1.681487e-02 -3.198871e-03 -8.629908e-03 2.896800e-02 -5.431037e-03
-2.299270e+00 5.948523e+00 1.005499e+00 9.968484e-01 1.003855e+00 1.007628e+00 1.194392e+00 0 0 1.854019e-02 1.080054e-03 -3.975380e-03 1.612153e-02 -5.055434e-03
-2.380423e+00 6.601128e+00 1.004661e+00 9.975803e-01 1.006755e+00 1.006544e+00 1.196711e+00 0 0 -6.122484e-03 2.491816e-03 4.501023e-04 -4.822278e-03 -2.041714e-03
-2.398113e+00 7.255473e+00 1.003303e+00 9.991749e-01 1.005412e+00 1.004615e+00 1.197193e+00 0 0 -7.084633e-03 1.700096e-03 4.282058e-03 8.253797e-03 2.581962e-03
-2.380423e+00 7.601128e+00 9.970814e-01 9.997892e-01 1.012297e+00 9.958900e-01 1.203194e+00 0 0 -3.790127e-03 7.531276e-03 1.580351e-04 2.066645e-02 -7.373241e-03
