VARIABLES = "X", "Y", "ro", "u", "v", "pre", "Ma", "PART", "IMEX", "Ux", "Uy", "Vx", "Vy", "Vort" 
ZONE I=5, J=5, DATAPACKING=POINT
2.380423e+00 -7.601128e+00 1.006384e+00 9.967133e-01 1.000039e+00 1.009105e+00 1.191679e+00 2 0 -1.019677e-02 -5.152969e-03 -6.136280e-03 -1.344361e-02 -9.833110e-04
2.398113e+00 -7.255473e+00 1.005380e+00 9.956621e-01 9.980637e-01 1.007298e+00 1.190345e+00 2 0 -1.586691e-02 -5.779720e-04 2.226835e-03 -1.014370e-03 2.804807e-03
2.380423e+00 -6.601128e+00 9.987601e-01 9.970628e-01 9.990596e-01 9.983506e-01 1.193157e+00 2 0 5.864918e-04 4.935676e-03 3.695051e-03 2.550423e-03 -1.240625e-03
2.299270e+00 -5.948523e+00 9.968227e-01 1.000361e+00 1.001410e+00 9.957779e-01 1.196914e+00 2 0 1.486130e-02 4.565488e-03 -1.344288e-03 6.045123e-03 -5.909776e-03
2.235114e+00 -5.605527e+00 9.939582e-01 9.990163e-01 1.004361e+00 9.917884e-01 1.198560e+00 2 0 1.695748e-02 -1.416140e-02 -1.134705e-03 5.663947e-03 1.302670e-02
2.035077e+00 -7.616946e+00 1.004288e+00 9.989946e-01 1.000402e+00 1.006158e+00 1.193757e+00 2 0 -2.521696e-03 1.963941e-03 3.604509e-03 -1.336994e-02 1.640568e-03
2.052767e+00 -7.270343e+00 1.003570e+00 9.992893e-01 9.983635e-01 1.004742e+00 1.193129e+00 2 0 -4.395520e-03 -1.116690e-03 -1.623886e-03 -1.540427e-03 -5.071960e-04
2.035077e+00 -6.616946e+00 9.994700e-01 9.978662e-01 9.990424e-01 9.992585e-01 1.193508e+00 2 0 -2.759524e-03 -1.383833e-03 -2.355566e-03 1.985323e-03 -9.717335e-04
1.953924e+00 -5.968661e+00 9.989212e-01 9.982065e-01 1.001517e+00 9.989767e-01 1.195032e+00 2 0 2.127340e-04 -3.500970e-04 -1.302635e-03 6.446808e-03 -9.525376e-04
1.889768e+00 -5.629044e+00 9.960480e-01 9.962258e-01 1.004599e+00 9.945939e-01 1.196606e+00 2 0 3.423707e-03 -2.011676e-02 -1.970100e-03 7.049642e-03 1.814666e-02
1.380423e+00 -7.694954e+00 1.005329e+00 9.989938e-01 9.980728e-01 1.007144e+00 1.192400e+00 2 0 3.763141e-04 -3.069788e-03 1.847320e-03 9.309419e-04 4.917108e-03
1.398113e+00 -7.346751e+00 1.004139e+00 9.980754e-01 9.994829e-01 1.005765e+00 1.192804e+00 2 0 5.383143e-03 -2.274946e-03 -2.159386e-03 3.656988e-03 1.155602e-04
1.380423e+00 -6.694954e+00 9.994698e-01 9.980203e-01 1.000246e+00 9.990587e-01 1.194439e+00 2 0 2.774836e-03 2.503753e-03 8.116557e-05 -5.868206e-04 -2.422588e-03
1.299270e+00 -6.053884e+00 9.975635e-01 9.997253e-01 1.001421e+00 9.971814e-01 1.196143e+00 2 0 -1.288028e-03 -4.854244e-05 7.561449e-04 7.198727e-03 8.046873e-04
1.235114e+00 -5.719815e+00 9.942496e-01 9.980392e-01 1.005409e+00 9.918849e-01 1.198724e+00 2 0 -6.188618e-04 -1.566020e-02 -2.971736e-03 1.467818e-02 1.268847e-02
7.257686e-01 -7.823851e+00 1.007471e+00 1.000198e+00 9.985786e-01 1.009889e+00 1.193067e+00 2 0 -9.815727e-05 -9.795059e-03 -4.826106e-03 1.162314e-02 4.968953e-03
7.434590e-01 -7.474524e+00 1.005078e+00 9.964978e-01 1.000954e+00 1.007138e+00 1.192487e+00 2 0 -1.105946e-03 -8.087119e-03 -4.089860e-03 3.346347e-03 3.997259e-03
7.257686e-01 -6.823851e+00 9.998154e-01 9.954389e-01 9.997501e-01 9.996150e-01 1.192476e+00 2 0 3.983773e-04 4.095143e-03 3.442334e-04 -5.158629e-03 -3.750910e-03
6.446156e-01 -6.187730e+00 9.978182e-01 9.985159e-01 9.985327e-01 9.970613e-01 1.193918e+00 2 0 3.301007e-03 3.082599e-03 4.409783e-03 7.386607e-03 1.327184e-03
5.804601e-01 -5.857327e+00 9.942899e-01 9.982416e-01 1.004105e+00 9.923224e-01 1.197822e+00 2 0 3.228650e-03 -9.978271e-05 -2.533511e-03 3.083071e-02 -2.433728e-03
3.804226e-01 -7.905297e+00 1.007881e+00 1.000231e+00 9.988080e-01 1.010681e+00 1.192999e+00 2 0 3.327040e-03 4.952677e-04 -1.955226e-03 1.836879e-02 -2.450494e-03
3.981130e-01 -7.555637e+00 1.003061e+00 9.992317e-01 1.002280e+00 1.004190e+00 1.195461e+00 2 0 -1.477180e-02 -4.543283e-03 -3.882605e-03 6.371907e-03 6.606777e-04
3.804226e-01 -6.905297e+00 9.989003e-01 9.968297e-01 1.001329e+00 9.984259e-01 1.194415e+00 2 0 -1.186327e-02 -1.908978e-03 -6.735075e-03 -8.955257e-03 -4.826097e-03
2.992696e-01 -6.270574e+00 1.000278e+00 9.973125e-01 9.966092e-01 1.000423e+00 1.191510e+00 2 0 4.381385e-03 1.181875e-03 3.222105e-03 2.212287e-03 2.040230e-03
2.351141e-01 -5.941124e+00 9.961041e-01 9.966277e-01 1.001987e+00 9.949496e-01 1.195098e+00 2 0 8.149726e-03 -9.463160e-04 -1.531059e-03 3.611887e-02 -5.847429e-04
VARIABLES = "X", "Y", "ro", "u", "v", "pre", "Ma", "PART", "IMEX", "Ux", "Uy", "Vx", "Vy", "Vort" 
ZONE I=5, J=5, DATAPACKING=POINT
2.235114e+00 -5.605527e+00 9.941983e-01 9.979537e-01 1.003338e+00 9.922671e-01 1.197168e+00 2 0 1.804882e-02 6.016039e-03 -2.574797e-03 -2.535400e-03 -8.590836e-03
2.159932e+00 -5.263750e+00 9.951144e-01 9.987940e-01 1.002693e+00 9.928242e-01 1.197498e+00 2 0 1.277877e-02 8.204546e-04 2.312304e-03 -5.813480e-03 1.491850e-03
2.000000e+00 -4.619577e+00 9.979782e-01 9.964512e-01 9.975552e-01 9.966778e-01 1.192424e+00 2 0 1.394579e-02 3.656734e-03 4.735265e-03 -2.994090e-03 1.078530e-03
1.840068e+00 -3.979243e+00 9.984580e-01 1.000004e+00 1.001571e+00 9.992243e-01 1.195712e+00 2 0 9.553948e-03 6.010121e-03 -4.252670e-03 1.457097e-02 -1.026279e-02
1.764886e+00 -3.641915e+00 9.959506e-01 9.962931e-01 1.006557e+00 9.959569e-01 1.196944e+00 2 0 1.236237e-02 -4.948923e-02 -4.410590e-03 -1.446304e-03 4.507864e-02
1.889768e+00 -5.629044e+00 9.964666e-01 9.949368e-01 1.003776e+00 9.949153e-01 1.195402e+00 2 0 2.057540e-03 1.991897e-04 -1.935983e-03 5.865767e-03 -2.135172e-03
1.814586e+00 -5.291178e+00 9.956543e-01 9.956955e-01 1.003489e+00 9.938047e-01 1.195861e+00 2 0 3.713802e-03 -9.464013e-04 -4.338105e-03 -1.057169e-02 -3.391704e-03
1.654654e+00 -4.655109e+00 1.000287e+00 9.937640e-01 9.964380e-01 9.994184e-01 1.189891e+00 2 0 1.981719e-03 1.786316e-03 2.279400e-03 -3.579948e-03 4.930840e-04
1.494722e+00 -4.022521e+00 9.988102e-01 9.987070e-01 1.002532e+00 1.000424e+00 1.195006e+00 2 0 -1.716533e-03 5.905559e-03 -5.451515e-03 1.810345e-02 -1.135707e-02
1.419540e+00 -3.688688e+00 9.983780e-01 9.952577e-01 1.007406e+00 9.985442e-01 1.196743e+00 2 0 6.853570e-03 -5.770778e-02 2.032580e-03 -7.525158e-03 5.974036e-02
1.235114e+00 -5.719815e+00 9.944182e-01 9.974193e-01 1.005004e+00 9.912314e-01 1.198608e+00 2 0 -3.598046e-03 -9.961881e-03 -6.298484e-03 2.734362e-02 3.663397e-03
1.159932e+00 -5.388262e+00 9.920383e-01 9.959529e-01 1.007339e+00 9.893308e-01 1.198852e+00 2 0 -1.093226e-03 -3.593169e-03 -1.670470e-03 -1.105261e-02 1.922699e-03
1.000000e+00 -4.764886e+00 9.994662e-01 9.959081e-01 9.974671e-01 9.979042e-01 1.192202e+00 2 0 -6.189031e-03 3.269745e-03 -3.120818e-03 -8.499136e-03 -6.390563e-03
8.400680e-01 -4.143882e+00 9.982068e-01 1.001330e+00 1.002786e+00 9.995928e-01 1.196858e+00 2 0 -5.156026e-03 5.619611e-03 -9.482918e-04 1.750834e-02 -6.567903e-03
7.648859e-01 -3.815078e+00 9.993835e-01 1.000003e+00 1.005569e+00 9.983667e-01 1.199173e+00 2 0 -8.042274e-04 -3.478704e-02 6.156600e-03 -1.725055e-02 4.094364e-02
5.804601e-01 -5.857327e+00 9.946441e-01 9.989725e-01 1.004406e+00 9.927103e-01 1.198418e+00 2 0 4.193482e-03 -8.718911e-03 1.987186e-04 1.755306e-02 8.917629e-03
5.052779e-01 -5.529786e+00 9.921763e-01 9.960056e-01 1.006462e+00 9.892157e-01 1.198509e+00 2 0 2.575349e-03 -3.744581e-03 6.445290e-03 1.729957e-04 1.018987e-02
3.453460e-01 -4.913885e+00 9.978162e-01 9.975491e-01 1.001735e+00 9.963691e-01 1.195671e+00 2 0 7.554135e-04 6.843004e-03 -3.946034e-03 -1.085068e-02 -1.078904e-02
1.854140e-01 -4.298852e+00 1.002668e+00 1.000818e+00 9.993345e-01 1.004113e+00 1.194460e+00 2 0 5.634655e-03 4.110296e-03 3.788291e-03 7.996757e-03 -3.220048e-04
1.102319e-01 -3.972318e+00 1.000911e+00 1.001570e+00 1.005434e+00 1.002011e+00 1.198758e+00 2 0 4.181900e-03 8.769908e-03 -9.905297e-03 3.729318e-02 -1.867520e-02
2.351141e-01 -5.941124e+00 9.969468e-01 9.971716e-01 1.002083e+00 9.963488e-01 1.195145e+00 2 0 1.029642e-02 -2.157645e-03 7.959615e-03 4.352337e-03 1.011726e-02
1.599319e-01 -5.614526e+00 9.936755e-01 9.953704e-01 1.003569e+00 9.910573e-01 1.196182e+00 2 0 4.632934e-03 -2.376949e-03 7.322910e-03 7.105808e-03 9.699859e-03
-2.143592e-08 -5.000000e+00 9.973628e-01 9.954996e-01 1.003432e+00 9.959606e-01 1.195440e+00 2 0 7.065460e-03 4.960910e-03 -4.065021e-04 -7.949475e-03 -5.367412e-03
-1.599320e-01 -4.385474e+00 1.005645e+00 9.974325e-01 9.981499e-01 1.007840e+00 1.191289e+00 2 0 9.369790e-03 4.107157e-03 -1.404416e-03 7.337920e-04 -5.511573e-03
-2.351141e-01 -4.058876e+00 1.004228e+00 9.975284e-01 1.004741e+00 1.007084e+00 1.194895e+00 2 0 1.238947e-02 1.074347e-03 -5.570408e-03 5.528486e-02 -6.644755e-03
VARIABLES = "X", "Y", "ro", "u", "v", "pre", "Ma", "PART", "IMEX", "Ux", "Uy", "Vx", "Vy", "Vort" 
ZONE I=5, J=5, DATAPACKING=POINT
1.764886e+00 -3.641915e+00 9.961706e-01 9.927494e-01 1.004506e+00 9.961869e-01 1.193599e+00 2 0 2.819367e-03 5.126608e-02 -7.569295e-03 -2.338691e-03 -5.883537e-02
1.700730e+00 -3.304043e+00 1.000207e+00 9.999327e-01 1.007843e+00 1.000612e+00 1.199642e+00 2 0 1.023538e-02 -3.186829e-03 -1.345692e-04 8.080428e-03 3.052260e-03
1.619577e+00 -2.659658e+00 1.006011e+00 1.019230e+00 1.015122e+00 1.004300e+00 1.216796e+00 2 0 -2.762815e-02 9.556021e-02 -1.641173e-02 2.685652e-02 -1.119719e-01
1.601887e+00 -2.007361e+00 1.005618e+00 1.131376e+00 1.073882e+00 1.007513e+00 1.317101e+00 2 0 -1.263239e-01 2.236762e-01 -5.475528e-02 1.830990e-01 -2.784314e-01
1.619577e+00 -1.659658e+00 9.807454e-01 1.204208e+00 1.164925e+00 9.768692e-01 1.418829e+00 2 0 -2.227109e-01 1.982768e-01 -1.255471e-01 3.579124e-01 -3.238239e-01
1.419540e+00 -3.688688e+00 1.000327e+00 9.908526e-01 1.005167e+00 9.995263e-01 1.193358e+00 2 0 -7.650881e-03 4.321436e-02 2.500693e-03 -9.363505e-04 -4.071366e-02
1.355384e+00 -3.353716e+00 1.000946e+00 9.992895e-01 1.008925e+00 1.002599e+00 1.199162e+00 2 0 -2.523116e-03 1.916489e-03 -6.848614e-03 8.395416e-03 -8.765103e-03
1.274231e+00 -2.712884e+00 1.010245e+00 1.026346e+00 1.016614e+00 1.009475e+00 1.221381e+00 2 0 -4.356140e-02 1.144817e-01 -3.265267e-03 2.829639e-02 -1.177469e-01
1.256541e+00 -2.061343e+00 1.001974e+00 1.165765e+00 1.074947e+00 1.004717e+00 1.338350e+00 2 0 -1.401259e-01 2.963543e-01 -1.060630e-02 1.773533e-01 -3.069606e-01
1.274231e+00 -1.712884e+00 9.765411e-01 1.270933e+00 1.161046e+00 9.708858e-01 1.459099e+00 2 0 -2.309343e-01 2.973328e-01 3.626127e-02 3.003456e-01 -2.610715e-01
7.648859e-01 -3.815078e+00 1.000836e+00 9.973199e-01 1.003709e+00 9.966062e-01 1.198385e+00 2 0 -1.542087e-02 3.884577e-03 -8.583427e-03 3.434762e-02 -1.246800e-02
7.007304e-01 -3.484176e+00 9.985360e-01 1.001699e+00 1.011267e+00 1.000603e+00 1.201748e+00 2 0 -5.024660e-03 1.124371e-02 -2.262619e-04 5.066017e-03 -1.146997e-02
6.195774e-01 -2.848187e+00 1.006787e+00 1.035341e+00 1.012256e+00 1.005106e+00 1.224774e+00 2 0 -2.566455e-02 1.189322e-01 4.343200e-03 1.483140e-02 -1.145890e-01
6.018870e-01 -2.197655e+00 9.958963e-01 1.186230e+00 1.038357e+00 9.981418e-01 1.330880e+00 2 0 -4.748107e-02 3.515795e-01 6.651670e-02 5.541958e-02 -2.850627e-01
6.195774e-01 -1.848187e+00 9.905531e-01 1.327180e+00 1.054229e+00 9.862108e-01 1.435632e+00 2 0 -7.200731e-02 4.230594e-01 1.960177e-01 -1.611714e-02 -2.270417e-01
1.102319e-01 -3.972318e+00 1.001460e+00 1.002479e+00 1.006639e+00 1.002588e+00 1.200005e+00 2 0 6.113398e-03 -6.228711e-03 -7.869183e-03 1.234639e-02 -1.640472e-03
4.607637e-02 -3.643075e+00 1.000120e+00 1.000823e+00 1.007050e+00 1.001013e+00 1.199404e+00 2 0 4.374897e-03 4.159197e-03 9.665386e-03 1.837042e-03 5.506189e-03
-3.507661e-02 -3.008815e+00 1.000879e+00 1.022630e+00 1.010164e+00 1.000432e+00 1.215121e+00 2 0 1.212135e-02 8.062771e-02 -3.621349e-03 2.690526e-03 -8.424906e-02
-5.276701e-02 -2.358605e+00 9.978753e-01 1.129069e+00 9.927738e-01 9.969274e-01 1.271261e+00 2 0 5.204445e-02 2.667524e-01 5.781787e-02 -7.274050e-02 -2.089346e-01
-3.507660e-02 -2.008815e+00 1.005042e+00 1.247276e+00 9.567212e-01 1.009959e+00 1.325299e+00 2 0 8.488299e-02 3.929435e-01 1.093853e-01 -1.164631e-01 -2.835582e-01
-2.351141e-01 -4.058876e+00 1.005217e+00 9.974835e-01 1.006671e+00 1.009333e+00 1.195279e+00 2 0 1.601862e-02 1.167642e-02 8.485046e-03 5.526452e-04 -3.191377e-03
-2.992696e-01 -3.729426e+00 1.003627e+00 9.982382e-01 1.003916e+00 1.005457e+00 1.195431e+00 2 0 9.018732e-03 2.570966e-03 5.154135e-03 7.871571e-04 2.583169e-03
-3.804226e-01 -3.094703e+00 1.002396e+00 1.011472e+00 1.012320e+00 1.003426e+00 1.208827e+00 2 0 1.684873e-02 5.545777e-02 -7.999996e-03 1.044732e-02 -6.345777e-02
-3.981130e-01 -2.444363e+00 9.970355e-01 1.090433e+00 9.906687e-01 9.948053e-01 1.246519e+00 2 0 4.617307e-02 2.090141e-01 -2.531456e-03 -9.368394e-02 -2.115455e-01
-3.804226e-01 -2.094703e+00 1.007512e+00 1.187523e+00 9.460772e-01 1.014978e+00 1.278480e+00 2 0 5.589999e-02 3.703651e-01 2.293605e-02 -1.093990e-01 -3.474291e-01
VARIABLES = "X", "Y", "ro", "u", "v", "pre", "Ma", "PART", "IMEX", "Ux", "Uy", "Vx", "Vy", "Vort" 
ZONE I=5, J=5, DATAPACKING=POINT
1.619577e+00 -1.659658e+00 9.826391e-01 1.204623e+00 1.163183e+00 9.799802e-01 1.417170e+00 2 0 -2.234863e-01 2.318131e-01 -9.955389e-02 2.319333e-01 -3.313670e-01
1.655109e+00 -1.309705e+00 9.728953e-01 1.267915e+00 1.262345e+00 9.661544e-01 1.517389e+00 2 0 -3.609914e-01 1.814160e-01 -7.891189e-02 3.257935e-01 -2.603278e-01
1.764886e+00 -6.419145e-01 9.624363e-01 1.269243e+00 1.460902e+00 9.494844e-01 1.646707e+00 2 0 -3.634062e-01 -7.477791e-02 -3.085371e-01 2.984113e-01 -2.337592e-01
1.913885e+00 2.783502e-02 9.637799e-01 1.087420e+00 1.538258e+00 9.525088e-01 1.601497e+00 2 0 -7.839156e-02 -3.329697e-01 -5.835056e-01 1.120313e-01 -2.505359e-01
2.000000e+00 3.804226e-01 9.743016e-01 9.692283e-01 1.496674e+00 9.672646e-01 1.512464e+00 2 0 9.355908e-02 -2.926092e-01 -6.244639e-01 -6.436641e-02 -3.318546e-01
1.274231e+00 -1.712884e+00 9.815244e-01 1.268746e+00 1.156596e+00 9.754557e-01 1.455474e+00 2 0 -2.344784e-01 3.628928e-01 6.564264e-02 1.721428e-01 -2.972502e-01
1.309763e+00 -1.361392e+00 9.699363e-01 1.381623e+00 1.254144e+00 9.634796e-01 1.582288e+00 2 0 -3.661003e-01 3.047761e-01 4.310560e-02 3.325571e-01 -2.616705e-01
1.419540e+00 -6.886877e-01 9.394366e-01 1.410812e+00 1.505359e+00 9.118784e-01 1.769813e+00 2 0 -4.273660e-01 -1.183386e-01 -3.675424e-02 3.723126e-01 8.158441e-02
1.568539e+00 -1.191739e-02 9.055783e-01 1.127473e+00 1.683693e+00 8.716101e-01 1.745614e+00 2 0 -7.419388e-02 -5.442290e-01 -3.004659e-01 1.732769e-01 2.437631e-01
1.654654e+00 3.448907e-01 9.108930e-01 9.385559e-01 1.668630e+00 8.804989e-01 1.645716e+00 2 0 1.533063e-01 -4.697220e-01 -3.577439e-01 -1.264339e-01 1.119781e-01
6.195774e-01 -1.848187e+00 9.925762e-01 1.321846e+00 1.049705e+00 9.804947e-01 1.435336e+00 2 0 -9.387712e-02 5.229955e-01 1.556816e-01 1.212726e-01 -3.673139e-01
6.551093e-01 -1.494617e+00 9.650982e-01 1.510370e+00 1.110430e+00 9.595239e-01 1.588955e+00 2 0 -1.553750e-01 5.043521e-01 2.656813e-01 1.606296e-01 -2.386708e-01
7.648859e-01 -8.150783e-01 8.525765e-01 1.679637e+00 1.296147e+00 7.864060e-01 1.866991e+00 2 0 -2.932726e-01 -3.700507e-03 5.237858e-01 2.771327e-01 5.274863e-01
9.138846e-01 -1.280771e-01 6.877258e-01 1.324734e+00 1.624334e+00 5.876867e-01 1.916330e+00 2 0 -2.913773e-01 -9.153695e-01 4.803939e-01 3.672175e-01 1.395763e+00
1.000000e+00 2.351141e-01 6.736531e-01 9.415548e-01 1.727607e+00 5.695411e-01 1.808472e+00 2 0 1.797819e-02 -9.407573e-01 2.931221e-01 -7.440168e-02 1.233879e+00
-3.507660e-02 -2.008815e+00 1.004468e+00 1.245031e+00 9.621512e-01 1.008854e+00 1.326938e+00 2 0 7.071203e-02 3.984429e-01 7.840523e-02 -6.393938e-02 -3.200377e-01
4.552512e-04 -1.654540e+00 9.784786e-01 1.423022e+00 9.282164e-01 9.732943e-01 1.439730e+00 2 0 1.484058e-01 5.206479e-01 2.236287e-01 -1.238686e-01 -2.970191e-01
1.102319e-01 -9.723178e-01 8.594089e-01 1.720161e+00 8.854590e-01 8.040058e-01 1.690502e+00 2 0 1.060543e-01 2.389841e-01 5.379586e-01 -1.177522e-01 2.989745e-01
2.592306e-01 -2.804819e-01 5.882405e-01 1.636291e+00 9.503495e-01 4.843222e-01 1.762483e+00 2 0 -2.541807e-02 -6.836006e-01 1.197385e+00 -1.380521e-02 1.880985e+00
3.453460e-01 8.611542e-02 4.644708e-01 1.212321e+00 1.104022e+00 3.520102e-01 1.591840e+00 2 0 -1.154012e-01 -1.515200e+00 1.558022e+00 1.964446e-01 3.073222e+00
-3.804226e-01 -2.094703e+00 1.006110e+00 1.192144e+00 9.558913e-01 1.016021e+00 1.285123e+00 2 0 8.915868e-02 1.214729e-01 2.031397e-02 -1.097342e-01 -1.011589e-01
-3.448907e-01 -1.740658e+00 9.821760e-01 1.313799e+00 8.945056e-01 9.798985e-01 1.344852e+00 2 0 2.132185e-01 4.751622e-01 4.554124e-02 -1.886356e-01 -4.296210e-01
-2.351141e-01 -1.058876e+00 9.049483e-01 1.637662e+00 7.683536e-01 8.727934e-01 1.556751e+00 2 0 2.331549e-01 2.606391e-01 2.468296e-01 -2.342517e-01 -1.380945e-02
-8.611542e-02 -3.669786e-01 6.829049e-01 1.590469e+00 6.432202e-01 5.990204e-01 1.548155e+00 2 0 5.810727e-01 -6.760833e-01 6.605917e-01 -3.000336e-01 1.336675e+00
0.000000e+00 0.000000e+00 5.255095e-01 1.268638e+00 6.253161e-01 4.134289e-01 1.347693e+00 2 0 5.900751e-01 -1.317945e+00 9.753349e-01 -1.229825e-01 2.293280e+00
VARIABLES = "X", "Y", "ro", "u", "v", "pre", "Ma", "PART", "IMEX", "Ux", "Uy", "Vx", "Vy", "Vort" 
ZONE I=5, J=5, DATAPACKING=POINT
4.380423e+00 -7.848187e+00 1.008512e+00 1.002697e+00 9.900234e-01 1.011946e+00 1.188880e+00 2 0 6.386602e-03 -1.017980e-02 -5.500851e-03 2.562507e-04 4.678951e-03
4.398113e+00 -7.506963e+00 1.007426e+00 9.992981e-01 9.916079e-01 1.010420e+00 1.188038e+00 2 0 2.836603e-03 -8.117330e-03 -8.923934e-04 7.635042e-03 7.224937e-03
4.380423e+00 -6.848187e+00 1.002889e+00 9.968460e-01 9.970481e-01 1.004029e+00 1.190903e+00 2 0 8.627373e-03 7.582497e-04 7.463964e-04 6.605593e-03 -1.185327e-05
4.299270e+00 -6.174868e+00 9.986881e-01 9.975372e-01 9.991159e-01 9.981919e-01 1.193525e+00 2 0 1.270011e-02 1.708728e-03 -2.678124e-03 2.633822e-05 -4.386852e-03
4.235114e+00 -5.815078e+00 9.970303e-01 9.963517e-01 9.994784e-01 9.958586e-01 1.193440e+00 2 0 5.606459e-03 -6.904038e-03 8.567894e-04 5.230982e-03 7.760828e-03
4.035077e+00 -7.772074e+00 1.004849e+00 1.001085e+00 9.929936e-01 1.006768e+00 1.190564e+00 2 0 5.864472e-04 -1.290902e-02 -1.048231e-02 8.855835e-04 2.426708e-03
4.052767e+00 -7.430396e+00 1.003014e+00 9.979245e-01 9.945996e-01 1.004239e+00 1.190036e+00 2 0 4.375876e-04 -5.991122e-03 -8.070538e-03 5.364336e-03 -2.079416e-03
4.035077e+00 -6.772074e+00 1.002585e+00 9.962705e-01 9.974476e-01 1.003622e+00 1.190859e+00 2 0 -2.635964e-03 -7.577197e-04 -1.277886e-03 3.127131e-03 -5.201668e-04
3.953924e+00 -6.100963e+00 1.000370e+00 9.957022e-01 9.990813e-01 1.000517e+00 1.192025e+00 2 0 -1.137558e-04 -1.963799e-03 -5.033274e-05 1.693654e-03 1.913467e-03
3.889768e+00 -5.743054e+00 9.984682e-01 9.946187e-01 9.994008e-01 9.978582e-01 1.192022e+00 2 0 3.227901e-04 -4.661311e-03 -1.704869e-04 -1.199272e-04 4.490824e-03
3.380423e+00 -7.659658e+00 1.000232e+00 9.988746e-01 9.989491e-01 1.000218e+00 1.193936e+00 2 0 3.156600e-03 -6.053682e-03 -6.800675e-03 -1.122472e-02 -7.469923e-04
3.398113e+00 -7.316669e+00 9.991434e-01 9.981391e-01 9.981211e-01 9.988311e-01 1.193180e+00 2 0 -9.816964e-04 -2.042256e-04 -8.295346e-04 8.186142e-05 -6.253091e-04
3.380423e+00 -6.659658e+00 9.998598e-01 9.986129e-01 9.990921e-01 9.997879e-01 1.193900e+00 2 0 -1.992464e-03 5.006072e-04 -2.215573e-03 1.879560e-03 -2.716180e-03
3.299270e+00 -5.994735e+00 9.981133e-01 9.982330e-01 1.000560e+00 9.973633e-01 1.194957e+00 2 0 -5.803030e-03 -3.307272e-03 -3.372095e-03 1.395977e-03 -6.482341e-05
3.235114e+00 -5.641915e+00 9.960031e-01 9.967948e-01 1.000805e+00 9.943649e-01 1.194780e+00 2 0 -6.849696e-03 -9.187072e-03 -4.399784e-03 -1.765751e-03 4.787288e-03
2.725769e+00 -7.604018e+00 1.004465e+00 9.967979e-01 9.997174e-01 1.006220e+00 1.192107e+00 2 0 1.314744e-03 2.808067e-03 3.750235e-04 -1.799243e-02 -2.433043e-03
2.743459e+00 -7.259325e+00 1.003061e+00 9.976856e-01 9.975161e-01 1.004212e+00 1.191678e+00 2 0 3.162808e-03 7.973770e-04 7.760800e-05 1.716113e-06 -7.197690e-04
2.725769e+00 -6.604018e+00 9.974086e-01 9.980933e-01 9.998271e-01 9.963977e-01 1.194592e+00 2 0 2.800947e-03 2.390319e-03 9.480305e-04 4.089659e-03 -1.442288e-03
2.644616e+00 -5.946996e+00 9.953009e-01 1.000630e+00 1.001990e+00 9.935163e-01 1.197868e+00 2 0 -1.028541e-03 2.473113e-03 6.599420e-04 3.728344e-03 -1.813171e-03
2.580460e+00 -5.600511e+00 9.929680e-01 9.995441e-01 1.003747e+00 9.901836e-01 1.198880e+00 2 0 -1.130252e-03 -1.802573e-02 -3.250943e-03 4.206582e-03 1.477479e-02
2.380423e+00 -7.601128e+00 1.006275e+00 9.970579e-01 9.999926e-01 1.008972e+00 1.191871e+00 2 0 -1.030809e-03 -5.232483e-03 -4.076670e-03 -1.182597e-02 1.155813e-03
2.398113e+00 -7.255473e+00 1.004499e+00 9.960020e-01 9.983837e-01 1.006048e+00 1.190956e+00 2 0 8.379157e-03 -1.310729e-03 -4.143261e-03 -4.961208e-04 -2.832531e-03
2.380423e+00 -6.601128e+00 9.985569e-01 9.973267e-01 9.990763e-01 9.980795e-01 1.193365e+00 2 0 2.266565e-03 4.948071e-03 3.688016e-03 1.673465e-03 -1.260055e-03
2.299270e+00 -5.948523e+00 9.972567e-01 1.000430e+00 1.001088e+00 9.963776e-01 1.196664e+00 2 0 2.507678e-03 2.026765e-03 2.709526e-03 6.794657e-03 6.827614e-04
2.235114e+00 -5.605527e+00 9.942382e-01 9.989664e-01 1.004161e+00 9.922144e-01 1.198322e+00 2 0 4.678770e-03 -1.611084e-02 1.780403e-04 5.738891e-03 1.628888e-02
VARIABLES = "X", "Y", "ro", "u", "v", "pre", "Ma", "PART", "IMEX", "Ux", "Uy", "Vx", "Vy", "Vort" 
ZONE I=5, J=5, DATAPACKING=POINT
4.235114e+00 -5.815078e+00 9.963763e-01 9.961734e-01 9.999753e-01 9.949251e-01 1.193799e+00 2 0 7.939549e-03 7.989993e-04 4.980541e-03 6.830339e-03 4.181542e-03
4.159932e+00 -5.453190e+00 9.956549e-01 9.958297e-01 1.001137e+00 9.939370e-01 1.194451e+00 2 0 2.930713e-03 -6.384355e-04 1.809163e-03 3.204163e-03 2.447599e-03
4.000000e+00 -4.764886e+00 9.957057e-01 9.963741e-01 1.001517e+00 9.939725e-01 1.195013e+00 2 0 1.055408e-02 6.128955e-03 5.459679e-03 -1.318033e-03 -6.692761e-04
3.840068e+00 -4.078954e+00 1.000208e+00 9.996675e-01 9.981020e-01 1.000312e+00 1.193834e+00 2 0 1.592471e-02 6.944027e-03 4.705689e-03 -3.577680e-03 -2.238338e-03
3.764886e+00 -3.719815e+00 1.001246e+00 9.994470e-01 9.980841e-01 1.001737e+00 1.193460e+00 2 0 1.568408e-02 -3.617003e-03 -5.470394e-03 9.675840e-03 -1.853391e-03
3.889768e+00 -5.743054e+00 9.982845e-01 9.945167e-01 9.994447e-01 9.975946e-01 1.192035e+00 2 0 4.935294e-04 -1.997154e-03 1.568246e-03 6.803720e-03 3.565400e-03
3.814586e+00 -5.383519e+00 9.962682e-01 9.942169e-01 1.000991e+00 9.947863e-01 1.193259e+00 2 0 1.835767e-03 1.338979e-04 1.077730e-04 2.057645e-03 -2.612494e-05
3.654654e+00 -4.700730e+00 9.979373e-01 9.947713e-01 9.995840e-01 9.971226e-01 1.192346e+00 2 0 6.128955e-04 2.346971e-03 4.042318e-03 -3.978683e-03 1.695348e-03
3.494722e+00 -4.020961e+00 1.003402e+00 9.967008e-01 9.974880e-01 1.004704e+00 1.190983e+00 2 0 4.914142e-03 2.712123e-03 -8.534120e-04 2.001791e-03 -3.565535e-03
3.419540e+00 -3.664926e+00 1.002187e+00 9.959573e-01 1.000427e+00 1.002971e+00 1.192605e+00 2 0 3.109243e-03 -1.158038e-02 -3.922644e-03 1.369841e-02 7.657738e-03
3.235114e+00 -5.641915e+00 9.958897e-01 9.964688e-01 1.000898e+00 9.941171e-01 1.194722e+00 2 0 -4.792102e-03 -3.160676e-03 -3.121160e-03 8.331625e-03 3.951532e-05
3.159932e+00 -5.288551e+00 9.942345e-01 9.967020e-01 1.001439e+00 9.920287e-01 1.195448e+00 2 0 -7.783969e-03 -7.921081e-04 -1.185755e-03 -3.963659e-03 -3.936467e-04
3.000000e+00 -4.619577e+00 9.993221e-01 9.966351e-01 9.978016e-01 9.990002e-01 1.192096e+00 2 0 -3.306893e-03 -1.452161e-03 6.797430e-04 -2.936909e-03 2.131904e-03
2.840068e+00 -3.954442e+00 1.002454e+00 9.968723e-01 9.995913e-01 1.003422e+00 1.192541e+00 2 0 -3.551684e-03 1.218721e-04 -3.228294e-03 6.669609e-03 -3.350166e-03
2.764886e+00 -3.605527e+00 1.002029e+00 9.965413e-01 1.001979e+00 1.002858e+00 1.193855e+00 2 0 -4.157570e-03 -1.263144e-02 5.702372e-04 7.600183e-04 1.320168e-02
2.580460e+00 -5.600511e+00 9.927551e-01 9.983570e-01 1.003320e+00 9.898184e-01 1.198008e+00 2 0 -1.443258e-05 6.866675e-03 -1.598593e-03 -6.189349e-04 -8.465269e-03
2.505278e+00 -5.254656e+00 9.948582e-01 1.000178e+00 1.001987e+00 9.927436e-01 1.197797e+00 2 0 3.514614e-04 -1.148410e-03 -1.309234e-03 -7.960508e-03 -1.608242e-04
2.345346e+00 -4.601887e+00 9.987510e-01 9.971074e-01 9.977724e-01 9.979393e-01 1.192653e+00 2 0 1.832658e-03 -1.840957e-03 -2.137660e-05 -1.425381e-03 1.819581e-03
2.185414e+00 -3.953135e+00 9.992569e-01 9.996362e-01 1.001055e+00 9.997534e-01 1.195345e+00 2 0 -3.585035e-03 3.925878e-03 -1.397058e-03 8.091542e-03 -5.322936e-03
2.110232e+00 -3.611935e+00 9.989386e-01 9.975563e-01 1.002657e+00 9.994151e-01 1.195075e+00 2 0 4.273339e-03 -3.716707e-02 -5.941234e-03 -5.689592e-03 3.122584e-02
2.235114e+00 -5.605527e+00 9.945152e-01 9.980304e-01 1.002990e+00 9.927980e-01 1.196876e+00 2 0 2.684444e-03 -1.488606e-04 2.627484e-03 -1.504996e-03 2.776345e-03
2.159932e+00 -5.263750e+00 9.953447e-01 9.982663e-01 1.002707e+00 9.931000e-01 1.197164e+00 2 0 8.213467e-03 -5.344921e-04 -2.845891e-03 -6.038431e-03 -2.311399e-03
2.000000e+00 -4.619577e+00 9.977820e-01 9.964106e-01 9.975718e-01 9.964259e-01 1.192443e+00 2 0 1.248757e-03 1.417190e-03 1.922100e-03 -4.458178e-03 5.049096e-04
1.840068e+00 -3.979243e+00 9.984452e-01 1.000137e+00 1.001451e+00 9.992054e-01 1.195723e+00 2 0 1.546084e-03 3.384173e-03 -3.969307e-03 1.557107e-02 -7.353480e-03
1.764886e+00 -3.641915e+00 9.953222e-01 9.959441e-01 1.007004e+00 9.951646e-01 1.197103e+00 2 0 1.126971e-02 -5.313734e-02 -1.775956e-02 -3.963992e-03 3.537778e-02
VARIABLES = "X", "Y", "ro", "u", "v", "pre", "Ma", "PART", "IMEX", "Ux", "Uy", "Vx", "Vy", "Vort" 
ZONE I=5, J=5, DATAPACKING=POINT
3.764886e+00 -3.719815e+00 1.000311e+00 9.993644e-01 9.988652e-01 1.000356e+00 1.194144e+00 2 0 2.051568e-02 8.854956e-04 -1.475391e-03 1.232012e-02 -2.360886e-03
3.700730e+00 -3.363192e+00 1.000841e+00 9.990658e-01 1.000530e+00 1.001286e+00 1.194722e+00 2 0 7.351625e-03 1.541716e-03 3.159012e-03 2.062396e-03 1.617295e-03
3.619577e+00 -2.694954e+00 1.001711e+00 9.994079e-01 9.999494e-01 1.002199e+00 1.194554e+00 2 0 1.359556e-02 1.498510e-03 -2.941377e-03 -2.528495e-03 -4.439887e-03
3.601887e+00 -2.037443e+00 1.000178e+00 1.001111e+00 9.973733e-01 1.000208e+00 1.194307e+00 2 0 6.017836e-04 7.014741e-03 4.846444e-03 -6.362283e-03 -2.168296e-03
3.619577e+00 -1.694954e+00 1.001338e+00 1.005155e+00 9.946331e-01 1.002196e+00 1.194607e+00 2 0 -4.068347e-03 1.731707e-02 1.501381e-02 -1.180336e-02 -2.303260e-03
3.419540e+00 -3.664926e+00 1.001861e+00 9.950043e-01 1.000181e+00 1.002460e+00 1.191999e+00 2 0 7.930496e-03 1.323153e-02 -4.050629e-03 -6.476990e-03 -1.728216e-02
3.355384e+00 -3.311048e+00 1.004247e+00 9.976754e-01 1.000041e+00 1.006046e+00 1.192797e+00 2 0 1.340274e-03 1.047057e-03 4.260151e-04 2.275122e-03 -6.210424e-04
3.274231e+00 -2.646403e+00 1.001744e+00 9.960790e-01 1.000710e+00 1.002663e+00 1.192766e+00 2 0 6.919443e-03 -2.537268e-04 -4.211074e-03 -2.964627e-03 -3.957347e-03
3.256541e+00 -1.989693e+00 1.001949e+00 9.997443e-01 9.969084e-01 1.003025e+00 1.192589e+00 2 0 3.690057e-03 1.118315e-02 -6.122853e-03 -5.364768e-03 -1.730601e-02
3.274231e+00 -1.646403e+00 1.002619e+00 1.003647e+00 9.968073e-01 1.003698e+00 1.194864e+00 2 0 2.846900e-03 1.083789e-02 -2.587150e-02 1.356345e-02 -3.670939e-02
2.764886e+00 -3.605527e+00 1.002421e+00 9.950627e-01 1.001225e+00 1.003361e+00 1.192457e+00 2 0 -1.916146e-03 1.550175e-02 -8.711848e-04 -9.917898e-03 -1.637293e-02
2.700730e+00 -3.257831e+00 1.002931e+00 9.981270e-01 1.001967e+00 1.004205e+00 1.194529e+00 2 0 -1.402162e-03 -2.084520e-03 -5.719356e-03 5.589919e-03 -3.634837e-03
2.619577e+00 -2.601128e+00 1.000022e+00 9.964327e-01 1.005347e+00 9.999752e-01 1.196332e+00 2 0 -9.023158e-03 6.872149e-03 -9.565243e-03 3.163983e-03 -1.643739e-02
2.601887e+00 -1.946165e+00 1.003197e+00 1.015118e+00 1.017102e+00 1.004091e+00 1.213944e+00 2 0 -5.878491e-02 4.873158e-02 -5.634577e-02 4.762104e-02 -1.050773e-01
2.619577e+00 -1.601128e+00 9.993236e-01 1.032142e+00 1.043462e+00 9.994143e-01 1.240373e+00 2 0 -1.006662e-01 4.737472e-02 -1.094066e-01 1.194875e-01 -1.567813e-01
2.110232e+00 -3.611935e+00 9.982218e-01 9.947407e-01 1.002182e+00 9.981507e-01 1.193440e+00 2 0 3.236148e-03 3.005491e-02 -5.153413e-03 1.893678e-02 -3.520832e-02
2.046076e+00 -3.270813e+00 9.991162e-01 9.991498e-01 1.006556e+00 9.991554e-01 1.198623e+00 2 0 -1.975545e-03 -5.527147e-03 -6.590996e-03 4.201953e-03 -1.063849e-03
1.964923e+00 -2.622394e+00 1.003202e+00 1.008444e+00 1.011878e+00 1.001382e+00 1.208472e+00 2 0 -3.156971e-02 5.493625e-02 -1.136870e-02 2.434179e-02 -6.630495e-02
1.947233e+00 -1.969230e+00 1.006256e+00 1.081471e+00 1.060834e+00 1.007471e+00 1.279559e+00 2 0 -1.511611e-01 1.561812e-01 -7.154001e-02 1.440142e-01 -2.277212e-01
1.964923e+00 -1.622394e+00 9.976859e-01 1.133592e+00 1.127921e+00 9.981968e-01 1.351171e+00 2 0 -2.067426e-01 1.476685e-01 -1.487504e-01 2.548325e-01 -2.964189e-01
1.764886e+00 -3.641915e+00 9.956715e-01 9.921597e-01 1.004556e+00 9.956630e-01 1.193294e+00 2 0 -1.996593e-05 5.762632e-02 -9.448742e-03 -4.947831e-03 -6.707506e-02
1.700730e+00 -3.304043e+00 1.000302e+00 1.000387e+00 1.007869e+00 1.000711e+00 1.199925e+00 2 0 -2.119242e-03 -5.781866e-03 -1.173488e-03 7.830304e-03 4.608378e-03
1.619577e+00 -2.659658e+00 1.006559e+00 1.018990e+00 1.014875e+00 1.005048e+00 1.216383e+00 2 0 -4.732664e-02 9.483687e-02 -1.287361e-02 2.635564e-02 -1.077105e-01
1.601887e+00 -2.007361e+00 1.006733e+00 1.132441e+00 1.073305e+00 1.009164e+00 1.317070e+00 2 0 -1.770652e-01 2.244384e-01 -3.205059e-02 1.830272e-01 -2.564890e-01
1.619577e+00 -1.659658e+00 9.813259e-01 1.202746e+00 1.165084e+00 9.777514e-01 1.417813e+00 2 0 -2.312679e-01 1.787858e-01 -1.266590e-01 3.649291e-01 -3.054448e-01
VARIABLES = "X", "Y", "ro", "u", "v", "pre", "Ma", "PART", "IMEX", "Ux", "Uy", "Vx", "Vy", "Vort" 
ZONE I=5, J=5, DATAPACKING=POINT
3.619577e+00 -1.694954e+00 1.001254e+00 1.005032e+00 9.944807e-01 1.002033e+00 1.194490e+00 2 0 -1.149035e-02 1.828452e-02 1.086517e-02 4.209571e-03 -7.419347e-03
3.655109e+00 -1.355460e+00 9.995899e-01 1.009353e+00 9.974961e-01 1.000085e+00 1.199045e+00 2 0 3.328034e-02 3.607471e-03 -2.253563e-02 1.435053e-02 -2.614310e-02
3.764886e+00 -7.198151e-01 9.929593e-01 1.010268e+00 1.006155e+00 9.913747e-01 1.206008e+00 2 0 3.298779e-02 -1.069212e-02 1.472613e-04 1.434042e-02 1.083938e-02
3.913885e+00 -9.307482e-02 9.914437e-01 1.006206e+00 1.013889e+00 9.904551e-01 1.207849e+00 2 0 5.673339e-03 -9.788549e-03 4.521350e-02 -2.625314e-03 5.500205e-02
4.000000e+00 2.351141e-01 9.937579e-01 1.003367e+00 1.015922e+00 9.941150e-01 1.206563e+00 2 0 1.171258e-03 -8.379565e-03 4.462277e-02 -8.587912e-03 5.300234e-02
3.274231e+00 -1.646403e+00 1.001706e+00 1.003942e+00 9.975929e-01 1.002305e+00 1.195795e+00 2 0 4.440455e-03 4.537631e-03 -2.380129e-02 3.328351e-02 -2.833892e-02
3.309763e+00 -1.305320e+00 9.978054e-01 1.005824e+00 1.006195e+00 9.968085e-01 1.203012e+00 2 0 -1.325087e-02 8.940251e-03 -3.526363e-02 2.673435e-02 -4.420389e-02
3.419540e+00 -6.649256e-01 9.961787e-01 1.010695e+00 1.014692e+00 9.937981e-01 1.211852e+00 2 0 -3.164465e-02 1.263694e-02 -5.678419e-02 1.531383e-02 -6.942113e-02
3.568539e+00 -3.216105e-02 9.995285e-01 1.011379e+00 1.012563e+00 9.980681e-01 1.210422e+00 2 0 -3.227061e-02 3.382200e-03 -3.694032e-02 3.679458e-03 -4.032252e-02
3.654654e+00 2.992696e-01 1.000422e+00 1.008692e+00 1.012183e+00 9.994660e-01 1.208283e+00 2 0 -2.705187e-02 -3.441463e-03 -1.926147e-02 1.093188e-02 -1.582001e-02
2.619577e+00 -1.601128e+00 1.000351e+00 1.030806e+00 1.043007e+00 1.000996e+00 1.238963e+00 2 0 -9.926826e-02 8.107721e-02 -1.078827e-01 6.124655e-02 -1.889599e-01
2.655109e+00 -1.256552e+00 1.000422e+00 1.052353e+00 1.071269e+00 1.001875e+00 1.268236e+00 2 0 -1.278805e-01 5.976716e-02 -1.648725e-01 1.182331e-01 -2.246397e-01
2.764886e+00 -6.055272e-01 1.000582e+00 1.056119e+00 1.122614e+00 1.003286e+00 1.300891e+00 2 0 -1.006990e-01 -7.890942e-03 -2.748094e-01 9.718115e-02 -2.669184e-01
2.913885e+00 4.120471e-02 1.002408e+00 1.025490e+00 1.116943e+00 1.004585e+00 1.280126e+00 2 0 -3.469865e-03 -5.470764e-02 -2.939136e-01 2.169445e-02 -2.392059e-01
3.000000e+00 3.804226e-01 9.999716e-01 1.008365e+00 1.095959e+00 9.998526e-01 1.258738e+00 2 0 3.660238e-02 -5.194179e-02 -2.531854e-01 -5.144713e-03 -2.012436e-01
1.964923e+00 -1.622394e+00 1.000314e+00 1.132947e+00 1.126471e+00 1.001734e+00 1.349309e+00 2 0 -2.095107e-01 1.608323e-01 -1.443860e-01 2.014336e-01 -3.052184e-01
2.000455e+00 -1.274196e+00 9.877850e-01 1.173408e+00 1.207687e+00 9.874038e-01 1.423398e+00 2 0 -2.470163e-01 1.075131e-01 -2.337445e-01 2.828858e-01 -3.412577e-01
2.110232e+00 -6.119352e-01 9.739274e-01 1.157446e+00 1.354157e+00 9.697343e-01 1.508818e+00 2 0 -2.336628e-01 -7.880781e-02 -3.871651e-01 2.313802e-01 -3.083573e-01
2.259231e+00 5.008560e-02 9.775311e-01 1.032485e+00 1.384126e+00 9.733352e-01 1.462553e+00 2 0 -6.024775e-02 -1.982074e-01 -4.754157e-01 4.513545e-02 -2.772084e-01
2.345346e+00 3.981130e-01 9.833306e-01 9.689767e-01 1.338275e+00 9.806760e-01 1.398286e+00 2 0 4.856393e-02 -1.397189e-01 -4.529915e-01 -8.404925e-02 -3.132726e-01
1.619577e+00 -1.659658e+00 9.830210e-01 1.202555e+00 1.163835e+00 9.805849e-01 1.416133e+00 2 0 -2.405980e-01 2.251692e-01 -1.096983e-01 2.489981e-01 -3.348675e-01
1.655109e+00 -1.309705e+00 9.709421e-01 1.265435e+00 1.265067e+00 9.636762e-01 1.517955e+00 2 0 -3.298232e-01 1.782615e-01 -1.254991e-01 3.316325e-01 -3.037606e-01
1.764886e+00 -6.419145e-01 9.647207e-01 1.266626e+00 1.460806e+00 9.522113e-01 1.644776e+00 2 0 -4.132584e-01 -6.584125e-02 -2.400005e-01 2.794109e-01 -1.741593e-01
1.913885e+00 2.783502e-02 9.705729e-01 1.086168e+00 1.536250e+00 9.601654e-01 1.598704e+00 2 0 -2.499856e-01 -2.852300e-01 -3.893244e-01 6.486411e-02 -1.040943e-01
2.000000e+00 3.804226e-01 9.800072e-01 9.710982e-01 1.494366e+00 9.731947e-01 1.511479e+00 2 0 -4.889477e-02 -2.467117e-01 -4.268051e-01 -1.158608e-01 -1.800934e-01
VARIABLES = "X", "Y", "ro", "u", "v", "pre", "Ma", "PART", "IMEX", "Ux", "Uy", "Vx", "Vy", "Vort" 
ZONE I=5, J=5, DATAPACKING=POINT
6.380423e+00 -8.305046e+00 1.004199e+00 1.002190e+00 9.991924e-01 1.005883e+00 1.195055e+00 2 0 -1.232929e-02 -8.429882e-03 -6.802569e-03 -4.510741e-04 1.627312e-03
6.398113e+00 -7.962557e+00 1.004375e+00 9.992491e-01 1.000783e+00 1.006137e+00 1.194201e+00 2 0 7.562234e-04 -5.549987e-03 -5.073059e-03 2.337914e-03 4.769285e-04
6.380423e+00 -7.305046e+00 1.007833e+00 1.000096e+00 9.962909e-01 1.010980e+00 1.191213e+00 2 0 -7.730490e-03 6.563145e-03 8.933017e-03 -1.429771e-02 2.369872e-03
6.299270e+00 -6.636808e+00 1.014107e+00 1.005563e+00 9.864769e-01 1.019812e+00 1.187191e+00 2 0 1.088250e-03 5.893274e-03 8.445497e-04 -7.838478e-03 -5.048725e-03
6.235114e+00 -6.280185e+00 1.011836e+00 1.005995e+00 9.869639e-01 1.016626e+00 1.188266e+00 2 0 1.530249e-02 -8.955167e-04 2.110736e-03 1.291324e-02 3.006253e-03
6.035077e+00 -8.242188e+00 1.001775e+00 1.003821e+00 1.001023e+00 1.002494e+00 1.197695e+00 2 0 -9.643452e-04 -1.324351e-02 -1.427014e-03 1.358681e-02 1.181650e-02
6.052767e+00 -7.900366e+00 1.003374e+00 1.000800e+00 1.002267e+00 1.004728e+00 1.196255e+00 2 0 -8.355986e-03 -1.478488e-03 -2.100047e-03 -6.793046e-03 -6.215587e-04
6.035077e+00 -7.242188e+00 1.011142e+00 1.004018e+00 9.924998e-01 1.015628e+00 1.190529e+00 2 0 -1.113194e-02 6.116375e-03 6.711429e-03 -1.570630e-02 5.950536e-04
5.953924e+00 -6.570994e+00 1.012111e+00 1.005240e+00 9.869173e-01 1.017003e+00 1.187726e+00 2 0 1.887081e-03 -5.320070e-03 -6.260693e-03 1.056660e-03 -9.406236e-04
5.889768e+00 -6.212155e+00 1.008212e+00 1.001523e+00 9.898587e-01 1.011546e+00 1.188136e+00 2 0 7.314520e-03 -1.393384e-02 -1.037945e-02 1.279502e-02 3.554389e-03
5.380423e+00 -8.094703e+00 1.002578e+00 1.000767e+00 9.994453e-01 1.003619e+00 1.194736e+00 2 0 7.082982e-03 1.622707e-02 1.060681e-02 3.201625e-03 -5.620263e-03
5.398113e+00 -7.753671e+00 1.006416e+00 1.006169e+00 9.969298e-01 1.009003e+00 1.195558e+00 2 0 -1.846113e-03 1.229357e-02 1.202385e-02 -1.316907e-02 -2.697253e-04
5.380423e+00 -7.094703e+00 1.010409e+00 1.008329e+00 9.903614e-01 1.014594e+00 1.192028e+00 2 0 6.166203e-04 -5.314788e-03 -4.931618e-03 -2.759885e-03 3.831692e-04
5.299270e+00 -6.420118e+00 1.002630e+00 1.001296e+00 9.945556e-01 1.003691e+00 1.192126e+00 2 0 4.973821e-03 -1.158411e-02 -1.081460e-02 9.844137e-03 7.695086e-04
5.235114e+00 -6.058876e+00 9.987685e-01 9.975675e-01 9.981238e-01 9.982558e-01 1.192960e+00 2 0 9.186663e-04 -7.212571e-03 -6.945272e-03 5.183369e-03 2.672996e-04
4.725769e+00 -7.931419e+00 1.008579e+00 1.001985e+00 9.909752e-01 1.012043e+00 1.188999e+00 2 0 -2.619340e-03 1.026463e-02 6.020970e-03 -1.879137e-02 -4.243661e-03
4.743459e+00 -7.590457e+00 1.010902e+00 1.004285e+00 9.888682e-01 1.015294e+00 1.188593e+00 2 0 1.178391e-02 1.692710e-03 3.062605e-03 3.920070e-03 1.369895e-03
4.725769e+00 -6.931419e+00 1.003228e+00 1.001712e+00 9.959013e-01 1.004521e+00 1.193039e+00 2 0 1.365120e-02 -6.373487e-03 -5.610011e-03 1.091495e-02 7.634760e-04
4.644616e+00 -6.256769e+00 9.976561e-01 9.973003e-01 9.998518e-01 9.967188e-01 1.194089e+00 2 0 1.435134e-03 -3.824996e-03 -6.331441e-04 1.847734e-04 3.191852e-03
4.580460e+00 -5.895775e+00 9.973386e-01 9.965311e-01 9.995202e-01 9.962881e-01 1.193499e+00 2 0 1.180557e-03 -9.019089e-04 1.492628e-03 -1.224467e-03 2.394537e-03
4.380423e+00 -7.848187e+00 1.008595e+00 1.003033e+00 9.899493e-01 1.012072e+00 1.189012e+00 2 0 -2.790631e-05 -1.339296e-02 -6.899180e-03 5.575534e-03 6.493779e-03
4.398113e+00 -7.506963e+00 1.006760e+00 9.988987e-01 9.923677e-01 1.009485e+00 1.188408e+00 2 0 1.538544e-02 -8.854208e-03 -1.926470e-02 8.279611e-03 -1.041049e-02
4.380423e+00 -6.848187e+00 1.002863e+00 9.970145e-01 9.969435e-01 1.003987e+00 1.190951e+00 2 0 1.115755e-02 2.008852e-03 5.367688e-03 5.348849e-03 3.358836e-03
4.299270e+00 -6.174868e+00 9.993119e-01 9.976742e-01 9.985830e-01 9.990763e-01 1.193133e+00 2 0 -4.799278e-03 -2.337760e-03 5.330389e-03 1.879642e-03 7.668150e-03
4.235114e+00 -5.815078e+00 9.972042e-01 9.959471e-01 9.994028e-01 9.961082e-01 1.193107e+00 2 0 -2.242430e-03 -9.664204e-03 -1.525532e-03 7.926526e-03 8.138672e-03
VARIABLES = "X", "Y", "ro", "u", "v", "pre", "Ma", "PART", "IMEX", "Ux", "Uy", "Vx", "Vy", "Vort" 
ZONE I=5, J=5, DATAPACKING=POINT
6.235114e+00 -6.280185e+00 1.011987e+00 1.006118e+00 9.869045e-01 1.016837e+00 1.188270e+00 2 0 1.654640e-02 -1.418948e-03 3.624098e-03 2.152696e-02 5.043046e-03
6.159932e+00 -5.921046e+00 1.004900e+00 1.004381e+00 9.930613e-01 1.006875e+00 1.192548e+00 2 0 2.250966e-02 4.500980e-04 8.033390e-03 1.560241e-02 7.583292e-03
6.000000e+00 -5.235114e+00 9.996781e-01 1.001277e+00 1.000053e+00 9.995463e-01 1.196102e+00 2 0 2.619319e-02 1.445917e-03 -9.978041e-04 7.535789e-03 -2.443721e-03
5.840068e+00 -4.546810e+00 9.972536e-01 9.978431e-01 1.004549e+00 9.961673e-01 1.197317e+00 2 0 1.467340e-02 -1.367735e-03 -1.215955e-03 5.080776e-03 1.517801e-04
5.764886e+00 -4.184922e+00 9.958120e-01 9.965926e-01 1.006182e+00 9.941343e-01 1.197910e+00 2 0 3.206602e-03 -7.414149e-04 4.744070e-04 4.578277e-03 1.215822e-03
5.889768e+00 -6.212155e+00 1.007991e+00 1.001427e+00 9.900300e-01 1.011242e+00 1.188229e+00 2 0 8.285178e-03 -1.014206e-02 -1.136879e-02 1.147924e-02 -1.226729e-03
5.814586e+00 -5.850560e+00 1.004524e+00 9.982524e-01 9.941488e-01 1.006343e+00 1.189613e+00 2 0 1.156055e-02 -4.187725e-03 -4.926057e-03 9.239111e-03 -7.383325e-04
5.654654e+00 -5.159932e+00 1.000296e+00 9.952011e-01 1.000504e+00 1.000409e+00 1.192598e+00 2 0 1.161957e-02 9.211127e-05 5.819274e-04 8.166123e-03 4.898161e-04
5.494722e+00 -4.467691e+00 9.978853e-01 9.944118e-01 1.004595e+00 9.970726e-01 1.195137e+00 2 0 6.174515e-03 1.887538e-03 2.590153e-03 3.834438e-03 7.026154e-04
5.419540e+00 -4.104225e+00 9.976990e-01 9.949833e-01 1.005221e+00 9.967787e-01 1.195918e+00 2 0 3.360899e-03 2.661692e-03 6.162163e-03 2.977804e-03 3.500472e-03
5.235114e+00 -6.058876e+00 9.985746e-01 9.974929e-01 9.982345e-01 9.979813e-01 1.193030e+00 2 0 1.225492e-03 -6.105946e-03 -7.155045e-03 9.297242e-04 -1.049099e-03
5.159932e+00 -5.694782e+00 9.984701e-01 9.955049e-01 9.992892e-01 9.978460e-01 1.192492e+00 2 0 -3.198453e-03 -5.501709e-03 -5.636729e-03 2.505571e-03 -1.350201e-04
5.000000e+00 -5.000000e+00 9.978965e-01 9.935440e-01 1.002009e+00 9.970605e-01 1.193082e+00 2 0 -4.917659e-03 -1.605000e-03 -2.420353e-03 2.629112e-03 -8.153535e-04
4.840068e+00 -4.305218e+00 9.993672e-01 9.950123e-01 1.002445e+00 9.991217e-01 1.193864e+00 2 0 -5.519963e-03 3.076844e-03 3.531737e-03 -2.199348e-03 4.548924e-04
4.764886e+00 -3.941124e+00 1.002144e+00 9.967122e-01 1.000345e+00 1.003044e+00 1.192937e+00 2 0 -6.592363e-03 2.662807e-03 5.540501e-03 -8.656978e-03 2.877694e-03
4.580460e+00 -5.895775e+00 9.974249e-01 9.963592e-01 9.993878e-01 9.964083e-01 1.193297e+00 2 0 2.032062e-03 2.222800e-03 1.655487e-03 3.714819e-03 -5.673133e-04
4.505278e+00 -5.532309e+00 9.956239e-01 9.967197e-01 1.001250e+00 9.939026e-01 1.195052e+00 2 0 1.248539e-03 3.081061e-04 1.170525e-03 5.625807e-03 8.624187e-04
4.345346e+00 -4.840068e+00 9.946590e-01 9.972366e-01 1.003094e+00 9.925180e-01 1.196720e+00 2 0 -2.253378e-03 1.785536e-03 1.354283e-03 -8.506509e-04 -4.312531e-04
4.185414e+00 -4.149440e+00 9.989185e-01 9.998335e-01 9.997189e-01 9.984515e-01 1.195241e+00 2 0 -4.367291e-03 3.330174e-03 2.845493e-03 -6.782013e-03 -4.846802e-04
4.110232e+00 -3.787845e+00 1.001944e+00 1.001054e+00 9.971502e-01 1.002773e+00 1.193664e+00 2 0 -1.236738e-03 2.977246e-03 -5.383800e-04 -5.773768e-03 -3.515626e-03
4.235114e+00 -5.815078e+00 9.962784e-01 9.958221e-01 1.000144e+00 9.947963e-01 1.193709e+00 2 0 -9.326991e-04 -2.871078e-03 -5.105292e-03 5.719705e-03 -2.234214e-03
4.159932e+00 -5.453190e+00 9.959283e-01 9.950892e-01 1.001089e+00 9.943123e-01 1.193919e+00 2 0 4.882146e-03 -3.177530e-04 1.030275e-03 2.429923e-03 1.348028e-03
4.000000e+00 -4.764886e+00 9.959127e-01 9.961859e-01 1.001396e+00 9.942609e-01 1.194779e+00 2 0 1.103273e-02 7.409850e-03 8.206515e-03 -3.692780e-04 7.966653e-04
3.840068e+00 -4.078954e+00 9.999301e-01 9.999154e-01 9.980808e-01 9.999374e-01 1.194027e+00 2 0 8.472227e-03 5.113165e-03 4.534174e-03 -3.751925e-03 -5.789908e-04
3.764886e+00 -3.719815e+00 1.001029e+00 9.994442e-01 9.980365e-01 1.001450e+00 1.193473e+00 2 0 1.173658e-02 -5.472209e-03 -4.436875e-03 1.085796e-02 1.035334e-03
VARIABLES = "X", "Y", "ro", "u", "v", "pre", "Ma", "PART", "IMEX", "Ux", "Uy", "Vx", "Vy", "Vort" 
ZONE I=5, J=5, DATAPACKING=POINT
5.764886e+00 -4.184922e+00 9.955758e-01 9.966855e-01 1.006383e+00 9.937934e-01 1.198149e+00 2 0 2.350144e-03 -3.433577e-03 -1.504951e-03 4.153243e-04 1.928626e-03
5.700730e+00 -3.825132e+00 9.964558e-01 9.969117e-01 1.005291e+00 9.950550e-01 1.197397e+00 2 0 -1.773273e-03 4.113357e-03 3.551048e-03 -4.530244e-03 -5.623092e-04
5.619577e+00 -3.151813e+00 9.990536e-01 1.001051e+00 1.001239e+00 9.986504e-01 1.196839e+00 2 0 -3.209081e-03 5.045182e-03 8.997993e-03 -4.871206e-03 3.952811e-03
5.601887e+00 -2.493037e+00 1.000566e+00 1.002476e+00 9.987834e-01 1.000762e+00 1.195866e+00 2 0 -3.163835e-03 -3.419358e-04 1.321424e-04 -1.836273e-03 4.740783e-04
5.619577e+00 -2.151813e+00 1.000674e+00 1.002456e+00 9.983900e-01 1.001025e+00 1.195527e+00 2 0 2.014972e-03 2.031759e-03 -3.383931e-03 -1.007876e-03 -5.415690e-03
5.419540e+00 -4.104225e+00 9.972737e-01 9.948514e-01 1.005538e+00 9.961768e-01 1.196137e+00 2 0 4.507170e-03 4.706407e-03 4.795190e-03 -3.823086e-03 8.878350e-05
5.355384e+00 -3.743231e+00 1.000307e+00 9.971640e-01 1.002831e+00 1.000407e+00 1.195170e+00 2 0 1.343702e-03 7.546131e-03 6.699462e-03 -6.711278e-03 -8.466689e-04
5.274231e+00 -3.068581e+00 1.002089e+00 1.000941e+00 9.992596e-01 1.002927e+00 1.194849e+00 2 0 4.566713e-03 3.108201e-03 2.251540e-03 -1.879567e-03 -8.566608e-04
5.256541e+00 -2.409543e+00 1.000261e+00 1.001021e+00 9.992167e-01 1.000412e+00 1.195281e+00 2 0 8.538504e-03 -1.757145e-03 -1.108259e-03 1.979664e-04 6.488856e-04
5.274231e+00 -2.068581e+00 9.999959e-01 1.000579e+00 9.986541e-01 1.000076e+00 1.194723e+00 2 0 7.740323e-03 -2.674984e-03 1.077416e-03 -4.218135e-03 3.752400e-03
4.764886e+00 -3.941124e+00 1.002145e+00 9.965686e-01 1.000176e+00 1.003072e+00 1.192733e+00 2 0 -6.581553e-03 5.334839e-03 6.394593e-03 -7.926256e-03 1.059755e-03
4.700730e+00 -3.579882e+00 1.004573e+00 9.982600e-01 9.987958e-01 1.006383e+00 1.192395e+00 2 0 -2.410511e-03 1.901418e-03 2.332563e-03 1.522703e-05 4.311451e-04
4.619577e+00 -2.905297e+00 1.002836e+00 9.978049e-01 9.998462e-01 1.004027e+00 1.193117e+00 2 0 2.535808e-03 -2.289640e-03 -2.732111e-03 9.817328e-04 -4.424705e-04
4.601887e+00 -2.246329e+00 1.002014e+00 9.965099e-01 9.984331e-01 1.002834e+00 1.191719e+00 2 0 6.153805e-04 -5.030169e-04 1.930386e-03 -6.355833e-03 2.433403e-03
4.619577e+00 -1.905297e+00 1.003549e+00 9.967655e-01 9.954348e-01 1.004789e+00 1.189833e+00 2 0 5.368022e-04 1.416264e-03 2.622099e-03 -1.156971e-02 1.205835e-03
4.110232e+00 -3.787845e+00 1.001893e+00 1.001329e+00 9.972222e-01 1.002717e+00 1.193875e+00 2 0 -2.527561e-03 -3.141850e-03 8.187022e-04 8.711343e-03 3.960552e-03
4.046076e+00 -3.429006e+00 1.000768e+00 9.997597e-01 9.997861e-01 1.001134e+00 1.194739e+00 2 0 -1.052850e-03 -4.388346e-03 -2.553358e-03 5.380147e-03 1.834988e-03
3.964923e+00 -2.757811e+00 1.000797e+00 9.983692e-01 1.000985e+00 1.000963e+00 1.194744e+00 2 0 -4.065882e-03 2.630053e-04 6.058335e-04 -2.824921e-03 3.428282e-04
3.947233e+00 -2.099634e+00 1.001477e+00 1.000020e+00 9.965323e-01 1.001986e+00 1.192867e+00 2 0 -6.707601e-03 3.538364e-03 -1.726844e-03 -8.801730e-03 -5.265208e-03
3.964923e+00 -1.757812e+00 1.002088e+00 1.000907e+00 9.940810e-01 1.003063e+00 1.191661e+00 2 0 -1.065559e-02 1.544137e-03 -2.496119e-03 -1.405671e-03 -4.040256e-03
3.764886e+00 -3.719815e+00 9.999731e-01 9.993821e-01 9.989752e-01 9.999078e-01 1.194286e+00 2 0 1.464694e-02 -2.125339e-03 -6.528975e-03 1.296866e-02 -4.403636e-03
3.700730e+00 -3.363192e+00 1.000716e+00 9.989198e-01 1.000600e+00 1.001099e+00 1.194714e+00 2 0 5.065944e-03 1.730636e-03 6.895558e-04 8.937585e-04 -1.041080e-03
3.619577e+00 -2.694954e+00 1.002213e+00 9.997254e-01 9.996095e-01 1.002886e+00 1.194431e+00 2 0 -8.924619e-04 5.420094e-04 5.209373e-03 -1.770550e-03 4.667363e-03
3.601887e+00 -2.037443e+00 1.000014e+00 1.000974e+00 9.977577e-01 9.999610e-01 1.194504e+00 2 0 4.925384e-03 5.609285e-03 -6.610079e-03 -4.419679e-03 -1.221936e-02
3.619577e+00 -1.694954e+00 1.001036e+00 1.004581e+00 9.954498e-01 1.001842e+00 1.194779e+00 2 0 -9.267399e-03 1.567860e-02 -2.644785e-03 -1.094278e-02 -1.832338e-02
VARIABLES = "X", "Y", "ro", "u", "v", "pre", "Ma", "PART", "IMEX", "Ux", "Uy", "Vx", "Vy", "Vort" 
ZONE I=5, J=5, DATAPACKING=POINT
5.619577e+00 -2.151813e+00 1.000777e+00 1.002615e+00 9.982758e-01 1.001186e+00 1.195520e+00 2 0 2.755777e-03 -4.175856e-03 -5.117299e-03 3.342546e-03 -9.414425e-04
5.655109e+00 -1.814691e+00 1.000116e+00 1.002232e+00 9.986046e-01 1.000388e+00 1.195568e+00 2 0 -5.749788e-03 2.699441e-03 8.493793e-04 -8.069554e-04 -1.850061e-03
5.764886e+00 -1.184922e+00 9.985597e-01 1.005461e+00 9.983953e-01 9.987979e-01 1.197398e+00 2 0 1.384594e-03 6.589149e-03 1.149034e-02 -9.136622e-04 4.901188e-03
5.913885e+00 -5.626149e-01 9.933393e-01 1.009445e+00 1.001226e+00 9.918708e-01 1.202505e+00 2 0 1.525415e-02 1.115045e-03 -2.330484e-03 7.968450e-03 -3.445529e-03
6.000000e+00 -2.351141e-01 9.897156e-01 1.010692e+00 1.003940e+00 9.867286e-01 1.205800e+00 2 0 1.439880e-02 -2.639052e-03 -1.126987e-02 1.347946e-02 -8.630823e-03
5.274231e+00 -2.068581e+00 9.998622e-01 1.000290e+00 9.986858e-01 9.998653e-01 1.194615e+00 2 0 1.007931e-02 4.791233e-03 2.237216e-03 -1.620892e-03 -2.554018e-03
5.309763e+00 -1.732015e+00 1.000584e+00 1.002113e+00 9.972989e-01 1.000981e+00 1.194644e+00 2 0 6.676275e-03 2.721033e-03 3.966210e-03 -5.792974e-03 1.245176e-03
5.419540e+00 -1.104225e+00 9.999926e-01 1.002551e+00 9.958656e-01 1.000190e+00 1.194171e+00 2 0 1.104856e-02 -3.534643e-03 5.758131e-03 1.367138e-03 9.292774e-03
5.568539e+00 -4.852157e-01 9.952293e-01 1.002430e+00 1.000405e+00 9.938944e-01 1.197727e+00 2 0 1.765970e-02 -2.459509e-03 1.157520e-02 7.101417e-03 1.403471e-02
5.654654e+00 -1.599319e-01 9.932759e-01 1.003747e+00 1.003296e+00 9.913697e-01 1.200590e+00 2 0 1.777621e-02 -4.196652e-05 1.616289e-02 2.541049e-03 1.620485e-02
4.619577e+00 -1.905297e+00 1.003472e+00 9.966574e-01 9.954210e-01 1.004678e+00 1.189781e+00 2 0 8.560041e-04 4.761086e-03 3.167649e-03 -5.904446e-03 -1.593436e-03
4.655109e+00 -1.568650e+00 1.002904e+00 9.981740e-01 9.946483e-01 1.003693e+00 1.190473e+00 2 0 1.697422e-03 3.350414e-03 1.249000e-03 -1.283827e-05 -2.101414e-03
4.764886e+00 -9.411241e-01 9.986947e-01 9.994109e-01 9.954625e-01 9.973571e-01 1.192966e+00 2 0 -5.739653e-03 1.943122e-03 -4.489090e-03 1.796514e-03 -6.432212e-03
4.913885e+00 -3.237134e-01 9.988960e-01 9.998044e-01 9.945082e-01 9.971254e-01 1.192892e+00 2 0 -9.365677e-03 3.719477e-03 -1.629200e-03 -3.997485e-03 -5.348676e-03
5.000000e+00 2.143592e-08 1.001667e+00 1.000506e+00 9.924981e-01 1.000936e+00 1.191492e+00 2 0 -6.316965e-03 4.844049e-03 1.568316e-03 -9.812748e-03 -3.275733e-03
3.964923e+00 -1.757812e+00 1.001691e+00 1.000794e+00 9.945549e-01 1.002547e+00 1.191946e+00 2 0 -8.736564e-03 8.324777e-03 -1.147645e-03 2.587667e-03 -9.472422e-03
4.000455e+00 -1.419632e+00 1.001106e+00 1.003768e+00 9.957592e-01 1.001913e+00 1.194475e+00 2 0 -1.441347e-02 1.076735e-02 -2.272656e-03 7.092683e-03 -1.304000e-02
4.110232e+00 -7.878449e-01 1.000549e+00 1.008076e+00 1.002070e+00 1.001954e+00 1.200455e+00 2 0 -1.176561e-02 6.154185e-03 -1.076770e-02 1.296137e-02 -1.692188e-02
4.259231e+00 -1.658199e-01 1.002461e+00 1.007850e+00 1.006191e+00 1.005030e+00 1.202081e+00 2 0 -4.674504e-03 -2.845240e-03 -2.951928e-02 8.809549e-03 -2.667404e-02
4.345346e+00 1.599320e-01 1.004021e+00 1.006162e+00 1.005646e+00 1.007085e+00 1.200455e+00 2 0 -1.552346e-03 -4.222789e-03 -3.801213e-02 8.418776e-03 -3.378934e-02
3.619577e+00 -1.694954e+00 1.001013e+00 1.004271e+00 9.950963e-01 1.001782e+00 1.194404e+00 2 0 -8.729407e-03 2.263717e-02 2.577233e-03 -1.422805e-03 -2.005994e-02
3.655109e+00 -1.355460e+00 1.000946e+00 1.009694e+00 9.970241e-01 1.002050e+00 1.198607e+00 2 0 -1.198319e-02 1.062956e-02 -3.766845e-03 1.054050e-02 -1.439641e-02
3.764886e+00 -7.198151e-01 9.942506e-01 1.009661e+00 1.006429e+00 9.931243e-01 1.205529e+00 2 0 3.363953e-03 -7.280938e-03 -5.504738e-03 1.863182e-02 1.776200e-03
3.913885e+00 -9.307482e-02 9.912298e-01 1.004465e+00 1.016411e+00 9.902936e-01 1.208296e+00 2 0 1.612100e-02 -1.241302e-02 -6.618809e-03 1.377830e-02 5.794207e-03
4.000000e+00 2.351141e-01 9.929909e-01 1.001989e+00 1.019029e+00 9.933263e-01 1.207628e+00 2 0 1.850151e-02 -1.244557e-02 -1.315060e-02 7.054463e-03 -7.050363e-04
VARIABLES = "X", "Y", "ro", "u", "v", "pre", "Ma", "PART", "IMEX", "Ux", "Uy", "Vx", "Vy", "Vort" 
ZONE I=5, J=5, DATAPACKING=POINT
8.380423e+00 -8.340342e+00 1.002363e+00 9.992833e-01 1.003490e+00 1.003346e+00 1.196302e+00 2 0 5.547798e-03 -7.021830e-03 -1.178158e-03 7.118507e-03 5.843672e-03
8.398113e+00 -7.992639e+00 1.001980e+00 9.965276e-01 1.004228e+00 1.002786e+00 1.195208e+00 2 0 -1.335046e-03 -6.720780e-03 -6.926004e-03 -9.205014e-04 -2.052234e-04
8.380423e+00 -7.340342e+00 1.004199e+00 9.952078e-01 1.001356e+00 1.005877e+00 1.192185e+00 2 0 -1.040039e-02 1.863390e-03 6.483548e-04 -6.173487e-03 -1.215035e-03
8.299270e+00 -6.695957e+00 1.005064e+00 9.980774e-01 9.984792e-01 1.007085e+00 1.191972e+00 2 0 -2.974455e-03 3.508259e-03 3.819963e-03 5.861916e-04 3.117032e-04
8.235114e+00 -6.358085e+00 1.003293e+00 9.987722e-01 1.000276e+00 1.004621e+00 1.193870e+00 2 0 -1.784514e-03 1.941407e-03 1.608920e-03 1.490038e-02 -3.324861e-04
8.035077e+00 -8.377606e+00 1.004854e+00 9.974658e-01 1.003939e+00 1.006820e+00 1.194906e+00 2 0 5.134474e-03 -6.039607e-03 -2.620625e-03 1.281579e-02 3.418982e-03
8.052767e+00 -8.030770e+00 1.001780e+00 9.967693e-01 1.005031e+00 1.002493e+00 1.195890e+00 2 0 -8.301509e-04 1.377158e-03 2.000571e-03 -2.143205e-03 6.234128e-04
8.035077e+00 -7.377606e+00 1.000807e+00 9.988779e-01 1.001003e+00 1.001128e+00 1.194966e+00 2 0 -8.970323e-03 2.214931e-03 2.519733e-03 -7.125626e-03 3.048015e-04
7.953924e+00 -6.729187e+00 1.002170e+00 9.992901e-01 9.983655e-01 1.003038e+00 1.193311e+00 2 0 -3.397970e-03 -1.859318e-03 -2.338509e-03 6.745379e-04 -4.791911e-04
7.889768e+00 -6.388065e+00 1.001968e+00 9.989232e-01 1.000210e+00 1.002765e+00 1.194235e+00 2 0 -2.715025e-03 -6.137788e-04 1.208619e-05 1.010844e-02 6.258650e-04
7.380423e+00 -8.398872e+00 1.004506e+00 9.959198e-01 1.004066e+00 1.006310e+00 1.194159e+00 2 0 -5.849861e-04 2.540772e-03 1.847827e-03 -9.275857e-03 -6.929456e-04
7.398113e+00 -8.053835e+00 1.003192e+00 9.980077e-01 1.001249e+00 1.004470e+00 1.194026e+00 2 0 -3.065403e-03 6.796007e-03 7.054051e-03 -6.070124e-03 2.580449e-04
7.380423e+00 -7.398872e+00 9.993478e-01 1.000932e+00 9.995587e-01 9.990868e-01 1.195679e+00 2 0 2.358613e-03 1.969123e-03 1.962371e-03 -6.994186e-05 -6.752259e-06
7.299270e+00 -6.742169e+00 1.001032e+00 1.002043e+00 9.989595e-01 1.001450e+00 1.195580e+00 2 0 -5.025964e-03 3.150380e-03 3.569857e-03 -3.190059e-03 4.194774e-04
7.235114e+00 -6.394473e+00 1.005706e+00 1.004576e+00 9.963490e-01 1.007994e+00 1.194434e+00 2 0 -1.271938e-02 6.508223e-03 1.097260e-02 -1.199039e-02 4.464375e-03
6.725769e+00 -8.353597e+00 1.003058e+00 9.989431e-01 1.001036e+00 1.004315e+00 1.194468e+00 2 0 -7.546791e-03 1.012352e-02 4.498126e-03 -1.716823e-02 -5.625397e-03
6.743459e+00 -8.010307e+00 1.004261e+00 9.999771e-01 9.988451e-01 1.005970e+00 1.193510e+00 2 0 -1.563608e-03 -2.560565e-03 -1.999235e-03 -9.869687e-04 5.613302e-04
6.725769e+00 -7.353597e+00 1.004106e+00 9.985593e-01 9.981806e-01 1.005744e+00 1.192309e+00 2 0 1.483204e-03 3.021015e-03 2.699395e-03 -4.459287e-03 -3.216202e-04
6.644616e+00 -6.688952e+00 1.009341e+00 1.005430e+00 9.919377e-01 1.013116e+00 1.191457e+00 2 0 -1.832443e-03 1.515978e-02 1.542335e-02 -9.513816e-03 2.635721e-04
6.580460e+00 -6.335074e+00 1.012100e+00 1.010480e+00 9.881809e-01 1.016977e+00 1.191634e+00 2 0 3.128508e-03 1.301735e-02 8.168693e-03 -7.022062e-03 -4.848656e-03
6.380423e+00 -8.305046e+00 1.004431e+00 1.002619e+00 9.988782e-01 1.006199e+00 1.195074e+00 2 0 -1.136848e-02 -7.538764e-03 3.626956e-03 -4.268007e-04 1.116572e-02
6.398113e+00 -7.962557e+00 1.003992e+00 9.994807e-01 1.000977e+00 1.005601e+00 1.194546e+00 2 0 5.030629e-03 -6.633730e-03 -9.253228e-03 3.500687e-03 -2.619498e-03
6.380423e+00 -7.305046e+00 1.008009e+00 9.999951e-01 9.963975e-01 1.011227e+00 1.191175e+00 2 0 -1.052711e-02 6.584442e-03 5.761145e-03 -1.565884e-02 -8.232969e-04
6.299270e+00 -6.636808e+00 1.014381e+00 1.005788e+00 9.860146e-01 1.020198e+00 1.186990e+00 2 0 5.014123e-03 6.659703e-03 1.284353e-02 -5.547879e-03 6.183824e-03
6.235114e+00 -6.280185e+00 1.011156e+00 1.005971e+00 9.871724e-01 1.015670e+00 1.188534e+00 2 0 2.713199e-02 -3.593726e-04 -1.096043e-03 1.630083e-02 -7.366702e-04
VARIABLES = "X", "Y", "ro", "u", "v", "pre", "Ma", "PART", "IMEX", "Ux", "Uy", "Vx", "Vy", "Vort" 
ZONE I=5, J=5, DATAPACKING=POINT
8.235114e+00 -6.358085e+00 1.002824e+00 9.992976e-01 1.000739e+00 1.003974e+00 1.194566e+00 2 0 -3.024570e-05 -9.281840e-03 4.125335e-03 1.682375e-02 1.340717e-02
8.159932e+00 -6.020757e+00 1.003669e+00 9.990001e-01 1.002029e+00 1.005137e+00 1.194971e+00 2 0 -9.409763e-03 5.859106e-03 8.473809e-03 -1.759007e-03 2.614703e-03
8.000000e+00 -5.380423e+00 1.012995e+00 1.007944e+00 9.965734e-01 1.018243e+00 1.194857e+00 2 0 -1.335507e-02 1.017052e-02 5.388371e-03 -7.342952e-03 -4.782149e-03
7.840068e+00 -4.736250e+00 1.014790e+00 1.011234e+00 9.942076e-01 1.020767e+00 1.195010e+00 2 0 -9.300643e-03 -6.848708e-03 -1.948610e-03 1.949382e-03 4.900098e-03
7.764886e+00 -4.394473e+00 1.012039e+00 1.008250e+00 9.961578e-01 1.016912e+00 1.195011e+00 2 0 -1.524070e-02 -1.286647e-02 -1.099590e-02 5.662252e-03 1.870569e-03
7.889768e+00 -6.388065e+00 1.001819e+00 9.989319e-01 1.000148e+00 1.002568e+00 1.194233e+00 2 0 -1.222357e-03 2.017278e-03 1.699370e-03 8.409844e-04 -3.179085e-04
7.814586e+00 -6.046866e+00 1.006399e+00 1.002368e+00 9.985533e-01 1.008963e+00 1.194261e+00 2 0 -1.167486e-02 1.251317e-02 1.282564e-02 -5.203237e-03 3.124667e-04
7.654654e+00 -5.398113e+00 1.013608e+00 1.011595e+00 9.939244e-01 1.019099e+00 1.195340e+00 2 0 -6.683732e-03 6.955194e-03 7.227206e-03 -1.058441e-03 2.720119e-04
7.494722e+00 -4.745344e+00 1.010583e+00 1.011555e+00 9.961172e-01 1.014848e+00 1.197325e+00 2 0 4.232489e-03 -6.446353e-03 -6.933054e-03 6.932935e-03 -4.867012e-04
7.419540e+00 -4.399489e+00 1.006930e+00 1.008621e+00 9.992970e-01 1.009713e+00 1.198319e+00 2 0 4.514596e-03 -7.263709e-03 -7.046596e-03 8.142494e-03 2.171132e-04
7.235114e+00 -6.394473e+00 1.006017e+00 1.004137e+00 9.959352e-01 1.008417e+00 1.193859e+00 2 0 -1.289649e-02 1.574871e-02 1.050599e-02 -2.382685e-02 -5.242719e-03
7.159932e+00 -6.045558e+00 1.012111e+00 1.009337e+00 9.907293e-01 1.017001e+00 1.192443e+00 2 0 -7.640592e-03 7.800969e-03 7.846701e-03 -5.291936e-03 4.573174e-05
7.000000e+00 -5.380423e+00 1.009765e+00 1.010288e+00 9.926410e-01 1.013700e+00 1.194700e+00 2 0 9.110580e-03 -2.665730e-03 -3.424824e-03 9.169906e-03 -7.590944e-04
6.840068e+00 -4.711449e+00 1.003384e+00 1.005496e+00 1.000394e+00 1.004736e+00 1.197946e+00 2 0 1.123276e-02 -4.785284e-03 -4.232864e-03 9.057022e-03 5.524204e-04
6.764886e+00 -4.358085e+00 1.001866e+00 1.003416e+00 1.002569e+00 1.002607e+00 1.198362e+00 2 0 8.809843e-03 -1.964956e-03 -3.625709e-03 4.280859e-04 -1.660753e-03
6.580460e+00 -6.335074e+00 1.012473e+00 1.010758e+00 9.880356e-01 1.017506e+00 1.191627e+00 2 0 1.385875e-03 5.775798e-03 8.922166e-03 3.213920e-03 3.146367e-03
6.505278e+00 -5.979039e+00 1.008552e+00 1.009817e+00 9.903942e-01 1.011981e+00 1.193385e+00 2 0 8.161295e-03 -5.793315e-03 -5.827057e-03 8.508601e-03 -3.374257e-05
6.345346e+00 -5.299270e+00 1.002312e+00 1.003082e+00 9.977986e-01 1.003232e+00 1.195210e+00 2 0 7.526238e-03 -7.357536e-03 -7.371049e-03 8.153464e-03 -1.351370e-05
6.185414e+00 -4.616481e+00 1.000198e+00 9.989486e-01 1.002952e+00 1.000275e+00 1.196321e+00 2 0 6.001878e-03 -2.003860e-03 -2.717529e-03 5.004913e-03 -7.136686e-04
6.110232e+00 -4.256946e+00 9.987680e-01 9.978744e-01 1.004923e+00 9.982891e-01 1.197195e+00 2 0 6.936921e-03 -1.574592e-03 -2.781503e-03 4.671992e-03 -1.206911e-03
6.235114e+00 -6.280185e+00 1.011237e+00 1.006096e+00 9.871618e-01 1.015777e+00 1.188588e+00 2 0 2.925036e-02 -2.381257e-04 5.718324e-04 2.397511e-02 8.099580e-04
6.159932e+00 -5.921046e+00 1.004092e+00 1.004282e+00 9.936187e-01 1.005742e+00 1.193011e+00 2 0 2.333531e-02 1.176154e-03 -5.207668e-03 1.210730e-02 -6.383823e-03
6.000000e+00 -5.235114e+00 1.000020e+00 1.001678e+00 9.999029e-01 1.000028e+00 1.196169e+00 2 0 -7.928506e-04 -4.602354e-03 -1.553011e-03 6.806396e-03 3.049343e-03
5.840068e+00 -4.546810e+00 9.971890e-01 9.979709e-01 1.004559e+00 9.960780e-01 1.197414e+00 2 0 -2.059538e-03 -6.278422e-03 -5.075298e-03 4.802777e-03 1.203124e-03
5.764886e+00 -4.184922e+00 9.957062e-01 9.961228e-01 1.006173e+00 9.939860e-01 1.197651e+00 2 0 -1.561420e-03 -4.395823e-03 -2.797451e-03 2.858924e-03 1.598372e-03
VARIABLES = "X", "Y", "ro", "u", "v", "pre", "Ma", "PART", "IMEX", "Ux", "Uy", "Vx", "Vy", "Vort" 
ZONE I=5, J=5, DATAPACKING=POINT
7.764886e+00 -4.394473e+00 1.012117e+00 1.008601e+00 9.959793e-01 1.017029e+00 1.195093e+00 2 0 -1.273346e-02 -2.028216e-02 -1.316012e-02 -3.745949e-03 7.122038e-03
7.700730e+00 -4.051477e+00 1.012071e+00 1.002657e+00 9.967687e-01 1.016941e+00 1.192026e+00 2 0 -2.043587e-02 -1.804107e-02 -2.307764e-02 9.512845e-05 -5.036568e-03
7.619577e+00 -3.398872e+00 1.010516e+00 9.972537e-01 9.995466e-01 1.014750e+00 1.190825e+00 2 0 9.429476e-03 -1.542127e-03 -4.449328e-03 3.124345e-03 -2.907202e-03
7.601887e+00 -2.744527e+00 1.004263e+00 9.980511e-01 1.000834e+00 1.005977e+00 1.193546e+00 2 0 3.865278e-02 1.947680e-03 3.424132e-03 4.987722e-04 1.476452e-03
7.619577e+00 -2.398872e+00 1.000035e+00 9.988222e-01 1.000853e+00 1.000060e+00 1.195020e+00 2 0 4.709712e-02 -1.962599e-03 2.400378e-03 -1.177102e-03 4.362976e-03
7.419540e+00 -4.399489e+00 1.006822e+00 1.008574e+00 9.994667e-01 1.009564e+00 1.198415e+00 2 0 4.952611e-03 -6.670184e-03 -7.376376e-03 8.894475e-03 -7.061920e-04
7.355384e+00 -4.053004e+00 1.004418e+00 1.005634e+00 1.001566e+00 1.006193e+00 1.198475e+00 2 0 -1.625122e-03 -9.532921e-03 -8.871886e-03 1.729236e-03 6.610355e-04
7.274231e+00 -3.395982e+00 1.003357e+00 9.994267e-01 1.001968e+00 1.004715e+00 1.195255e+00 2 0 -8.766461e-03 -9.636609e-03 -8.372882e-03 -1.197525e-03 1.263727e-03
7.256541e+00 -2.740675e+00 1.001246e+00 9.943357e-01 1.002027e+00 1.001772e+00 1.192751e+00 2 0 -5.374979e-03 -6.504490e-03 -7.019440e-03 1.299510e-03 -5.149495e-04
7.274231e+00 -2.395982e+00 9.994905e-01 9.921292e-01 1.002614e+00 9.993535e-01 1.192185e+00 2 0 -2.379050e-03 -6.567524e-03 -8.061193e-03 2.111604e-03 -1.493670e-03
6.764886e+00 -4.358085e+00 1.001845e+00 1.003487e+00 1.002590e+00 1.002574e+00 1.198425e+00 2 0 8.321339e-03 -2.912593e-03 -2.306839e-03 8.350119e-03 6.057542e-04
6.700730e+00 -4.005265e+00 9.989065e-01 1.002090e+00 1.004772e+00 9.984678e-01 1.199594e+00 2 0 8.855939e-03 -1.533643e-03 -2.443731e-03 3.516951e-03 -9.100875e-04
6.619577e+00 -3.340342e+00 9.934416e-01 1.001216e+00 1.005455e+00 9.908323e-01 1.200796e+00 2 0 4.392120e-03 4.237945e-04 -5.483066e-04 -9.926824e-04 -9.721011e-04
6.601887e+00 -2.683331e+00 9.904852e-01 1.001746e+00 1.004792e+00 9.867046e-01 1.201432e+00 2 0 -7.868134e-03 1.429688e-03 1.950239e-03 -1.066087e-04 5.205514e-04
6.619577e+00 -2.340342e+00 9.893740e-01 1.002208e+00 1.005233e+00 9.851258e-01 1.202261e+00 2 0 -1.538960e-02 3.048685e-03 3.610357e-03 2.619861e-03 5.616720e-04
6.110232e+00 -4.256946e+00 9.989599e-01 9.979377e-01 1.004798e+00 9.985623e-01 1.197109e+00 2 0 7.033075e-03 -3.041465e-03 -2.621912e-03 7.150734e-03 4.195536e-04
6.046076e+00 -3.899037e+00 9.968129e-01 9.968834e-01 1.005909e+00 9.955580e-01 1.197664e+00 2 0 4.527951e-03 -4.783569e-04 -1.669811e-04 -1.102738e-03 3.113758e-04
5.964923e+00 -3.227925e+00 9.968537e-01 9.979835e-01 1.002877e+00 9.956021e-01 1.196498e+00 2 0 2.735243e-04 4.195895e-03 4.884853e-03 -5.320930e-03 6.889579e-04
5.947233e+00 -2.569604e+00 9.972764e-01 1.001999e+00 1.000156e+00 9.961518e-01 1.197192e+00 2 0 4.666559e-03 7.718915e-03 7.574571e-03 -2.317623e-03 -1.443444e-04
5.964923e+00 -2.227925e+00 9.966236e-01 1.004970e+00 9.996943e-01 9.952247e-01 1.198862e+00 2 0 8.075339e-03 9.083090e-03 8.639364e-03 -1.041062e-03 -4.437260e-04
5.764886e+00 -4.184922e+00 9.955741e-01 9.960818e-01 1.006372e+00 9.937900e-01 1.197784e+00 2 0 -2.000816e-03 -3.715532e-03 -5.411084e-03 -9.781787e-04 -1.695552e-03
5.700730e+00 -3.825132e+00 9.962523e-01 9.966855e-01 1.005263e+00 9.947732e-01 1.197293e+00 2 0 -4.669887e-03 4.456022e-03 2.915156e-03 -4.313353e-03 -1.540866e-03
5.619577e+00 -3.151813e+00 9.992718e-01 1.001059e+00 1.001451e+00 9.989512e-01 1.196921e+00 2 0 -1.804374e-02 3.933564e-03 7.400867e-04 -5.313546e-03 -3.193478e-03
5.601887e+00 -2.493037e+00 1.000865e+00 1.002552e+00 9.989874e-01 1.001165e+00 1.195972e+00 2 0 -8.978819e-03 1.604743e-04 -3.097028e-03 -1.898854e-03 -3.257502e-03
5.619577e+00 -2.151813e+00 1.000747e+00 1.002706e+00 9.985334e-01 1.001134e+00 1.195741e+00 2 0 5.550712e-03 2.315031e-03 -4.370750e-03 -1.822569e-03 -6.685781e-03
VARIABLES = "X", "Y", "ro", "u", "v", "pre", "Ma", "PART", "IMEX", "Ux", "Uy", "Vx", "Vy", "Vort" 
ZONE I=5, J=5, DATAPACKING=POINT
7.619577e+00 -2.398872e+00 1.000031e+00 9.989457e-01 1.000735e+00 1.000065e+00 1.195018e+00 2 0 4.853731e-02 -4.889295e-03 2.333413e-03 -4.767844e-03 7.222708e-03
7.655109e+00 -2.052756e+00 9.981641e-01 9.982523e-01 9.996429e-01 9.974357e-01 1.194407e+00 2 0 4.784974e-02 -7.893311e-03 -6.296263e-03 -1.351185e-03 1.597047e-03
7.764886e+00 -1.394473e+00 9.959853e-01 9.982365e-01 9.996370e-01 9.943475e-01 1.194941e+00 2 0 5.026844e-02 -8.112630e-03 -1.113372e-02 3.964308e-03 -3.021092e-03
7.913885e+00 -7.318967e-01 9.970978e-01 9.999733e-01 1.000082e+00 9.956102e-01 1.196155e+00 2 0 3.731117e-02 -7.509153e-03 -4.941478e-03 -1.787628e-03 2.567675e-03
8.000000e+00 -3.804226e-01 1.001344e+00 9.995722e-01 9.973274e-01 1.001381e+00 1.193355e+00 2 0 2.851391e-02 -1.268939e-02 -8.866246e-03 -1.263799e-02 3.823142e-03
7.274231e+00 -2.395982e+00 9.996792e-01 9.920622e-01 1.002474e+00 9.996305e-01 1.192008e+00 2 0 -2.313447e-03 -5.056520e-03 -7.975494e-03 1.040347e-03 -2.918974e-03
7.309763e+00 -2.051800e+00 9.986370e-01 9.902304e-01 1.002468e+00 9.981777e-01 1.191161e+00 2 0 1.772403e-04 -5.115497e-03 -7.515949e-03 4.799150e-05 -2.400452e-03
7.419540e+00 -1.399489e+00 9.993035e-01 9.887559e-01 1.001737e+00 9.992659e-01 1.189595e+00 2 0 3.727187e-03 5.400804e-04 -1.197359e-03 -2.897149e-04 -1.737440e-03
7.568539e+00 -7.449752e-01 1.000776e+00 9.912672e-01 1.001738e+00 1.001507e+00 1.190630e+00 2 0 8.096883e-03 2.532864e-03 -6.865236e-04 -5.619041e-04 -3.219388e-03
7.654654e+00 -3.981130e-01 1.002742e+00 9.921279e-01 1.000611e+00 1.004269e+00 1.189995e+00 2 0 9.129317e-03 -3.376976e-03 -5.909381e-03 -7.520416e-03 -2.532405e-03
6.619577e+00 -2.340342e+00 9.893634e-01 1.002280e+00 1.005225e+00 9.851018e-01 1.202307e+00 2 0 -1.576011e-02 1.280309e-03 2.731135e-03 -8.214957e-04 1.450827e-03
6.655109e+00 -1.999603e+00 9.904751e-01 1.001950e+00 1.003744e+00 9.866297e-01 1.200965e+00 2 0 -2.242386e-02 1.579680e-03 3.429930e-03 -7.604062e-03 1.850250e-03
6.764886e+00 -1.358085e+00 9.961388e-01 1.001070e+00 9.987840e-01 9.944543e-01 1.196154e+00 2 0 -2.739712e-02 4.213735e-03 6.531881e-03 -7.117208e-03 2.318147e-03
6.913885e+00 -7.185270e-01 9.999228e-01 9.997510e-01 9.982519e-01 9.998019e-01 1.194108e+00 2 0 -2.472867e-02 3.499643e-03 8.450177e-03 2.159558e-03 4.950534e-03
7.000000e+00 -3.804226e-01 9.997452e-01 9.988320e-01 1.000338e+00 9.996574e-01 1.194785e+00 2 0 -2.308180e-02 5.293043e-03 5.203636e-03 4.629732e-03 -8.940728e-05
5.964923e+00 -2.227925e+00 9.965699e-01 1.004994e+00 9.997976e-01 9.951618e-01 1.198944e+00 2 0 8.347802e-03 1.031891e-02 9.244647e-03 -2.177151e-04 -1.074264e-03
6.000455e+00 -1.889861e+00 9.957309e-01 1.008039e+00 9.989920e-01 9.939472e-01 1.200518e+00 2 0 8.981639e-03 6.138131e-03 5.105039e-03 -4.735602e-03 -1.033093e-03
6.110232e+00 -1.256946e+00 9.956234e-01 1.011056e+00 9.962734e-01 9.936938e-01 1.200806e+00 2 0 4.604026e-03 1.602742e-03 -3.004979e-03 -2.394422e-03 -4.607721e-03
6.259231e+00 -6.298243e-01 9.945050e-01 1.011786e+00 9.965944e-01 9.918060e-01 1.201903e+00 2 0 -3.332632e-03 1.148791e-03 -6.442770e-03 6.697577e-03 -7.591561e-03
6.345346e+00 -2.992696e-01 9.919859e-01 1.011922e+00 9.993424e-01 9.881359e-01 1.204323e+00 2 0 -6.767973e-03 3.178597e-03 -4.389008e-03 1.387161e-02 -7.567604e-03
5.619577e+00 -2.151813e+00 1.001080e+00 1.002857e+00 9.982889e-01 1.001626e+00 1.195591e+00 2 0 3.187563e-03 -3.678476e-03 -2.550465e-03 1.841105e-03 1.128011e-03
5.655109e+00 -1.814691e+00 9.994940e-01 1.002500e+00 9.986295e-01 9.995380e-01 1.195879e+00 2 0 2.384888e-02 -1.535972e-03 -5.576501e-03 5.648381e-04 -4.040529e-03
5.764886e+00 -1.184922e+00 9.975120e-01 1.005256e+00 9.989139e-01 9.974634e-01 1.197756e+00 2 0 2.768070e-02 5.277019e-05 -9.512240e-03 4.324232e-03 -9.565010e-03
5.913885e+00 -5.626149e-01 9.929128e-01 1.008769e+00 1.001991e+00 9.915071e-01 1.202518e+00 2 0 1.805404e-02 -1.507283e-04 -1.767585e-02 1.181264e-02 -1.752512e-02
6.000000e+00 -2.351141e-01 9.894766e-01 1.009881e+00 1.004500e+00 9.866190e-01 1.205569e+00 2 0 1.594526e-02 -3.603591e-03 -1.861632e-02 1.429929e-02 -1.501272e-02
