VARIABLES = "X", "Y", "ro", "u", "v", "pre", "Ma", "PART", "IMEX", "Ux", "Uy", "Vx", "Vy", "Vort" 
ZONE I=5, J=5, DATAPACKING=POINT
-5.619577e+00 -7.848187e+00 9.999977e-01 1.000001e+00 9.999996e-01 9.999984e-01 1.195229e+00 1 0 6.891059e-06 -3.977732e-06 -6.379349e-06 1.453648e-06 -2.401617e-06
-5.601887e+00 -7.506963e+00 1.000001e+00 9.999995e-01 1.000000e+00 1.000001e+00 1.195229e+00 1 0 -3.787235e-06 -2.299915e-06 2.962276e-06 6.704396e-07 5.262191e-06
-5.619577e+00 -6.848187e+00 9.999991e-01 1.000001e+00 9.999998e-01 9.999994e-01 1.195229e+00 1 0 4.230094e-06 1.817555e-06 -4.316875e-06 -8.775186e-07 -6.134430e-06
-5.700730e+00 -6.174868e+00 1.000001e+00 9.999991e-01 1.000000e+00 1.000001e+00 1.195228e+00 1 0 -1.088129e-05 -2.889788e-06 6.653571e-06 1.779879e-06 9.543359e-06
-5.764886e+00 -5.815078e+00 9.999970e-01 1.000003e+00 9.999996e-01 9.999981e-01 1.195229e+00 1 0 5.129067e-05 6.267594e-05 -1.658397e-05 -1.389038e-05 -7.925991e-05
-5.964923e+00 -7.772075e+00 1.000001e+00 9.999997e-01 1.000000e+00 1.000000e+00 1.195229e+00 1 0 1.250647e-06 8.152374e-07 6.275062e-08 -3.423305e-08 -7.524868e-07
-5.947233e+00 -7.430396e+00 9.999996e-01 1.000000e+00 9.999999e-01 9.999998e-01 1.195228e+00 1 0 -2.375655e-07 4.387641e-07 -1.540399e-07 -4.174766e-07 -5.928040e-07
-5.964923e+00 -6.772075e+00 1.000000e+00 9.999999e-01 1.000000e+00 1.000000e+00 1.195229e+00 1 0 2.427673e-07 -1.922827e-07 2.726749e-07 3.316346e-07 4.649576e-07
-6.046076e+00 -6.100963e+00 9.999994e-01 1.000000e+00 9.999999e-01 9.999998e-01 1.195228e+00 1 0 -1.567497e-07 5.212653e-08 -5.891331e-07 -4.228426e-07 -6.412596e-07
-6.110232e+00 -5.743054e+00 1.000001e+00 9.999992e-01 1.000000e+00 1.000001e+00 1.195229e+00 1 0 -2.512208e-06 -1.360973e-05 3.056466e-06 9.198867e-06 1.666619e-05
-6.619577e+00 -7.659658e+00 9.999993e-01 1.000000e+00 9.999999e-01 9.999997e-01 1.195228e+00 1 0 -6.234111e-07 -8.407742e-07 -9.936670e-08 -3.535995e-07 7.414075e-07
-6.601887e+00 -7.316669e+00 1.000000e+00 9.999999e-01 1.000000e+00 1.000000e+00 1.195229e+00 1 0 8.511736e-08 -4.021868e-07 8.887626e-08 3.814162e-07 4.910630e-07
-6.619577e+00 -6.659658e+00 9.999997e-01 1.000000e+00 9.999999e-01 9.999999e-01 1.195229e+00 1 0 -6.558624e-08 2.392531e-07 -1.808309e-07 -2.775168e-07 -4.200840e-07
-6.700730e+00 -5.994735e+00 1.000000e+00 9.999998e-01 1.000000e+00 1.000000e+00 1.195229e+00 1 0 -7.707160e-08 -1.734602e-07 3.843865e-07 3.403790e-07 5.578467e-07
-6.764886e+00 -5.641915e+00 9.999990e-01 1.000001e+00 9.999997e-01 9.999995e-01 1.195229e+00 1 0 1.741485e-06 1.184202e-05 -1.604774e-06 -7.646597e-06 -1.344679e-05
-7.274231e+00 -7.604018e+00 1.000001e+00 9.999997e-01 1.000000e+00 1.000000e+00 1.195229e+00 1 0 9.901064e-07 1.072705e-06 1.667890e-07 2.205184e-07 -9.059163e-07
-7.256541e+00 -7.259325e+00 9.999997e-01 1.000000e+00 1.000000e+00 9.999999e-01 1.195229e+00 1 0 -2.956876e-07 5.107287e-07 -1.234968e-07 -3.249878e-07 -6.342255e-07
-7.274231e+00 -6.604018e+00 1.000000e+00 9.999998e-01 1.000000e+00 1.000000e+00 1.195229e+00 1 0 2.286050e-07 -3.312292e-07 2.478570e-07 2.178527e-07 5.790862e-07
-7.355384e+00 -5.946996e+00 9.999996e-01 1.000000e+00 9.999999e-01 9.999999e-01 1.195229e+00 1 0 -7.066789e-08 2.881430e-07 -4.704147e-07 -2.292710e-07 -7.585577e-07
-7.419540e+00 -5.600511e+00 1.000001e+00 9.999992e-01 1.000000e+00 1.000000e+00 1.195229e+00 1 0 -4.269037e-07 -1.427143e-05 1.047579e-06 7.471613e-06 1.531901e-05
-7.619577e+00 -7.601128e+00 9.999985e-01 1.000000e+00 9.999997e-01 9.999994e-01 1.195228e+00 1 0 -5.961349e-06 -4.252088e-07 2.739611e-06 -6.535613e-07 3.164820e-06
-7.601887e+00 -7.255473e+00 1.000001e+00 9.999999e-01 1.000000e+00 1.000000e+00 1.195229e+00 1 0 2.618936e-06 -4.015794e-07 -8.252289e-07 8.349155e-07 -4.236495e-07
-7.619577e+00 -6.601128e+00 9.999994e-01 1.000000e+00 9.999998e-01 9.999998e-01 1.195228e+00 1 0 -2.634377e-06 -2.547484e-08 8.321377e-07 -5.085816e-07 8.576125e-07
-7.700730e+00 -5.948523e+00 1.000001e+00 9.999996e-01 1.000000e+00 1.000000e+00 1.195229e+00 1 0 3.862861e-06 5.608246e-07 -1.353014e-06 4.288400e-07 -1.913839e-06
-7.764886e+00 -5.605527e+00 9.999977e-01 1.000001e+00 9.999992e-01 9.999990e-01 1.195228e+00 1 0 -9.267292e-06 1.619628e-05 4.702900e-06 -1.854435e-05 -1.149338e-05
VARIABLES = "X", "Y", "ro", "u", "v", "pre", "Ma", "PART", "IMEX", "Ux", "Uy", "Vx", "Vy", "Vort" 
ZONE I=5, J=5, DATAPACKING=POINT
-5.764886e+00 -5.815078e+00 9.999913e-01 1.000008e+00 9.999986e-01 9.999944e-01 1.195231e+00 1 0 8.617040e-05 -8.404255e-06 -4.899413e-05 -1.219989e-05 -4.058988e-05
-5.840068e+00 -5.453190e+00 1.000004e+00 9.999966e-01 1.000001e+00 1.000003e+00 1.195228e+00 1 0 -4.124987e-05 -1.820384e-05 2.217475e-05 9.183892e-06 4.037859e-05
-6.000000e+00 -4.764886e+00 9.999963e-01 1.000003e+00 9.999994e-01 9.999976e-01 1.195229e+00 1 0 4.264569e-05 1.639071e-05 -2.165634e-05 -8.347517e-06 -3.804705e-05
-6.159932e+00 -4.078954e+00 1.000005e+00 9.999947e-01 1.000001e+00 1.000003e+00 1.195227e+00 1 0 -6.777960e-05 -2.318558e-05 3.877926e-05 1.377057e-05 6.196483e-05
-6.235114e+00 -3.719815e+00 9.999886e-01 1.000012e+00 9.999985e-01 9.999906e-01 1.195234e+00 1 0 1.463875e-04 2.634483e-04 -7.653872e-05 -8.772687e-05 -3.399870e-04
-6.110232e+00 -5.743054e+00 1.000004e+00 9.999981e-01 1.000001e+00 1.000002e+00 1.195229e+00 1 0 3.656223e-06 9.952462e-06 3.896083e-06 7.902809e-08 -6.056379e-06
-6.185414e+00 -5.383519e+00 9.999985e-01 1.000001e+00 9.999994e-01 9.999993e-01 1.195228e+00 1 0 -8.032052e-07 1.231728e-06 -2.277948e-06 -3.458108e-06 -3.509676e-06
-6.345346e+00 -4.700730e+00 1.000001e+00 9.999992e-01 1.000001e+00 1.000001e+00 1.195229e+00 1 0 6.611245e-07 -9.043645e-07 2.216616e-06 2.917027e-06 3.120980e-06
-6.505278e+00 -4.020961e+00 9.999983e-01 1.000001e+00 9.999990e-01 9.999994e-01 1.195228e+00 1 0 -6.370999e-07 2.162815e-06 -3.729248e-06 -4.251202e-06 -5.892062e-06
-6.580460e+00 -3.664926e+00 1.000003e+00 9.999983e-01 1.000001e+00 1.000002e+00 1.195229e+00 1 0 4.737783e-06 -3.676703e-05 1.519591e-05 5.552603e-05 5.196294e-05
-6.764886e+00 -5.641915e+00 9.999974e-01 1.000002e+00 9.999989e-01 9.999989e-01 1.195228e+00 1 0 -1.809860e-07 -7.083550e-06 -2.166516e-06 1.100178e-06 4.917034e-06
-6.840068e+00 -5.288551e+00 1.000001e+00 9.999993e-01 1.000000e+00 1.000001e+00 1.195229e+00 1 0 -2.693742e-07 -1.654377e-06 1.181513e-06 2.324313e-06 2.835890e-06
-7.000000e+00 -4.619577e+00 9.999989e-01 1.000001e+00 9.999995e-01 9.999995e-01 1.195228e+00 1 0 3.585557e-07 1.347833e-06 -1.170389e-06 -1.852723e-06 -2.518222e-06
-7.159932e+00 -3.954442e+00 1.000001e+00 9.999989e-01 1.000001e+00 1.000001e+00 1.195229e+00 1 0 -7.302601e-07 -2.541353e-06 2.074753e-06 2.638255e-06 4.616106e-06
-7.235114e+00 -3.605527e+00 9.999976e-01 1.000001e+00 9.999985e-01 9.999984e-01 1.195228e+00 1 0 -1.589682e-06 3.551631e-05 -7.141150e-06 -4.311861e-05 -4.265746e-05
-7.419540e+00 -5.600511e+00 1.000002e+00 9.999980e-01 1.000001e+00 1.000001e+00 1.195229e+00 1 0 5.040784e-07 8.363074e-06 2.592124e-06 -2.522540e-06 -5.770950e-06
-7.494722e+00 -5.254656e+00 9.999989e-01 1.000001e+00 9.999995e-01 9.999996e-01 1.195228e+00 1 0 -2.863309e-07 2.020221e-06 -1.075671e-06 -1.811424e-06 -3.095892e-06
-7.654654e+00 -4.601887e+00 1.000001e+00 9.999992e-01 1.000000e+00 1.000000e+00 1.195229e+00 1 0 1.156386e-07 -1.679047e-06 1.080167e-06 1.352541e-06 2.759214e-06
-7.814586e+00 -3.953134e+00 9.999987e-01 1.000001e+00 9.999991e-01 9.999996e-01 1.195228e+00 1 0 1.153358e-07 3.020575e-06 -1.886730e-06 -1.828101e-06 -4.907305e-06
-7.889768e+00 -3.611935e+00 1.000002e+00 9.999984e-01 1.000002e+00 1.000001e+00 1.195229e+00 1 0 6.270442e-06 -4.244666e-05 3.127930e-06 4.149636e-05 4.557459e-05
-7.764886e+00 -5.605527e+00 9.999940e-01 1.000003e+00 9.999973e-01 9.999975e-01 1.195226e+00 1 0 -2.379930e-05 -1.681745e-05 1.362967e-05 1.202235e-05 3.044712e-05
-7.840068e+00 -5.263750e+00 1.000003e+00 9.999990e-01 1.000001e+00 1.000001e+00 1.195230e+00 1 0 1.037850e-05 -6.280127e-08 -5.981627e-06 2.112994e-06 -5.918826e-06
-8.000000e+00 -4.619577e+00 9.999974e-01 1.000001e+00 9.999989e-01 9.999989e-01 1.195228e+00 1 0 -1.023398e-05 -4.317038e-07 5.912998e-06 -1.028342e-06 6.344702e-06
-8.159932e+00 -3.979243e+00 1.000003e+00 9.999983e-01 1.000002e+00 1.000001e+00 1.195230e+00 1 0 1.458580e-05 -9.240292e-07 -9.864699e-06 5.837415e-07 -8.940670e-06
-8.235114e+00 -3.641915e+00 9.999956e-01 1.000001e+00 9.999958e-01 9.999989e-01 1.195225e+00 1 0 -3.506382e-05 4.360078e-05 2.292050e-05 -8.098453e-05 -2.068028e-05
VARIABLES = "X", "Y", "ro", "u", "v", "pre", "Ma", "PART", "IMEX", "Ux", "Uy", "Vx", "Vy", "Vort" 
ZONE I=5, J=5, DATAPACKING=POINT
-6.235114e+00 -3.719815e+00 9.999719e-01 1.000031e+00 9.999901e-01 9.999785e-01 1.195237e+00 1 0 2.119356e-04 -9.859589e-05 -2.923144e-04 -6.489898e-05 -1.937185e-04
-6.299270e+00 -3.363192e+00 1.000012e+00 9.999874e-01 1.000006e+00 1.000009e+00 1.195226e+00 1 0 -5.825989e-05 -3.637235e-05 1.570438e-04 5.464327e-05 1.934161e-04
-6.380423e+00 -2.694954e+00 9.999838e-01 1.000014e+00 1.000002e+00 9.999842e-01 1.195238e+00 1 0 3.994407e-05 3.399916e-05 2.710287e-05 -4.636298e-06 -6.896292e-06
-6.398113e+00 -2.037443e+00 1.000007e+00 9.999848e-01 1.000021e+00 1.000003e+00 1.195234e+00 1 0 -1.268105e-04 -7.451448e-05 4.995841e-04 5.124689e-06 5.740986e-04
-6.380423e+00 -1.694954e+00 1.000007e+00 9.999899e-01 9.999815e-01 1.000003e+00 1.195214e+00 1 0 -2.084475e-04 3.061410e-04 -5.001011e-04 -5.883739e-04 -8.062421e-04
-6.580460e+00 -3.664926e+00 1.000008e+00 9.999957e-01 1.000007e+00 1.000004e+00 1.195233e+00 1 0 2.715696e-05 2.148727e-05 1.915223e-05 -5.170481e-06 -2.335046e-06
-6.644616e+00 -3.311048e+00 9.999971e-01 1.000001e+00 9.999967e-01 9.999985e-01 1.195226e+00 1 0 -1.465039e-05 2.009818e-06 -1.224031e-05 -1.720455e-05 -1.425013e-05
-6.725769e+00 -2.646403e+00 1.000004e+00 9.999994e-01 9.999999e-01 1.000004e+00 1.195229e+00 1 0 2.076155e-05 -1.495622e-06 -7.404519e-08 5.183139e-06 1.421577e-06
-6.743459e+00 -1.989693e+00 9.999999e-01 1.000002e+00 9.999902e-01 1.000001e+00 1.195223e+00 1 0 -7.472502e-06 1.326928e-05 -2.770080e-05 -1.147088e-05 -4.097008e-05
-6.725769e+00 -1.646403e+00 1.000001e+00 1.000009e+00 1.000006e+00 1.000004e+00 1.195235e+00 1 0 2.461538e-05 4.192306e-05 6.020072e-05 2.559218e-04 1.827766e-05
-7.235114e+00 -3.605527e+00 9.999938e-01 1.000004e+00 9.999945e-01 9.999965e-01 1.195226e+00 1 0 -7.333949e-06 -1.413132e-05 -1.146211e-05 1.289144e-05 2.669207e-06
-7.299270e+00 -3.257831e+00 1.000002e+00 9.999988e-01 1.000003e+00 1.000001e+00 1.195230e+00 1 0 5.940287e-06 -4.538178e-06 7.497662e-06 1.075499e-05 1.203584e-05
-7.380423e+00 -2.601128e+00 9.999964e-01 1.000001e+00 1.000000e+00 9.999965e-01 1.195229e+00 1 0 -9.743901e-06 2.977575e-06 2.136795e-06 -1.558447e-06 -8.407795e-07
-7.398113e+00 -1.946165e+00 1.000000e+00 9.999972e-01 1.000008e+00 9.999990e-01 1.195232e+00 1 0 1.234931e-06 -1.362030e-05 2.110768e-05 4.868077e-06 3.472798e-05
-7.380423e+00 -1.601128e+00 9.999996e-01 9.999932e-01 9.999937e-01 9.999974e-01 1.195222e+00 1 0 -7.212432e-06 6.181447e-07 -3.516011e-05 -1.817753e-04 -3.577826e-05
-7.889768e+00 -3.611935e+00 1.000007e+00 9.999950e-01 1.000005e+00 1.000003e+00 1.195231e+00 1 0 8.789042e-06 1.500165e-05 1.348396e-05 -1.879674e-05 -1.517689e-06
-7.953924e+00 -3.270813e+00 9.999978e-01 1.000001e+00 9.999973e-01 9.999990e-01 1.195227e+00 1 0 -8.222556e-06 6.450200e-06 -7.255214e-06 -9.118532e-06 -1.370541e-05
-8.035077e+00 -2.622394e+00 1.000004e+00 9.999992e-01 9.999997e-01 1.000003e+00 1.195228e+00 1 0 1.228809e-05 -4.599878e-06 -3.868604e-06 -4.518940e-07 7.312741e-07
-8.052767e+00 -1.969230e+00 9.999994e-01 1.000003e+00 9.999925e-01 1.000001e+00 1.195225e+00 1 0 -4.285881e-06 1.467547e-05 -2.391414e-05 -1.258846e-07 -3.858961e-05
-8.035077e+00 -1.622394e+00 9.999984e-01 1.000006e+00 1.000009e+00 9.999995e-01 1.195237e+00 1 0 3.180804e-06 -2.215592e-05 3.113433e-05 1.794172e-04 5.329025e-05
-8.235114e+00 -3.641915e+00 9.999857e-01 1.000005e+00 9.999891e-01 9.999942e-01 1.195220e+00 1 0 -8.414423e-05 -2.276784e-05 4.017919e-05 6.423180e-05 6.294703e-05
-8.299270e+00 -3.304043e+00 1.000004e+00 9.999992e-01 1.000006e+00 1.000000e+00 1.195234e+00 1 0 3.826004e-05 -4.467103e-06 -2.108255e-05 1.026149e-05 -1.661544e-05
-8.380423e+00 -2.659658e+00 9.999925e-01 9.999988e-01 1.000002e+00 9.999944e-01 1.195228e+00 1 0 -3.775973e-05 9.309035e-08 -6.257900e-06 6.861707e-06 -6.350990e-06
-8.398113e+00 -2.007361e+00 9.999999e-01 9.999957e-01 1.000017e+00 9.999959e-01 1.195238e+00 1 0 4.522666e-05 -1.268988e-05 -4.926014e-05 -1.763159e-05 -3.657026e-05
-8.380423e+00 -1.659658e+00 1.000016e+00 9.999932e-01 9.999682e-01 1.000018e+00 1.195204e+00 1 0 2.858818e-05 1.512533e-05 1.558524e-04 -4.546399e-04 1.407270e-04
VARIABLES = "X", "Y", "ro", "u", "v", "pre", "Ma", "PART", "IMEX", "Ux", "Uy", "Vx", "Vy", "Vort" 
ZONE I=5, J=5, DATAPACKING=POINT
-6.380423e+00 -1.694954e+00 9.999993e-01 1.000012e+00 9.999237e-01 9.999961e-01 1.195192e+00 1 0 -3.897027e-04 -1.590033e-04 -1.470844e-03 1.354917e-04 -1.311840e-03
-6.344891e+00 -1.355460e+00 1.000105e+00 9.998663e-01 9.999668e-01 1.000139e+00 1.195109e+00 1 0 -5.633126e-04 -2.975553e-04 -8.385249e-04 7.889684e-05 -5.409695e-04
-6.235114e+00 -7.198151e-01 9.999627e-01 1.000018e+00 9.998351e-01 9.999488e-01 1.195149e+00 1 0 -1.741903e-04 9.493181e-04 -4.328629e-03 6.415295e-04 -5.277947e-03
-6.086115e+00 -9.307486e-02 9.998270e-01 1.000738e+00 9.999700e-01 9.999668e-01 1.195568e+00 1 0 7.907382e-03 -1.138266e-03 2.598471e-03 1.727487e-04 3.736736e-03
-6.000000e+00 2.351141e-01 9.999313e-01 1.000855e+00 1.000394e+00 1.000146e+00 1.195846e+00 1 0 1.183447e-02 -3.627960e-03 1.297773e-02 -2.119591e-03 1.660569e-02
-6.725769e+00 -1.646403e+00 1.000003e+00 1.000012e+00 1.000030e+00 1.000006e+00 1.195252e+00 1 0 4.998044e-05 -1.106011e-04 4.930572e-05 -4.642817e-05 1.599068e-04
-6.690237e+00 -1.305320e+00 9.999721e-01 1.000013e+00 1.000023e+00 9.999640e-01 1.195255e+00 1 0 -1.533885e-04 9.379204e-05 9.763612e-05 6.847464e-05 3.844075e-06
-6.580460e+00 -6.649256e-01 1.000012e+00 1.000009e+00 1.000078e+00 1.000018e+00 1.195278e+00 1 0 1.792677e-05 -1.632367e-04 2.598551e-04 -6.256777e-05 4.230919e-04
-6.431461e+00 -3.216108e-02 1.000029e+00 9.998225e-01 9.999288e-01 9.999752e-01 1.195112e+00 1 0 2.139027e-04 -3.999492e-04 -6.546490e-04 -3.001844e-04 -2.546997e-04
-6.345346e+00 2.992696e-01 9.999854e-01 9.997360e-01 9.997466e-01 9.999036e-01 1.194968e+00 1 0 -2.676083e-05 -1.770573e-04 -1.280174e-03 -2.644932e-04 -1.103117e-03
-7.380423e+00 -1.601128e+00 9.999944e-01 9.999942e-01 9.999793e-01 9.999911e-01 1.195215e+00 1 0 -2.255258e-05 4.791839e-05 -5.259703e-05 5.095369e-05 -1.005154e-04
-7.344891e+00 -1.256552e+00 1.000026e+00 9.999868e-01 9.999780e-01 1.000034e+00 1.195203e+00 1 0 7.500673e-05 -5.722247e-05 -6.584630e-05 -7.777278e-05 -8.623829e-06
-7.235114e+00 -6.055272e-01 9.999943e-01 1.000005e+00 9.999374e-01 9.999924e-01 1.195195e+00 1 0 5.358546e-06 1.344109e-04 -2.109633e-04 9.246223e-05 -3.453742e-04
-7.086115e+00 4.120470e-02 9.999478e-01 1.000134e+00 1.000092e+00 9.999729e-01 1.195349e+00 1 0 -3.177035e-05 2.028608e-04 4.051244e-04 2.988349e-04 2.022636e-04
-7.000000e+00 3.804226e-01 9.999779e-01 1.000172e+00 1.000233e+00 1.000020e+00 1.195446e+00 1 0 1.197724e-04 -1.031485e-05 9.378424e-04 1.217002e-04 9.481572e-04
-8.035077e+00 -1.622394e+00 1.000005e+00 1.000002e+00 1.000021e+00 1.000008e+00 1.195241e+00 1 0 2.411758e-05 -6.761122e-06 7.880351e-05 -6.175804e-05 8.556463e-05
-7.999545e+00 -1.274196e+00 9.999706e-01 1.000013e+00 1.000026e+00 9.999617e-01 1.195257e+00 1 0 -8.965429e-05 3.941622e-05 6.216862e-05 9.074654e-05 2.275241e-05
-7.889768e+00 -6.119352e-01 1.000002e+00 9.999821e-01 1.000067e+00 1.000002e+00 1.195259e+00 1 0 1.949450e-05 -1.362451e-04 2.421105e-04 -1.155119e-04 3.783556e-04
-7.740769e+00 5.008561e-02 1.000052e+00 9.998748e-01 9.998877e-01 1.000023e+00 1.195104e+00 1 0 2.244449e-05 -1.348323e-04 -3.714763e-04 -3.524776e-04 -2.366441e-04
-7.654654e+00 3.981130e-01 1.000026e+00 9.998568e-01 9.997260e-01 9.999851e-01 1.195003e+00 1 0 -2.159652e-04 1.075914e-04 -1.015111e-03 -1.521220e-04 -1.122703e-03
-8.380423e+00 -1.659658e+00 1.000006e+00 9.999959e-01 9.999427e-01 1.000008e+00 1.195190e+00 1 0 -1.156645e-04 5.966327e-05 1.919988e-04 1.405540e-04 1.323355e-04
-8.344891e+00 -1.309705e+00 1.000039e+00 9.999868e-01 9.999361e-01 1.000048e+00 1.195177e+00 1 0 4.796496e-04 -1.065671e-04 2.758713e-04 -2.505671e-04 3.824384e-04
-8.235114e+00 -6.419145e-01 9.999960e-01 1.000033e+00 9.998527e-01 1.000001e+00 1.195157e+00 1 0 -5.592402e-04 3.297774e-04 4.884595e-04 9.323396e-05 1.586821e-04
-8.086115e+00 2.783504e-02 1.000007e+00 1.000250e+00 1.000284e+00 1.000124e+00 1.195478e+00 1 0 -2.355427e-03 8.940438e-04 -8.830689e-04 1.255397e-03 -1.777113e-03
-8.000000e+00 3.804226e-01 1.000042e+00 1.000326e+00 1.000675e+00 1.000167e+00 1.195751e+00 1 0 -1.835778e-03 5.096056e-04 -2.099003e-03 1.652896e-03 -2.608608e-03
VARIABLES = "X", "Y", "ro", "u", "v", "pre", "Ma", "PART", "IMEX", "Ux", "Uy", "Vx", "Vy", "Vort" 
ZONE I=5, J=5, DATAPACKING=POINT
-3.619577e+00 -8.305046e+00 9.999967e-01 1.000001e+00 9.999976e-01 9.999959e-01 1.195228e+00 1 0 -1.255329e-05 2.056645e-06 -3.649620e-05 1.597762e-05 -3.855284e-05
-3.601887e+00 -7.962557e+00 1.000001e+00 9.999997e-01 1.000001e+00 1.000002e+00 1.195229e+00 1 0 5.283195e-06 -2.907805e-06 2.035373e-05 1.292711e-06 2.326153e-05
-3.619577e+00 -7.305046e+00 9.999989e-01 1.000001e+00 9.999988e-01 9.999984e-01 1.195229e+00 1 0 -3.472064e-06 9.084105e-07 -2.513967e-05 -4.153916e-06 -2.604808e-05
-3.700730e+00 -6.636808e+00 1.000002e+00 9.999982e-01 1.000001e+00 1.000003e+00 1.195228e+00 1 0 -9.046794e-06 -1.021957e-06 3.168416e-05 1.053972e-05 3.270611e-05
-3.764886e+00 -6.280185e+00 9.999932e-01 1.000006e+00 1.000000e+00 9.999918e-01 1.195233e+00 1 0 9.223371e-05 1.303880e-04 -3.339183e-05 -3.206774e-05 -1.637798e-04
-3.964923e+00 -8.242189e+00 1.000003e+00 9.999994e-01 1.000001e+00 1.000002e+00 1.195229e+00 1 0 1.387032e-06 2.021140e-07 -1.295522e-07 -1.870445e-06 -3.316662e-07
-3.947233e+00 -7.900366e+00 9.999989e-01 1.000000e+00 9.999997e-01 9.999993e-01 1.195228e+00 1 0 -3.642408e-07 1.628717e-06 -4.309245e-07 -9.127588e-07 -2.059641e-06
-3.964923e+00 -7.242188e+00 1.000001e+00 9.999998e-01 1.000000e+00 1.000001e+00 1.195229e+00 1 0 7.162261e-07 -6.879397e-07 8.304260e-07 1.020967e-06 1.518366e-06
-4.046076e+00 -6.570994e+00 9.999987e-01 1.000001e+00 9.999997e-01 9.999990e-01 1.195229e+00 1 0 -9.297988e-07 -3.639537e-07 -1.797707e-06 -2.002261e-06 -1.433753e-06
-4.110232e+00 -6.212155e+00 1.000004e+00 9.999972e-01 1.000000e+00 1.000003e+00 1.195228e+00 1 0 -1.056415e-05 -4.804435e-05 7.571900e-06 1.601826e-05 5.561625e-05
-4.619577e+00 -8.094703e+00 9.999977e-01 1.000000e+00 9.999996e-01 9.999986e-01 1.195228e+00 1 0 -1.716546e-06 -2.565742e-07 -6.794322e-07 9.717359e-07 -4.228580e-07
-4.601887e+00 -7.753671e+00 1.000001e+00 9.999998e-01 1.000000e+00 1.000001e+00 1.195229e+00 1 0 4.268640e-07 -1.160892e-06 7.275402e-07 7.582146e-07 1.888432e-06
-4.619577e+00 -7.094703e+00 9.999991e-01 1.000000e+00 9.999998e-01 9.999994e-01 1.195228e+00 1 0 -5.958468e-07 4.538414e-07 -1.019340e-06 -7.577793e-07 -1.473181e-06
-4.700730e+00 -6.420118e+00 1.000001e+00 9.999995e-01 1.000000e+00 1.000001e+00 1.195229e+00 1 0 6.778325e-07 2.986841e-07 1.771186e-06 1.347305e-06 1.472502e-06
-4.764886e+00 -6.058876e+00 9.999968e-01 1.000002e+00 9.999996e-01 9.999981e-01 1.195229e+00 1 0 8.341150e-06 3.618509e-05 -6.771385e-06 -1.561016e-05 -4.295648e-05
-5.274231e+00 -7.931419e+00 1.000002e+00 9.999993e-01 1.000000e+00 1.000001e+00 1.195229e+00 1 0 2.527715e-06 8.362083e-07 1.028839e-06 -8.413374e-07 1.926312e-07
-5.256541e+00 -7.590457e+00 9.999991e-01 1.000000e+00 9.999998e-01 9.999995e-01 1.195228e+00 1 0 -5.700501e-07 1.494136e-06 -9.634439e-07 -6.967017e-07 -2.457580e-06
-5.274231e+00 -6.931419e+00 1.000001e+00 9.999997e-01 1.000000e+00 1.000000e+00 1.195229e+00 1 0 7.103150e-07 -7.193505e-07 1.292102e-06 6.978761e-07 2.011452e-06
-5.355384e+00 -6.256769e+00 9.999988e-01 1.000001e+00 9.999997e-01 9.999993e-01 1.195229e+00 1 0 -7.834081e-07 -2.305859e-08 -2.113137e-06 -1.293936e-06 -2.090079e-06
-5.419540e+00 -5.895775e+00 1.000003e+00 9.999976e-01 1.000000e+00 1.000002e+00 1.195228e+00 1 0 -1.022781e-05 -4.272338e-05 7.429176e-06 1.601406e-05 5.015256e-05
-5.619577e+00 -7.848187e+00 9.999953e-01 1.000001e+00 9.999991e-01 9.999981e-01 1.195227e+00 1 0 -1.862541e-05 1.422994e-07 3.778891e-06 1.402573e-06 3.636591e-06
-5.601887e+00 -7.506963e+00 1.000002e+00 9.999996e-01 1.000000e+00 1.000001e+00 1.195229e+00 1 0 6.626474e-06 -2.535650e-06 -8.643947e-08 1.529545e-06 2.449211e-06
-5.619577e+00 -6.848187e+00 9.999982e-01 1.000000e+00 9.999995e-01 9.999993e-01 1.195228e+00 1 0 -7.348254e-06 4.741553e-07 3.331842e-07 -1.257462e-06 -1.409710e-07
-5.700730e+00 -6.174868e+00 1.000003e+00 9.999987e-01 1.000001e+00 1.000001e+00 1.195229e+00 1 0 1.420519e-05 2.713481e-06 1.993710e-07 1.939548e-06 -2.514111e-06
-5.764886e+00 -5.815078e+00 9.999934e-01 1.000005e+00 9.999986e-01 9.999973e-01 1.195228e+00 1 0 -2.173555e-05 7.369784e-05 -9.506710e-06 -3.924907e-05 -8.320455e-05
VARIABLES = "X", "Y", "ro", "u", "v", "pre", "Ma", "PART", "IMEX", "Ux", "Uy", "Vx", "Vy", "Vort" 
ZONE I=5, J=5, DATAPACKING=POINT
-3.764886e+00 -6.280185e+00 9.999812e-01 1.000017e+00 9.999984e-01 9.999781e-01 1.195240e+00 1 0 1.542387e-04 -1.464032e-05 -1.209296e-04 -4.044089e-05 -1.062892e-04
-3.840068e+00 -5.921046e+00 1.000009e+00 9.999921e-01 1.000000e+00 1.000010e+00 1.195223e+00 1 0 -8.131806e-05 -4.462836e-05 4.424858e-05 1.816299e-05 8.887694e-05
-4.000000e+00 -5.235114e+00 9.999915e-01 1.000008e+00 9.999999e-01 9.999903e-01 1.195234e+00 1 0 8.515329e-05 3.849183e-05 -4.133705e-05 -1.774472e-05 -7.982887e-05
-4.159932e+00 -4.546810e+00 1.000012e+00 9.999871e-01 9.999994e-01 1.000013e+00 1.195220e+00 1 0 -1.447924e-04 -4.775781e-05 5.490249e-05 2.985499e-05 1.026603e-04
-4.235114e+00 -4.184922e+00 9.999621e-01 1.000039e+00 1.000012e+00 9.999617e-01 1.195259e+00 1 0 5.247837e-04 8.203737e-04 9.254271e-05 5.240680e-05 -7.278310e-04
-4.110232e+00 -6.212155e+00 1.000010e+00 9.999928e-01 1.000002e+00 1.000006e+00 1.195228e+00 1 0 9.320492e-06 3.128636e-05 1.509380e-05 8.307243e-06 -1.619255e-05
-4.185414e+00 -5.850560e+00 9.999953e-01 1.000003e+00 9.999993e-01 9.999971e-01 1.195229e+00 1 0 4.599871e-08 7.418591e-06 -7.568215e-06 -7.615901e-06 -1.498681e-05
-4.345346e+00 -5.159932e+00 1.000005e+00 9.999967e-01 1.000001e+00 1.000003e+00 1.195228e+00 1 0 1.062148e-08 -5.381590e-06 7.192790e-06 6.596648e-06 1.257438e-05
-4.505278e+00 -4.467691e+00 9.999943e-01 1.000005e+00 9.999990e-01 9.999970e-01 1.195230e+00 1 0 7.613579e-07 6.785630e-06 -1.196190e-05 -9.255707e-06 -1.874753e-05
-4.580460e+00 -4.104225e+00 1.000012e+00 9.999878e-01 1.000001e+00 1.000007e+00 1.195225e+00 1 0 -3.353496e-05 -2.270754e-04 4.121170e-05 8.458664e-05 2.682871e-04
-4.764886e+00 -6.058876e+00 9.999913e-01 1.000005e+00 9.999981e-01 9.999950e-01 1.195228e+00 1 0 -7.968933e-06 -2.403964e-05 -9.847933e-06 -3.036763e-06 1.419170e-05
-4.840068e+00 -5.694782e+00 1.000004e+00 9.999976e-01 1.000001e+00 1.000002e+00 1.195229e+00 1 0 6.971878e-08 -5.279102e-06 5.238211e-06 6.138917e-06 1.051731e-05
-5.000000e+00 -5.000000e+00 9.999963e-01 1.000002e+00 9.999992e-01 9.999979e-01 1.195229e+00 1 0 -1.054574e-07 3.772961e-06 -4.990820e-06 -5.171968e-06 -8.763781e-06
-5.159932e+00 -4.305218e+00 1.000005e+00 9.999959e-01 1.000001e+00 1.000002e+00 1.195228e+00 1 0 -5.025896e-07 -5.356072e-06 7.835760e-06 7.216617e-06 1.319183e-05
-5.235114e+00 -3.941124e+00 9.999905e-01 1.000008e+00 9.999979e-01 9.999941e-01 1.195230e+00 1 0 2.497170e-05 1.602938e-04 -2.728986e-05 -8.562464e-05 -1.875837e-04
-5.419540e+00 -5.895775e+00 1.000009e+00 9.999937e-01 1.000002e+00 1.000005e+00 1.195228e+00 1 0 1.081122e-05 2.746362e-05 1.026174e-05 3.049106e-06 -1.720188e-05
-5.494722e+00 -5.532309e+00 9.999962e-01 1.000003e+00 9.999992e-01 9.999979e-01 1.195229e+00 1 0 -4.454063e-07 6.338933e-06 -5.434739e-06 -6.331938e-06 -1.177367e-05
-5.654654e+00 -4.840068e+00 1.000004e+00 9.999972e-01 1.000001e+00 1.000002e+00 1.195228e+00 1 0 4.283269e-07 -4.668172e-06 5.137808e-06 5.272653e-06 9.805980e-06
-5.814586e+00 -4.149440e+00 9.999955e-01 1.000005e+00 9.999985e-01 9.999978e-01 1.195229e+00 1 0 -6.262569e-09 6.378168e-06 -7.885957e-06 -7.349051e-06 -1.426412e-05
-5.889768e+00 -3.787845e+00 1.000009e+00 9.999906e-01 1.000002e+00 1.000005e+00 1.195227e+00 1 0 -2.504144e-05 -1.830292e-04 2.517127e-05 9.118069e-05 2.082005e-04
-5.764886e+00 -5.815078e+00 9.999821e-01 1.000012e+00 9.999948e-01 9.999932e-01 1.195226e+00 1 0 -1.357170e-04 -8.615299e-05 1.091614e-05 7.644249e-07 9.706913e-05
-5.840068e+00 -5.453190e+00 1.000008e+00 9.999948e-01 1.000002e+00 1.000003e+00 1.195230e+00 1 0 5.020826e-05 1.628285e-06 -1.936759e-06 1.347055e-05 -3.565044e-06
-6.000000e+00 -4.764886e+00 9.999924e-01 1.000005e+00 9.999978e-01 9.999971e-01 1.195228e+00 1 0 -5.082821e-05 -4.456338e-06 2.438118e-06 -1.069914e-05 6.894457e-06
-6.159932e+00 -4.078954e+00 1.000009e+00 9.999913e-01 1.000004e+00 1.000002e+00 1.195230e+00 1 0 7.732426e-05 5.162235e-06 -8.616042e-06 1.307992e-05 -1.377828e-05
-6.235114e+00 -3.719815e+00 9.999829e-01 1.000015e+00 9.999936e-01 9.999940e-01 1.195227e+00 1 0 -1.284674e-04 2.564785e-04 -2.362169e-05 -2.409106e-04 -2.801002e-04
VARIABLES = "X", "Y", "ro", "u", "v", "pre", "Ma", "PART", "IMEX", "Ux", "Uy", "Vx", "Vy", "Vort" 
ZONE I=5, J=5, DATAPACKING=POINT
-4.235114e+00 -4.184922e+00 9.999135e-01 1.000104e+00 1.000008e+00 9.999156e-01 1.195294e+00 1 0 6.964804e-04 -2.982198e-04 -3.772683e-04 -2.746281e-04 -7.904852e-05
-4.299270e+00 -3.825132e+00 1.000037e+00 9.999571e-01 1.000001e+00 1.000032e+00 1.195206e+00 1 0 -2.462985e-04 -1.286674e-04 2.355496e-04 9.669073e-05 3.642170e-04
-4.380423e+00 -3.151813e+00 9.999471e-01 1.000062e+00 1.000021e+00 9.999476e-01 1.195278e+00 1 0 4.085472e-04 1.517969e-04 3.436314e-04 3.456398e-05 1.918345e-04
-4.398113e+00 -2.493037e+00 1.000039e+00 9.999514e-01 1.000051e+00 1.000026e+00 1.195237e+00 1 0 -3.641128e-04 -2.565456e-04 1.346732e-03 -2.732007e-05 1.603278e-03
-4.380423e+00 -2.151813e+00 1.000040e+00 1.000013e+00 9.999676e-01 1.000052e+00 1.195210e+00 1 0 3.714651e-04 1.664471e-03 -5.968164e-04 -1.347540e-03 -2.261288e-03
-4.580460e+00 -4.104225e+00 1.000029e+00 9.999699e-01 1.000011e+00 1.000014e+00 1.195226e+00 1 0 1.077608e-04 1.608506e-04 7.816990e-05 1.255398e-05 -8.268070e-05
-4.644616e+00 -3.743231e+00 9.999893e-01 1.000011e+00 9.999928e-01 9.999962e-01 1.195227e+00 1 0 -3.907919e-05 1.487741e-05 -4.480874e-05 -3.727638e-05 -5.968615e-05
-4.725769e+00 -3.068581e+00 1.000015e+00 9.999867e-01 9.999964e-01 1.000010e+00 1.195222e+00 1 0 5.678710e-05 -2.046975e-05 1.124485e-06 -6.511557e-07 2.159424e-05
-4.743459e+00 -2.409543e+00 9.999939e-01 1.000013e+00 9.999686e-01 1.000002e+00 1.195213e+00 1 0 -1.785571e-05 6.366119e-05 -1.058029e-04 -1.209026e-05 -1.694641e-04
-4.725769e+00 -2.068581e+00 9.999815e-01 1.000006e+00 1.000023e+00 9.999838e-01 1.195245e+00 1 0 6.008119e-06 -2.226030e-04 2.122231e-04 7.657140e-04 4.348261e-04
-5.235114e+00 -3.941124e+00 9.999769e-01 1.000021e+00 9.999886e-01 9.999875e-01 1.195228e+00 1 0 -6.185759e-05 -1.070341e-04 -3.907584e-05 7.069420e-06 6.795830e-05
-5.299270e+00 -3.579882e+00 1.000008e+00 9.999928e-01 1.000007e+00 1.000004e+00 1.195231e+00 1 0 2.254077e-05 -1.150257e-05 2.667492e-05 3.058743e-05 3.817749e-05
-5.380423e+00 -2.905297e+00 9.999874e-01 1.000008e+00 1.000002e+00 9.999902e-01 1.195233e+00 1 0 -3.053794e-05 1.316836e-05 7.432470e-06 -5.859421e-07 -5.735889e-06
-5.398113e+00 -2.246329e+00 1.000003e+00 9.999890e-01 1.000026e+00 9.999979e-01 1.195241e+00 1 0 6.336955e-06 -4.973834e-05 7.560070e-05 1.311916e-05 1.253390e-04
-5.380423e+00 -1.905297e+00 1.000009e+00 9.999888e-01 9.999817e-01 1.000005e+00 1.195213e+00 1 0 -3.443215e-06 1.172418e-04 -1.446648e-04 -6.206790e-04 -2.619066e-04
-5.889768e+00 -3.787845e+00 1.000023e+00 9.999763e-01 1.000012e+00 1.000011e+00 1.195229e+00 1 0 7.161388e-05 1.186652e-04 4.026748e-05 -7.964878e-06 -7.839774e-05
-5.953924e+00 -3.429006e+00 9.999922e-01 1.000008e+00 9.999929e-01 9.999974e-01 1.195226e+00 1 0 -2.810157e-05 1.507888e-05 -2.743876e-05 -3.290097e-05 -4.251764e-05
-6.035077e+00 -2.757812e+00 1.000013e+00 9.999910e-01 9.999976e-01 1.000009e+00 1.195224e+00 1 0 3.624547e-05 -1.577971e-05 -1.051645e-05 4.684473e-07 5.263259e-06
-6.052767e+00 -2.099634e+00 9.999983e-01 1.000013e+00 9.999725e-01 1.000005e+00 1.195216e+00 1 0 -1.643894e-05 5.530253e-05 -8.363135e-05 -1.180337e-05 -1.389339e-04
-6.035077e+00 -1.757812e+00 9.999901e-01 1.000010e+00 1.000022e+00 9.999934e-01 1.195246e+00 1 0 -1.174848e-05 -1.753770e-04 1.417286e-04 6.849879e-04 3.171056e-04
-6.235114e+00 -3.719815e+00 9.999622e-01 1.000035e+00 9.999665e-01 9.999961e-01 1.195209e+00 1 0 -5.285312e-04 -2.575815e-04 1.262044e-04 6.612603e-05 3.837859e-04
-6.299270e+00 -3.363192e+00 1.000011e+00 9.999908e-01 1.000018e+00 9.999963e-01 1.195243e+00 1 0 2.011963e-04 2.535774e-06 -5.480750e-05 6.904494e-05 -5.734328e-05
-6.380423e+00 -2.694954e+00 9.999794e-01 1.000008e+00 1.000004e+00 9.999902e-01 1.195229e+00 1 0 -2.223046e-04 3.272558e-06 -8.585131e-06 -1.376107e-05 -1.185769e-05
-6.398113e+00 -2.037443e+00 9.999955e-01 9.999834e-01 1.000065e+00 9.999777e-01 1.195268e+00 1 0 2.364883e-04 -7.663159e-05 -2.275493e-04 5.207530e-05 -1.509177e-04
-6.380423e+00 -1.694954e+00 1.000018e+00 9.999721e-01 9.999501e-01 1.000008e+00 1.195188e+00 1 0 1.252787e-04 -9.894649e-06 1.852580e-05 -1.696411e-03 2.842045e-05
VARIABLES = "X", "Y", "ro", "u", "v", "pre", "Ma", "PART", "IMEX", "Ux", "Uy", "Vx", "Vy", "Vort" 
ZONE I=5, J=5, DATAPACKING=POINT
-4.380423e+00 -2.151813e+00 1.000046e+00 1.000159e+00 9.998210e-01 1.000074e+00 1.195200e+00 1 0 2.846691e-04 -1.623020e-03 -2.869557e-03 9.068715e-04 -1.246537e-03
-4.344891e+00 -1.814691e+00 1.000160e+00 9.993987e-01 1.000102e+00 1.000190e+00 1.194912e+00 1 0 -4.822137e-03 -9.895909e-04 1.324217e-03 -5.329369e-05 2.313808e-03
-4.235114e+00 -1.184922e+00 1.000213e+00 9.999929e-01 9.993966e-01 1.000323e+00 1.194798e+00 1 0 8.801746e-04 3.394630e-03 -1.476457e-02 1.175151e-03 -1.815920e-02
-4.086115e+00 -5.626149e-01 9.996640e-01 1.002804e+00 9.990800e-01 1.000536e+00 1.195835e+00 1 0 3.329619e-02 -4.784464e-03 -9.896522e-03 4.312956e-03 -5.112058e-03
-4.000000e+00 -2.351141e-01 9.993875e-01 1.003552e+00 1.000194e+00 1.000357e+00 1.196889e+00 1 0 4.664113e-02 -1.292728e-02 1.980768e-02 -1.937571e-03 3.273496e-02
-4.725769e+00 -2.068581e+00 9.999763e-01 9.999941e-01 1.000091e+00 9.999720e-01 1.195282e+00 1 0 2.047230e-04 -1.566052e-04 1.386111e-04 -1.284017e-04 2.952163e-04
-4.690237e+00 -1.732015e+00 9.999643e-01 1.000111e+00 1.000010e+00 9.999634e-01 1.195301e+00 1 0 -3.542497e-04 5.479791e-04 1.639386e-04 3.689767e-06 -3.840405e-04
-4.580460e+00 -1.104225e+00 1.000022e+00 1.000037e+00 1.000275e+00 1.000029e+00 1.195411e+00 1 0 -1.867118e-04 -9.426968e-04 1.020920e-03 3.510858e-04 1.963617e-03
-4.431461e+00 -4.852157e-01 9.998858e-01 9.990925e-01 1.000182e+00 9.994597e-01 1.195050e+00 1 0 -6.378921e-05 -1.537396e-03 -1.117029e-03 -1.053187e-03 4.203668e-04
-4.345346e+00 -1.599320e-01 9.998063e-01 9.987780e-01 9.994212e-01 9.992822e-01 1.194466e+00 1 0 -4.913063e-04 -2.695158e-04 -3.678246e-03 -2.168997e-03 -3.408731e-03
-5.380423e+00 -1.905297e+00 1.000006e+00 9.999949e-01 9.999283e-01 1.000004e+00 1.195184e+00 1 0 -6.873775e-05 1.531000e-04 -1.034724e-04 1.174808e-04 -2.565724e-04
-5.344891e+00 -1.568650e+00 1.000054e+00 9.999151e-01 9.999684e-01 1.000066e+00 1.195152e+00 1 0 1.177787e-04 -3.905129e-04 -7.092328e-05 -1.139554e-04 3.195896e-04
-5.235114e+00 -9.411241e-01 9.999910e-01 9.999740e-01 9.997768e-01 9.999882e-01 1.195081e+00 1 0 2.018351e-04 7.225257e-04 -8.063188e-04 -7.015211e-05 -1.528845e-03
-5.086115e+00 -3.237134e-01 9.999539e-01 1.000710e+00 1.000002e+00 1.000200e+00 1.195507e+00 1 0 3.216865e-04 1.135082e-03 6.261759e-04 9.830153e-04 -5.089064e-04
-5.000000e+00 -2.143592e-08 1.000016e+00 1.000958e+00 1.000521e+00 1.000336e+00 1.195921e+00 1 0 7.027423e-04 1.786468e-04 2.280159e-03 1.166726e-03 2.101512e-03
-6.035077e+00 -1.757812e+00 9.999895e-01 9.999987e-01 1.000081e+00 9.999884e-01 1.195277e+00 1 0 9.634404e-05 -5.727196e-05 1.235279e-04 -1.789441e-04 1.807998e-04
-5.999545e+00 -1.419632e+00 9.999471e-01 1.000089e+00 1.000035e+00 9.999369e-01 1.195308e+00 1 0 -1.865947e-04 3.624200e-04 3.618064e-05 1.486152e-04 -3.262393e-04
-5.889768e+00 -7.878450e-01 1.000003e+00 1.000005e+00 1.000245e+00 1.000001e+00 1.195379e+00 1 0 -1.801739e-04 -7.159116e-04 9.296988e-04 2.998959e-05 1.645610e-03
-5.740769e+00 -1.658199e-01 1.000022e+00 9.993170e-01 9.999594e-01 9.997548e-01 1.194956e+00 1 0 -1.131772e-04 -1.055400e-03 -5.178732e-04 -1.180710e-03 5.375271e-04
-5.654654e+00 1.599319e-01 9.999660e-01 9.991049e-01 9.993765e-01 9.996291e-01 1.194522e+00 1 0 -6.655252e-04 -6.220857e-05 -2.534704e-03 -1.308009e-03 -2.472495e-03
-6.380423e+00 -1.694954e+00 1.000042e+00 9.999640e-01 9.998028e-01 1.000052e+00 1.195083e+00 1 0 -1.147173e-04 4.788000e-04 1.040767e-03 3.446208e-04 5.619666e-04
-6.344891e+00 -1.355460e+00 1.000054e+00 9.999115e-01 9.999114e-01 1.000050e+00 1.195125e+00 1 0 1.768371e-03 -7.299542e-04 5.105061e-04 -4.844613e-04 1.240460e-03
-6.235114e+00 -7.198151e-01 9.999898e-01 9.999532e-01 9.994121e-01 9.999912e-01 1.194848e+00 1 0 2.901209e-04 9.779466e-04 1.419824e-03 -6.919816e-04 4.418770e-04
-6.086115e+00 -9.307486e-02 1.000276e+00 1.001141e+00 1.000189e+00 1.000999e+00 1.195592e+00 1 0 -9.246400e-03 4.682017e-03 4.665809e-04 3.171587e-03 -4.215436e-03
-6.000000e+00 2.351141e-01 1.000394e+00 1.001738e+00 1.001635e+00 1.001264e+00 1.196724e+00 1 0 -1.065001e-02 4.489695e-03 -3.317452e-03 6.254260e-03 -7.807147e-03
VARIABLES = "X", "Y", "ro", "u", "v", "pre", "Ma", "PART", "IMEX", "Ux", "Uy", "Vx", "Vy", "Vort" 
ZONE I=5, J=5, DATAPACKING=POINT
-1.619577e+00 -8.340342e+00 1.000010e+00 9.999949e-01 1.000004e+00 1.000005e+00 1.195231e+00 1 0 -8.279150e-05 -1.009612e-05 -2.239855e-04 7.193021e-06 -2.138894e-04
-1.601887e+00 -7.992639e+00 9.999949e-01 1.000003e+00 9.999983e-01 9.999970e-01 1.195228e+00 1 0 3.397308e-05 2.115170e-05 1.188137e-04 -4.792821e-06 9.766200e-05
-1.619577e+00 -7.340342e+00 1.000004e+00 9.999988e-01 1.000002e+00 1.000002e+00 1.195230e+00 1 0 -2.867607e-05 -2.359795e-05 -1.231913e-04 -1.026631e-05 -9.959336e-05
-1.700730e+00 -6.695957e+00 9.999967e-01 9.999989e-01 9.999980e-01 1.000001e+00 1.195224e+00 1 0 3.190664e-05 2.475470e-05 1.559790e-04 4.512616e-05 1.312243e-04
-1.764886e+00 -6.358085e+00 9.999995e-01 9.999964e-01 1.000025e+00 9.999810e-01 1.195253e+00 1 0 -7.139834e-05 -2.294046e-04 -2.682777e-04 1.680067e-04 -3.887305e-05
-1.964923e+00 -8.377606e+00 1.000011e+00 9.999898e-01 1.000017e+00 1.000018e+00 1.195229e+00 1 0 1.866126e-05 2.406486e-05 3.005347e-05 -7.680845e-05 5.988612e-06
-1.947233e+00 -8.030770e+00 9.999956e-01 1.000005e+00 9.999918e-01 9.999928e-01 1.195228e+00 1 0 -9.200719e-06 1.926927e-05 -1.146923e-05 -1.783514e-05 -3.073850e-05
-1.964923e+00 -7.377606e+00 1.000004e+00 9.999949e-01 1.000008e+00 1.000007e+00 1.195229e+00 1 0 1.030700e-05 -1.524300e-05 1.246299e-05 1.921381e-05 2.770598e-05
-2.046076e+00 -6.729187e+00 9.999953e-01 1.000008e+00 9.999908e-01 9.999917e-01 1.195230e+00 1 0 -1.508318e-05 1.438182e-05 -1.623525e-05 -2.971442e-05 -3.061707e-05
-2.110232e+00 -6.388065e+00 1.000012e+00 9.999798e-01 1.000016e+00 1.000021e+00 1.195221e+00 1 0 4.675228e-05 -4.503992e-04 3.728026e-05 3.984644e-04 4.876795e-04
-2.619577e+00 -8.398872e+00 1.000001e+00 9.999901e-01 9.999984e-01 1.000001e+00 1.195221e+00 1 0 -2.137078e-05 3.447298e-05 5.238039e-06 1.957989e-05 -2.923495e-05
-2.601887e+00 -8.053835e+00 9.999993e-01 1.000004e+00 1.000001e+00 9.999990e-01 1.195232e+00 1 0 1.036606e-05 1.312270e-05 -1.429308e-06 -1.346188e-06 -1.455200e-05
-2.619577e+00 -7.398872e+00 1.000001e+00 9.999966e-01 9.999986e-01 1.000001e+00 1.195226e+00 1 0 -1.110744e-05 -1.233883e-05 3.567150e-07 3.149602e-07 1.269555e-05
-2.700730e+00 -6.742169e+00 9.999993e-01 1.000004e+00 1.000002e+00 9.999993e-01 1.195232e+00 1 0 1.592567e-05 1.695154e-05 1.258770e-06 1.551368e-06 -1.569277e-05
-2.764886e+00 -6.394473e+00 1.000001e+00 9.999930e-01 9.999969e-01 1.000002e+00 1.195222e+00 1 0 -3.855151e-05 -1.865465e-04 -1.190341e-05 -5.117120e-05 1.746431e-04
-3.274231e+00 -8.353597e+00 1.000004e+00 9.999999e-01 1.000003e+00 1.000006e+00 1.195230e+00 1 0 2.699453e-06 -1.382609e-06 1.698582e-06 -1.637500e-05 3.081191e-06
-3.256541e+00 -8.010307e+00 9.999984e-01 1.000000e+00 9.999984e-01 9.999980e-01 1.195228e+00 1 0 -2.296101e-06 1.403300e-06 -2.642508e-06 -3.499016e-06 -4.045808e-06
-3.274231e+00 -7.353597e+00 1.000001e+00 9.999997e-01 1.000002e+00 1.000002e+00 1.195229e+00 1 0 3.668929e-06 8.156025e-08 3.600782e-06 4.242891e-06 3.519222e-06
-3.355384e+00 -6.688952e+00 9.999980e-01 1.000001e+00 9.999979e-01 9.999972e-01 1.195229e+00 1 0 -7.006744e-06 -2.951439e-06 -6.104095e-06 -9.410224e-06 -3.152655e-06
-3.419540e+00 -6.335074e+00 1.000007e+00 9.999949e-01 1.000001e+00 1.000009e+00 1.195225e+00 1 0 3.527995e-07 -7.885466e-05 2.461805e-05 6.804118e-05 1.034727e-04
-3.619577e+00 -8.305046e+00 9.999930e-01 9.999970e-01 9.999942e-01 9.999935e-01 1.195223e+00 1 0 -1.026937e-05 1.670333e-05 4.046758e-05 2.870727e-05 2.376425e-05
-3.601887e+00 -7.962557e+00 1.000002e+00 1.000001e+00 1.000003e+00 1.000002e+00 1.195231e+00 1 0 8.867482e-06 9.263462e-07 -1.448886e-05 4.647465e-06 -1.541520e-05
-3.619577e+00 -7.305046e+00 9.999982e-01 9.999991e-01 9.999965e-01 9.999982e-01 1.195226e+00 1 0 -1.448674e-05 -4.191196e-06 1.567705e-05 -4.509528e-06 1.986824e-05
-3.700730e+00 -6.636808e+00 1.000003e+00 9.999995e-01 1.000004e+00 1.000003e+00 1.195231e+00 1 0 3.795629e-05 1.432487e-05 -1.329171e-05 1.068079e-05 -2.761658e-05
-3.764886e+00 -6.280185e+00 9.999895e-01 1.000006e+00 9.999965e-01 9.999908e-01 1.195230e+00 1 0 -1.027679e-04 5.242374e-05 -5.521610e-05 -1.394449e-04 -1.076398e-04
VARIABLES = "X", "Y", "ro", "u", "v", "pre", "Ma", "PART", "IMEX", "Ux", "Uy", "Vx", "Vy", "Vort" 
ZONE I=5, J=5, DATAPACKING=POINT
-1.764886e+00 -6.358085e+00 1.000037e+00 9.999673e-01 1.000036e+00 9.999995e-01 1.195253e+00 1 0 -2.788160e-04 -1.512320e-04 -5.564852e-04 -5.525566e-04 -4.052532e-04
-1.840068e+00 -6.020757e+00 9.999887e-01 1.000016e+00 9.999748e-01 1.000008e+00 1.195211e+00 1 0 1.201177e-04 1.448120e-04 2.192043e-04 8.379832e-05 7.439234e-05
-2.000000e+00 -5.380423e+00 1.000010e+00 9.999862e-01 1.000023e+00 9.999907e-01 1.195245e+00 1 0 -1.035575e-04 -1.166221e-04 -2.152806e-04 -8.512044e-05 -9.865851e-05
-2.159932e+00 -4.736250e+00 9.999852e-01 1.000024e+00 9.999732e-01 1.000012e+00 1.195211e+00 1 0 1.835668e-04 1.250622e-04 2.496362e-04 2.176152e-04 1.245741e-04
-2.235114e+00 -4.394473e+00 9.999345e-01 9.999177e-01 1.000215e+00 9.998336e-01 1.195368e+00 1 0 -5.376473e-04 -2.264885e-03 1.168165e-03 2.095362e-03 3.433049e-03
-2.110232e+00 -6.388065e+00 1.000040e+00 9.999369e-01 1.000046e+00 1.000065e+00 1.195203e+00 1 0 -1.324377e-06 1.476481e-04 1.211388e-04 -1.478713e-04 -2.650934e-05
-2.185414e+00 -6.046865e+00 9.999820e-01 1.000028e+00 9.999809e-01 9.999713e-01 1.195240e+00 1 0 -8.547559e-06 1.129218e-04 -5.573532e-05 -7.380246e-05 -1.686572e-04
-2.345346e+00 -5.398113e+00 1.000016e+00 9.999727e-01 1.000017e+00 1.000026e+00 1.195217e+00 1 0 8.309278e-06 -9.372949e-05 5.280469e-05 7.622829e-05 1.465342e-04
-2.505278e+00 -4.745344e+00 9.999810e-01 1.000037e+00 9.999834e-01 9.999692e-01 1.195248e+00 1 0 -2.627217e-07 1.009496e-04 -6.539738e-05 -1.332758e-04 -1.663470e-04
-2.580460e+00 -4.399489e+00 1.000074e+00 9.999011e-01 9.999855e-01 1.000101e+00 1.195145e+00 1 0 -6.437486e-05 -2.295786e-03 2.482302e-04 5.444799e-04 2.544016e-03
-2.764886e+00 -6.394473e+00 9.999992e-01 9.999783e-01 9.999947e-01 1.000001e+00 1.195211e+00 1 0 -8.641364e-05 6.910435e-05 -5.179261e-06 1.602809e-05 -7.428362e-05
-2.840068e+00 -6.045558e+00 1.000000e+00 1.000009e+00 1.000002e+00 9.999990e-01 1.195236e+00 1 0 4.002782e-05 3.236228e-05 6.135704e-06 1.152997e-05 -2.622657e-05
-3.000000e+00 -5.380423e+00 9.999994e-01 9.999916e-01 9.999978e-01 1.000001e+00 1.195222e+00 1 0 -3.842434e-05 -3.111850e-05 -6.532108e-06 -1.056099e-05 2.458639e-05
-3.159932e+00 -4.711449e+00 1.000001e+00 1.000009e+00 1.000003e+00 9.999996e-01 1.195237e+00 1 0 4.822176e-05 4.239085e-05 1.401575e-05 1.916529e-05 -2.837510e-05
-3.235114e+00 -4.358085e+00 9.999895e-01 9.999864e-01 9.999996e-01 9.999986e-01 1.195215e+00 1 0 -1.528902e-04 -3.737577e-04 -7.965109e-05 -1.542210e-04 2.941066e-04
-3.419540e+00 -6.335074e+00 1.000017e+00 9.999873e-01 1.000006e+00 1.000020e+00 1.195223e+00 1 0 2.855559e-05 4.688153e-05 2.695503e-05 9.490867e-06 -1.992650e-05
-3.494722e+00 -5.979039e+00 9.999916e-01 1.000006e+00 9.999984e-01 9.999903e-01 1.195232e+00 1 0 -7.357048e-06 1.707987e-05 -1.612118e-05 -1.856218e-05 -3.320105e-05
-3.654654e+00 -5.299270e+00 1.000008e+00 9.999939e-01 1.000001e+00 1.000009e+00 1.195225e+00 1 0 8.128722e-06 -1.218538e-05 1.602617e-05 1.854984e-05 2.821155e-05
-3.814586e+00 -4.616481e+00 9.999898e-01 1.000010e+00 9.999992e-01 9.999890e-01 1.195234e+00 1 0 -1.296269e-05 9.276123e-06 -2.543367e-05 -3.822697e-05 -3.470979e-05
-3.889768e+00 -4.256946e+00 1.000035e+00 9.999721e-01 9.999819e-01 1.000036e+00 1.195201e+00 1 0 -4.513565e-05 -5.253520e-04 3.098280e-05 -2.784338e-05 5.563348e-04
-3.764886e+00 -6.280185e+00 9.999723e-01 1.000015e+00 9.999861e-01 9.999777e-01 1.195226e+00 1 0 -3.039917e-04 -1.258057e-04 8.984268e-06 -4.007606e-06 1.347900e-04
-3.840068e+00 -5.921046e+00 1.000013e+00 9.999931e-01 1.000005e+00 1.000010e+00 1.195229e+00 1 0 1.302249e-04 1.225044e-05 2.199862e-05 4.179184e-05 9.748178e-06
-4.000000e+00 -5.235114e+00 9.999874e-01 1.000008e+00 9.999957e-01 9.999901e-01 1.195229e+00 1 0 -1.345230e-04 -1.940035e-05 -2.356090e-05 -4.008071e-05 -4.160557e-06
-4.159932e+00 -4.546810e+00 1.000016e+00 9.999861e-01 1.000005e+00 1.000010e+00 1.195227e+00 1 0 2.136643e-04 3.943453e-05 5.217214e-05 7.425725e-05 1.273760e-05
-4.235114e+00 -4.184922e+00 9.999493e-01 1.000038e+00 1.000019e+00 9.999662e-01 1.195252e+00 1 0 -4.871122e-04 5.339833e-04 -3.644895e-04 -2.911925e-04 -8.984728e-04
VARIABLES = "X", "Y", "ro", "u", "v", "pre", "Ma", "PART", "IMEX", "Ux", "Uy", "Vx", "Vy", "Vort" 
ZONE I=5, J=5, DATAPACKING=POINT
-2.235114e+00 -4.394473e+00 1.000100e+00 9.996889e-01 1.000281e+00 9.999420e-01 1.195305e+00 1 0 -1.252838e-03 7.181832e-04 7.064393e-04 -2.621858e-03 -1.174389e-05
-2.299270e+00 -4.051477e+00 9.999886e-01 1.000172e+00 9.998192e-01 1.000064e+00 1.195178e+00 1 0 8.849698e-04 6.608092e-04 -7.032999e-04 -8.177901e-05 -1.364109e-03
-2.380423e+00 -3.398872e+00 9.999709e-01 9.999685e-01 1.000193e+00 9.998846e-01 1.195377e+00 1 0 6.593573e-04 1.584276e-05 2.016625e-03 1.620073e-04 2.000782e-03
-2.398113e+00 -2.744527e+00 9.998893e-01 1.000727e+00 9.996323e-01 9.999295e-01 1.195419e+00 1 0 2.592159e-03 1.036876e-03 1.386614e-03 -5.194669e-04 3.497379e-04
-2.380423e+00 -2.398872e+00 9.995169e-01 1.000095e+00 1.000299e+00 9.992646e-01 1.195615e+00 1 0 -1.427160e-03 -1.193110e-02 1.410133e-02 7.139046e-03 2.603243e-02
-2.580460e+00 -4.399489e+00 1.000164e+00 9.996854e-01 1.000036e+00 1.000222e+00 1.195028e+00 1 0 -2.552661e-04 8.429010e-04 4.344049e-04 2.974148e-04 -4.084962e-04
-2.644616e+00 -4.053004e+00 9.999190e-01 1.000136e+00 9.999865e-01 9.998986e-01 1.195314e+00 1 0 1.311273e-04 4.870941e-04 -2.665741e-04 -2.096433e-04 -7.536682e-04
-2.725769e+00 -3.395982e+00 1.000095e+00 9.998437e-01 9.999601e-01 1.000115e+00 1.195100e+00 1 0 -6.360194e-05 -4.045892e-04 1.008981e-04 6.783098e-05 5.054873e-04
-2.743459e+00 -2.740675e+00 9.998794e-01 1.000296e+00 9.998404e-01 9.998681e-01 1.195317e+00 1 0 8.361133e-04 9.572625e-04 -8.774014e-04 -7.039014e-04 -1.834664e-03
-2.725769e+00 -2.395982e+00 1.000240e+00 9.999381e-01 9.993900e-01 1.000300e+00 1.194791e+00 1 0 3.871838e-05 -8.932495e-03 -2.649604e-04 -2.093156e-03 8.667535e-03
-3.235114e+00 -4.358085e+00 9.999808e-01 9.999615e-01 9.999833e-01 1.000008e+00 1.195179e+00 1 0 -2.849003e-04 1.839552e-04 -1.003219e-04 -4.949859e-06 -2.842771e-04
-3.299270e+00 -4.005265e+00 1.000005e+00 1.000023e+00 1.000013e+00 9.999870e-01 1.195260e+00 1 0 1.510333e-04 5.239726e-05 7.002350e-05 5.569761e-05 1.762624e-05
-3.380423e+00 -3.340342e+00 9.999794e-01 9.999972e-01 1.000018e+00 9.999941e-01 1.195229e+00 1 0 -1.465688e-04 -1.607965e-05 8.210222e-06 4.583178e-05 2.428987e-05
-3.398113e+00 -2.683331e+00 1.000018e+00 1.000031e+00 1.000061e+00 9.999902e-01 1.195300e+00 1 0 1.314334e-04 -3.354776e-06 2.160041e-04 -1.295136e-04 2.193589e-04
-3.380423e+00 -2.340342e+00 1.000093e+00 9.999579e-01 9.998488e-01 1.000152e+00 1.195078e+00 1 0 -3.363942e-04 -5.582134e-04 -4.175778e-04 -1.989445e-03 1.406355e-04
-3.889768e+00 -4.256946e+00 1.000071e+00 9.999250e-01 9.999871e-01 1.000066e+00 1.195180e+00 1 0 1.883902e-04 3.210389e-04 1.615449e-04 3.249414e-04 -1.594941e-04
-3.953924e+00 -3.899037e+00 9.999694e-01 1.000029e+00 1.000004e+00 9.999755e-01 1.195244e+00 1 0 -5.873974e-05 6.383170e-05 -6.784285e-05 -8.917671e-05 -1.316746e-04
-4.035077e+00 -3.227926e+00 1.000046e+00 9.999546e-01 9.999635e-01 1.000042e+00 1.195182e+00 1 0 5.599712e-05 -8.589722e-05 -2.303550e-05 -8.852934e-06 6.286172e-05
-4.052767e+00 -2.569604e+00 9.999650e-01 1.000041e+00 9.999488e-01 9.999821e-01 1.195213e+00 1 0 1.101079e-05 1.988839e-04 -2.815132e-04 -4.731491e-05 -4.803971e-04
-4.035077e+00 -2.227926e+00 1.000016e+00 9.999828e-01 9.999481e-01 1.000016e+00 1.195188e+00 1 0 -1.231250e-04 -1.493461e-03 -3.709067e-04 6.743562e-04 1.122554e-03
-4.235114e+00 -4.184922e+00 9.999109e-01 1.000094e+00 9.999795e-01 9.999700e-01 1.195237e+00 1 0 -1.718322e-03 -6.552938e-04 -4.095743e-04 -4.420505e-04 2.457195e-04
-4.299270e+00 -3.825132e+00 1.000031e+00 9.999739e-01 1.000018e+00 9.999970e-01 1.195244e+00 1 0 6.527000e-04 7.284916e-06 1.408254e-04 2.170454e-04 1.335405e-04
-4.380423e+00 -3.151813e+00 9.999443e-01 1.000052e+00 1.000051e+00 9.999757e-01 1.195272e+00 1 0 -8.752352e-04 4.915029e-05 -3.983232e-04 -2.795506e-05 -4.474735e-04
-4.398113e+00 -2.493037e+00 1.000025e+00 9.999658e-01 1.000162e+00 9.999681e-01 1.195339e+00 1 0 6.403810e-04 -2.434672e-04 -2.884448e-04 1.499840e-04 -4.497764e-05
-4.380423e+00 -2.151813e+00 1.000032e+00 1.000011e+00 1.000003e+00 1.000030e+00 1.195239e+00 1 0 -2.951133e-04 1.524852e-03 2.123515e-04 -3.285429e-03 -1.312500e-03
VARIABLES = "X", "Y", "ro", "u", "v", "pre", "Ma", "PART", "IMEX", "Ux", "Uy", "Vx", "Vy", "Vort" 
ZONE I=5, J=5, DATAPACKING=POINT
-2.380423e+00 -2.398872e+00 9.997637e-01 9.989983e-01 1.000811e+00 9.994156e-01 1.195323e+00 1 0 -9.314156e-04 1.186810e-02 1.602166e-02 -9.288732e-03 4.153561e-03
-2.344891e+00 -2.052756e+00 1.000011e+00 1.001976e+00 9.979163e-01 1.000070e+00 1.195132e+00 1 0 -7.162796e-03 4.032395e-03 8.017921e-03 -9.267198e-03 3.985526e-03
-2.235114e+00 -1.394473e+00 1.002064e+00 1.007299e+00 9.856140e-01 1.002792e+00 1.190631e+00 1 0 2.505745e-02 1.583182e-02 -5.037441e-02 -2.709349e-02 -6.620623e-02
-2.086115e+00 -7.318967e-01 9.991199e-01 1.030596e+00 9.397773e-01 1.001040e+00 1.177642e+00 1 0 1.487723e-01 5.344098e-03 -2.040097e-01 -5.802137e-02 -2.093538e-01
-2.000000e+00 -3.804226e-01 9.969764e-01 1.041669e+00 8.932172e-01 1.000305e+00 1.157783e+00 1 0 2.223607e-01 -5.765803e-02 -3.066085e-01 -7.269925e-02 -2.489505e-01
-2.725769e+00 -2.395982e+00 1.000487e+00 9.990473e-01 9.993691e-01 1.000612e+00 1.194208e+00 1 0 -6.314218e-04 8.752534e-03 8.772955e-04 -1.719397e-03 -7.875239e-03
-2.690237e+00 -2.051800e+00 9.999402e-01 1.001992e+00 9.987213e-01 1.000002e+00 1.195619e+00 1 0 3.861183e-03 3.797268e-03 -3.812537e-03 -1.874339e-03 -7.609805e-03
-2.580460e+00 -1.399489e+00 9.999867e-01 1.002514e+00 9.949491e-01 9.998418e-01 1.193808e+00 1 0 7.634887e-03 -4.713141e-04 -1.316634e-02 -9.359752e-03 -1.269503e-02
-2.431461e+00 -7.449752e-01 1.000801e+00 1.006128e+00 9.780648e-01 9.996559e-01 1.186580e+00 1 0 2.464588e-02 2.701743e-03 -6.263885e-02 -2.917725e-02 -6.534060e-02
-2.345346e+00 -3.981130e-01 1.000779e+00 1.008203e+00 9.574982e-01 9.996113e-01 1.175808e+00 1 0 3.297598e-02 -1.656320e-02 -1.175463e-01 -4.230218e-02 -1.009831e-01
-3.380423e+00 -2.340342e+00 1.000101e+00 9.999468e-01 9.997157e-01 1.000200e+00 1.194968e+00 1 0 -8.471918e-04 -1.208855e-04 -4.192967e-04 2.570348e-03 -2.984111e-04
-3.344891e+00 -1.999603e+00 9.999429e-01 9.996541e-01 1.000088e+00 9.998525e-01 1.195128e+00 1 0 7.247180e-04 -9.915216e-04 -3.508668e-06 -7.122740e-04 9.880129e-04
-3.235114e+00 -1.358085e+00 1.000185e+00 1.000546e+00 9.984607e-01 1.000361e+00 1.194530e+00 1 0 1.531119e-03 3.996378e-03 -4.226406e-03 -2.673366e-03 -8.222783e-03
-3.086115e+00 -7.185270e-01 9.998525e-01 1.004353e+00 9.958908e-01 1.000985e+00 1.194708e+00 1 0 4.622047e-03 4.521107e-03 -1.147088e-02 -2.352643e-03 -1.599199e-02
-3.000000e+00 -3.804226e-01 9.998267e-01 1.005434e+00 9.934339e-01 1.000994e+00 1.193877e+00 1 0 6.991593e-03 -2.471961e-03 -1.829360e-02 -6.147686e-03 -1.582164e-02
-4.035077e+00 -2.227926e+00 1.000005e+00 9.998456e-01 1.000053e+00 9.999795e-01 1.195183e+00 1 0 6.853570e-04 1.255594e-03 -2.641385e-04 -9.650914e-04 -1.519733e-03
-3.999545e+00 -1.889861e+00 9.999747e-01 1.000509e+00 9.998964e-01 1.000015e+00 1.195447e+00 1 0 -3.136357e-04 1.454916e-03 -5.420671e-04 5.218523e-04 -1.996983e-03
-3.889768e+00 -1.256946e+00 9.998055e-01 9.999303e-01 1.000590e+00 9.996678e-01 1.195622e+00 1 0 -2.198788e-04 -3.228753e-03 1.244339e-03 6.714320e-04 4.473092e-03
-3.740769e+00 -6.298244e-01 1.000176e+00 9.972717e-01 1.000063e+00 9.990239e-01 1.194325e+00 1 0 1.891635e-03 -4.558888e-03 5.668362e-05 -3.161294e-03 4.615572e-03
-3.654654e+00 -2.992696e-01 1.000334e+00 9.962928e-01 9.985118e-01 9.990368e-01 1.192898e+00 1 0 2.996973e-04 -2.797662e-03 -5.356801e-03 -4.187232e-03 -2.559140e-03
-4.380423e+00 -2.151813e+00 1.000166e+00 1.000155e+00 9.996523e-01 1.000245e+00 1.195066e+00 1 0 -3.339984e-03 -1.000537e-03 2.972920e-03 2.510800e-03 3.973457e-03
-4.344891e+00 -1.814691e+00 9.997407e-01 9.993229e-01 1.000285e+00 9.995430e-01 1.195113e+00 1 0 8.015986e-03 -3.149040e-03 -3.095959e-04 -7.009705e-04 2.839444e-03
-4.235114e+00 -1.184922e+00 1.000394e+00 1.000070e+00 9.980493e-01 1.000623e+00 1.193969e+00 1 0 1.896713e-04 4.856369e-03 6.904313e-03 -5.519956e-03 2.047944e-03
-4.086115e+00 -5.626149e-01 1.001674e+00 1.004459e+00 9.981940e-01 1.005144e+00 1.194753e+00 1 0 -4.051225e-02 1.819614e-02 6.008642e-03 5.078050e-03 -1.218749e-02
-4.000000e+00 -2.351141e-01 1.001637e+00 1.006402e+00 1.001908e+00 1.005770e+00 1.197730e+00 1 0 -4.994545e-02 1.978483e-02 -6.884590e-03 1.602802e-02 -2.666942e-02
VARIABLES = "X", "Y", "ro", "u", "v", "pre", "Ma", "PART", "IMEX", "Ux", "Uy", "Vx", "Vy", "Vort" 
ZONE I=5, J=5, DATAPACKING=POINT
3.804226e-01 -7.905297e+00 9.999673e-01 9.999531e-01 1.000086e+00 1.000047e+00 1.195205e+00 1 0 -4.373063e-04 5.007270e-04 1.495018e-04 -5.782715e-04 -3.512251e-04
3.981130e-01 -7.555637e+00 9.999677e-01 1.000045e+00 9.999119e-01 9.999161e-01 1.195233e+00 1 0 2.847101e-04 -3.822864e-05 -9.349239e-05 -7.091869e-05 -5.526374e-05
3.804226e-01 -6.905297e+00 1.000029e+00 9.999580e-01 1.000077e+00 1.000078e+00 1.195220e+00 1 0 -2.677304e-04 -4.916626e-05 3.092378e-05 1.355510e-04 8.009003e-05
2.992696e-01 -6.270574e+00 9.999731e-01 1.000047e+00 9.999026e-01 9.999088e-01 1.195237e+00 1 0 4.122658e-04 2.034124e-04 -1.086068e-05 -1.283602e-04 -2.142731e-04
2.351141e-01 -5.941124e+00 9.999851e-01 9.999870e-01 1.000282e+00 1.000130e+00 1.195303e+00 1 0 -6.925339e-04 -8.504886e-04 -1.057556e-03 5.014131e-03 -2.070676e-04
3.507662e-02 -7.991185e+00 9.999662e-01 1.000011e+00 1.000015e+00 1.000015e+00 1.195215e+00 1 0 -1.909514e-04 5.633887e-05 1.386375e-04 1.548238e-04 8.229864e-05
5.276701e-02 -7.641395e+00 9.999906e-01 9.999925e-01 9.999757e-01 9.999618e-01 1.195227e+00 1 0 1.328334e-04 -7.965606e-05 -1.264455e-04 -7.787540e-05 -4.678942e-05
3.507660e-02 -6.991185e+00 1.000012e+00 1.000007e+00 1.000023e+00 1.000041e+00 1.195229e+00 1 0 -1.134422e-04 4.043300e-05 9.950989e-05 1.065848e-04 5.907689e-05
-4.607639e-02 -6.356925e+00 9.999898e-01 9.999810e-01 9.999698e-01 9.999532e-01 1.195221e+00 1 0 1.140987e-04 3.864879e-05 -1.231596e-04 -1.452085e-04 -1.618084e-04
-1.102319e-01 -6.027682e+00 1.000008e+00 1.000130e+00 1.000071e+00 1.000099e+00 1.195295e+00 1 0 -7.598188e-04 2.240947e-03 -1.521627e-04 2.235917e-03 -2.393110e-03
-6.195774e-01 -8.151813e+00 1.000001e+00 1.000094e+00 9.999996e-01 9.999901e-01 1.195291e+00 1 0 5.014247e-05 -3.269608e-04 -1.186561e-04 5.208316e-05 2.083047e-04
-6.018870e-01 -7.802345e+00 1.000000e+00 9.999562e-01 1.000001e+00 1.000008e+00 1.195199e+00 1 0 2.464491e-05 -1.394381e-04 4.871808e-05 1.449971e-06 1.881562e-04
-6.195774e-01 -7.151813e+00 1.000002e+00 1.000041e+00 1.000003e+00 9.999963e-01 1.195258e+00 1 0 -2.190326e-05 1.205768e-04 -4.470502e-05 -1.268651e-05 -1.652818e-04
-7.007304e-01 -6.515824e+00 9.999947e-01 9.999444e-01 9.999940e-01 1.000003e+00 1.195187e+00 1 0 1.801728e-05 -1.437467e-04 5.171379e-05 4.284539e-05 1.954605e-04
-7.648859e-01 -6.184922e+00 1.000001e+00 1.000126e+00 1.000046e+00 9.999629e-01 1.195354e+00 1 0 -4.805376e-04 2.951126e-03 -2.976419e-04 4.285524e-04 -3.248768e-03
-1.274231e+00 -8.287116e+00 1.000023e+00 1.000021e+00 1.000047e+00 1.000029e+00 1.195266e+00 1 0 2.087919e-04 -9.681855e-05 1.185091e-04 -3.272025e-04 2.153277e-04
-1.256541e+00 -7.938657e+00 9.999942e-01 9.999938e-01 9.999755e-01 9.999935e-01 1.195211e+00 1 0 -7.967149e-05 -1.893809e-05 -2.532000e-05 -1.766990e-05 -6.381911e-06
-1.274231e+00 -7.287116e+00 1.000006e+00 1.000004e+00 1.000024e+00 1.000007e+00 1.195245e+00 1 0 7.563683e-05 2.315644e-05 3.151034e-05 2.033537e-05 8.353893e-06
-1.355384e+00 -6.646284e+00 9.999906e-01 9.999975e-01 9.999710e-01 9.999886e-01 1.195211e+00 1 0 -1.035157e-04 -4.549521e-05 -5.182987e-05 -6.743864e-06 -6.334653e-06
-1.419540e+00 -6.311312e+00 9.999962e-01 9.999956e-01 1.000101e+00 9.999904e-01 1.195290e+00 1 0 1.961369e-04 4.186180e-05 -3.700410e-05 1.338823e-03 -7.886590e-05
-1.619577e+00 -8.340342e+00 1.000013e+00 9.999798e-01 9.999863e-01 1.000003e+00 1.195214e+00 1 0 -1.084639e-04 4.085400e-05 1.876268e-04 1.051634e-04 1.467728e-04
-1.601887e+00 -7.992639e+00 9.999907e-01 1.000010e+00 1.000008e+00 9.999942e-01 1.195237e+00 1 0 5.097749e-05 3.828804e-05 -1.153777e-04 3.453357e-06 -1.536658e-04
-1.619577e+00 -7.340342e+00 1.000010e+00 9.999909e-01 9.999908e-01 1.000007e+00 1.195219e+00 1 0 -6.850049e-05 -3.894806e-05 1.041193e-04 2.537406e-06 1.430674e-04
-1.700730e+00 -6.695957e+00 9.999849e-01 1.000012e+00 1.000013e+00 9.999893e-01 1.195241e+00 1 0 1.386908e-04 5.643726e-05 -1.091904e-04 3.139338e-06 -1.656277e-04
-1.764886e+00 -6.358085e+00 1.000035e+00 9.999632e-01 9.999852e-01 1.000016e+00 1.195209e+00 1 0 -1.322376e-04 -8.583978e-04 2.873553e-04 -2.888670e-04 1.145753e-03
VARIABLES = "X", "Y", "ro", "u", "v", "pre", "Ma", "PART", "IMEX", "Ux", "Uy", "Vx", "Vy", "Vort" 
ZONE I=5, J=5, DATAPACKING=POINT
2.351141e-01 -5.941124e+00 1.000066e+00 9.999831e-01 1.000673e+00 1.000516e+00 1.195352e+00 1 0 -2.828286e-03 5.730710e-04 7.459246e-04 -2.439167e-03 1.728536e-04
1.599319e-01 -5.614526e+00 9.999895e-01 9.999677e-01 9.996923e-01 9.998001e-01 1.195139e+00 1 0 1.094655e-03 -2.472535e-04 1.309059e-04 -1.028577e-03 3.781594e-04
-2.143592e-08 -5.000000e+00 1.000015e+00 1.000030e+00 1.000292e+00 1.000201e+00 1.195310e+00 1 0 -1.037749e-03 1.137952e-04 -1.077337e-04 9.027767e-04 -2.215289e-04
-1.599320e-01 -4.385474e+00 1.000026e+00 9.999637e-01 9.996159e-01 9.997869e-01 1.195121e+00 1 0 1.401780e-03 7.325128e-04 2.019789e-04 -1.106637e-03 -5.305339e-04
-2.351141e-01 -4.058876e+00 9.998456e-01 1.001044e+00 1.000811e+00 1.000298e+00 1.196067e+00 1 0 -5.140110e-03 1.537205e-02 -4.147363e-03 2.017965e-02 -1.951941e-02
-1.102319e-01 -6.027682e+00 9.999633e-01 1.000367e+00 1.000301e+00 1.000195e+00 1.195489e+00 1 0 -2.934662e-04 -8.312764e-04 1.014497e-03 -4.628864e-05 1.845773e-03
-1.854141e-01 -5.701148e+00 1.000006e+00 9.998209e-01 9.998793e-01 9.999013e-01 1.195112e+00 1 0 3.475468e-04 -7.163521e-04 -2.528557e-04 -7.508730e-04 4.634963e-04
-3.453460e-01 -5.086115e+00 9.999988e-01 1.000173e+00 1.000110e+00 1.000102e+00 1.195336e+00 1 0 -2.993661e-04 5.426098e-04 2.628175e-04 6.225567e-04 -2.797923e-04
-5.052780e-01 -4.470214e+00 1.000037e+00 9.997353e-01 9.998490e-01 9.999093e-01 1.195056e+00 1 0 2.896716e-04 -3.176223e-04 -3.823433e-04 -7.002080e-04 -6.472095e-05
-5.804601e-01 -4.142673e+00 9.998733e-01 1.000993e+00 1.000381e+00 1.000087e+00 1.195922e+00 1 0 -3.705984e-03 1.910505e-02 -2.093678e-03 1.043880e-02 -2.119873e-02
-7.648859e-01 -6.184922e+00 1.000066e+00 1.000384e+00 1.000076e+00 9.999786e-01 1.195556e+00 1 0 6.661899e-04 -1.329042e-03 -2.059808e-05 -8.967430e-04 1.308444e-03
-8.400681e-01 -5.856118e+00 9.999790e-01 9.998414e-01 9.999512e-01 1.000023e+00 1.195078e+00 1 0 -8.296846e-05 -5.128899e-04 1.123740e-04 1.231525e-04 6.252639e-04
-1.000000e+00 -5.235114e+00 1.000021e+00 1.000150e+00 1.000049e+00 9.999791e-01 1.195373e+00 1 0 9.279838e-05 4.543938e-04 -1.186491e-04 -1.412875e-04 -5.730430e-04
-1.159932e+00 -4.611738e+00 9.999564e-01 9.998139e-01 9.999404e-01 1.000013e+00 1.195048e+00 1 0 -1.718923e-04 -6.653463e-04 9.902508e-05 4.458657e-04 7.643713e-04
-1.235114e+00 -4.280185e+00 9.998782e-01 1.000291e+00 1.000503e+00 9.996140e-01 1.195861e+00 1 0 -4.231312e-04 7.997590e-03 -8.467711e-04 3.874323e-03 -8.844362e-03
-1.419540e+00 -6.311312e+00 1.000092e+00 9.999883e-01 1.000172e+00 1.000117e+00 1.195310e+00 1 0 6.296580e-04 1.412100e-05 4.846241e-04 -1.310367e-03 4.705031e-04
-1.494722e+00 -5.977479e+00 9.999763e-01 1.000008e+00 9.999047e-01 9.999718e-01 1.195179e+00 1 0 -2.573703e-04 3.061124e-05 -1.404326e-04 -6.489544e-05 -1.710439e-04
-1.654654e+00 -5.344891e+00 1.000019e+00 9.999897e-01 1.000094e+00 1.000023e+00 1.195277e+00 1 0 2.407151e-04 -6.685279e-06 1.421191e-04 8.858760e-05 1.488044e-04
-1.814586e+00 -4.708822e+00 9.999757e-01 1.000026e+00 9.998838e-01 9.999714e-01 1.195177e+00 1 0 -2.819501e-04 -3.853686e-05 -1.786723e-04 -1.007593e-04 -1.401354e-04
-1.889768e+00 -4.370956e+00 9.999838e-01 9.998849e-01 1.000300e+00 9.999713e-01 1.195347e+00 1 0 6.126847e-04 -2.360700e-03 1.937837e-04 4.263097e-03 2.554484e-03
-1.764886e+00 -6.358085e+00 1.000096e+00 9.998874e-01 9.999642e-01 1.000043e+00 1.195172e+00 1 0 -7.634187e-04 1.435493e-04 5.367805e-04 1.537638e-04 3.932312e-04
-1.840068e+00 -6.020757e+00 9.999597e-01 1.000051e+00 1.000008e+00 9.999848e-01 1.195249e+00 1 0 2.560201e-04 2.460773e-04 -2.659737e-04 3.027314e-05 -5.120510e-04
-2.000000e+00 -5.380423e+00 1.000040e+00 9.999521e-01 9.999904e-01 1.000016e+00 1.195209e+00 1 0 -2.643228e-04 -2.032460e-04 2.579972e-04 -4.372175e-05 4.612432e-04
-2.159932e+00 -4.736250e+00 9.999357e-01 1.000075e+00 1.000015e+00 9.999672e-01 1.195263e+00 1 0 3.276353e-04 1.949858e-04 -3.408040e-04 2.468157e-04 -5.357898e-04
-2.235114e+00 -4.394473e+00 1.000011e+00 9.997754e-01 1.000218e+00 9.998903e-01 1.195297e+00 1 0 -1.784553e-04 -4.407637e-03 -5.018700e-04 7.015930e-04 3.905767e-03
VARIABLES = "X", "Y", "ro", "u", "v", "pre", "Ma", "PART", "IMEX", "Ux", "Uy", "Vx", "Vy", "Vort" 
ZONE I=5, J=5, DATAPACKING=POINT
-2.351141e-01 -4.058876e+00 9.995727e-01 1.002660e+00 1.002616e+00 1.000803e+00 1.197645e+00 1 0 -1.821552e-03 -9.590474e-03 1.079710e-03 -4.158582e-04 1.067018e-02
-2.992696e-01 -3.729426e+00 9.999216e-01 9.993083e-01 9.989476e-01 9.993106e-01 1.194551e+00 1 0 2.831123e-03 -7.837316e-04 1.135402e-03 -7.452135e-03 1.919134e-03
-3.804226e-01 -3.094703e+00 9.999603e-01 1.006343e+00 1.000025e+00 1.000512e+00 1.198709e+00 1 0 4.977573e-03 1.918766e-02 4.886938e-04 3.206197e-03 -1.869897e-02
-3.981130e-01 -2.444363e+00 9.996302e-01 1.032875e+00 9.888872e-01 9.989350e-01 1.208940e+00 1 0 3.767959e-02 9.031866e-02 1.272818e-02 -4.412070e-02 -7.759048e-02
-3.804226e-01 -2.094703e+00 1.004429e+00 1.089236e+00 9.696054e-01 1.006628e+00 1.231122e+00 1 0 5.350564e-02 3.078623e-01 1.105029e-02 -2.835785e-02 -2.968120e-01
-5.804601e-01 -4.142673e+00 9.996072e-01 1.002750e+00 1.001426e+00 1.000153e+00 1.197397e+00 1 0 4.377353e-03 -1.022514e-02 2.659764e-03 9.667705e-04 1.288490e-02
-6.446156e-01 -3.812270e+00 9.999931e-01 9.991587e-01 9.994107e-01 9.996831e-01 1.194559e+00 1 0 -1.746817e-04 -1.802437e-03 1.968386e-04 -4.351075e-03 1.999276e-03
-7.257686e-01 -3.176149e+00 9.998721e-01 1.003656e+00 9.997654e-01 1.000149e+00 1.197110e+00 1 0 3.576720e-03 1.073781e-02 -3.472453e-04 6.852801e-04 -1.108505e-02
-7.434590e-01 -2.525476e+00 1.000078e+00 1.017136e+00 9.913314e-01 9.997902e-01 1.200561e+00 1 0 2.212259e-02 4.889624e-02 -2.300419e-03 -3.123101e-02 -5.119666e-02
-7.257686e-01 -2.176149e+00 1.002797e+00 1.049779e+00 9.772599e-01 1.003529e+00 1.211721e+00 1 0 5.114189e-02 1.818377e-01 -2.743849e-02 -2.466188e-02 -2.092762e-01
-1.235114e+00 -4.280185e+00 1.000398e+00 1.000915e+00 1.000617e+00 9.999426e-01 1.196416e+00 1 0 3.442086e-03 -4.505432e-03 1.153265e-03 -6.527535e-03 5.658697e-03
-1.299270e+00 -3.946116e+00 9.999285e-01 9.997725e-01 9.995559e-01 1.000167e+00 1.194685e+00 1 0 -8.133731e-04 4.383611e-06 -5.897145e-06 7.165418e-05 -1.028076e-05
-1.380423e+00 -3.305046e+00 1.000043e+00 1.001003e+00 1.000148e+00 9.998049e-01 1.196059e+00 1 0 2.253794e-03 2.636509e-03 -2.208937e-04 -1.212785e-03 -2.857402e-03
-1.398113e+00 -2.653249e+00 9.998472e-01 1.004534e+00 9.966507e-01 1.000166e+00 1.195755e+00 1 0 7.960288e-03 1.153775e-02 -4.210131e-03 -7.504019e-03 -1.574788e-02
-1.380423e+00 -2.305046e+00 9.995080e-01 1.011121e+00 9.950316e-01 9.984499e-01 1.199579e+00 1 0 2.747980e-02 2.156249e-02 -1.445395e-02 7.684230e-03 -3.601643e-02
-1.889768e+00 -4.370956e+00 1.000264e+00 9.996217e-01 1.000504e+00 1.000351e+00 1.195252e+00 1 0 1.129568e-03 3.628599e-04 1.048851e-03 -3.007534e-03 6.859913e-04
-1.953924e+00 -4.031339e+00 9.999373e-01 1.000158e+00 9.997228e-01 9.999223e-01 1.195166e+00 1 0 -5.494938e-04 8.617146e-04 -4.390314e-04 -6.444834e-04 -1.300746e-03
-2.035077e+00 -3.383054e+00 1.000093e+00 9.998667e-01 1.000132e+00 1.000113e+00 1.195216e+00 1 0 7.326408e-04 -4.161603e-04 7.301161e-05 3.179561e-04 4.891719e-04
-2.052767e+00 -2.729657e+00 1.000029e+00 1.001086e+00 9.987782e-01 1.000055e+00 1.195133e+00 1 0 1.735106e-03 3.408103e-03 -2.213616e-03 -4.409383e-03 -5.621719e-03
-2.035077e+00 -2.383054e+00 1.000839e+00 1.001490e+00 9.971572e-01 1.001195e+00 1.194210e+00 1 0 6.125308e-03 -1.312183e-02 -2.673102e-03 -1.534753e-03 1.044873e-02
-2.235114e+00 -4.394473e+00 1.000330e+00 9.994007e-01 1.000204e+00 1.000126e+00 1.195114e+00 1 0 -1.747631e-03 2.621687e-03 5.122310e-04 -3.311713e-03 -2.109456e-03
-2.299270e+00 -4.051477e+00 9.999117e-01 1.000320e+00 9.998275e-01 1.000008e+00 1.195259e+00 1 0 2.979835e-04 7.261530e-04 1.353888e-04 5.294182e-04 -5.907642e-04
-2.380423e+00 -3.398872e+00 1.000033e+00 9.999185e-01 1.000292e+00 9.999308e-01 1.195416e+00 1 0 -1.412748e-03 -1.903735e-04 -8.458937e-04 -2.885204e-04 -6.555202e-04
-2.398113e+00 -2.744527e+00 9.998364e-01 1.000877e+00 9.999022e-01 9.999054e-01 1.195653e+00 1 0 -8.463409e-05 1.014822e-03 -2.896438e-03 1.217694e-03 -3.911260e-03
-2.380423e+00 -2.398872e+00 9.989319e-01 9.997234e-01 1.001710e+00 9.983680e-01 1.196424e+00 1 0 5.454965e-03 -1.625443e-02 -2.141647e-02 1.511552e-02 -5.162046e-03
VARIABLES = "X", "Y", "ro", "u", "v", "pre", "Ma", "PART", "IMEX", "Ux", "Uy", "Vx", "Vy", "Vort" 
ZONE I=5, J=5, DATAPACKING=POINT
-3.804226e-01 -2.094703e+00 1.003575e+00 1.100948e+00 9.765504e-01 1.006109e+00 1.242199e+00 1 0 1.514126e-01 -1.280045e-02 1.837127e-02 -3.899621e-02 3.117172e-02
-3.448907e-01 -1.740658e+00 9.922009e-01 1.158690e+00 9.412809e-01 9.893960e-01 1.263468e+00 1 0 1.322254e-01 3.211031e-01 7.419499e-02 -1.444677e-01 -2.469081e-01
-2.351141e-01 -1.058876e+00 9.693783e-01 1.468035e+00 7.910965e-01 9.565271e-01 1.418833e+00 1 0 3.443441e-01 3.931425e-01 2.040652e-01 -3.409978e-01 -1.890773e-01
-8.611542e-02 -3.669786e-01 8.153778e-01 1.650691e+00 5.577902e-01 7.499968e-01 1.535431e+00 1 0 3.854064e-01 -1.332698e-01 5.451048e-01 -4.271810e-01 6.783746e-01
0.000000e+00 0.000000e+00 6.755241e-01 1.515955e+00 5.081878e-01 5.737923e-01 1.466193e+00 1 0 4.934416e-01 -9.437175e-01 8.927035e-01 -7.743295e-02 1.836421e+00
-7.257686e-01 -2.176149e+00 1.003914e+00 1.056379e+00 9.813710e-01 1.004572e+00 1.218214e+00 1 0 1.017979e-01 2.661959e-02 -1.321147e-02 -5.585072e-02 -3.983106e-02
-6.902367e-01 -1.822742e+00 9.946161e-01 1.096408e+00 9.485086e-01 9.927788e-01 1.226397e+00 1 0 1.037710e-01 1.993309e-01 -1.607235e-02 -1.194432e-01 -2.154032e-01
-5.804601e-01 -1.142673e+00 9.881426e-01 1.317051e+00 7.977937e-01 9.837771e-01 1.304284e+00 1 0 3.350367e-01 3.158165e-01 -2.230985e-02 -3.302231e-01 -3.381263e-01
-4.314614e-01 -4.524607e-01 9.017236e-01 1.507908e+00 5.068160e-01 8.644461e-01 1.373156e+00 1 0 4.510832e-01 -4.078445e-02 6.312280e-02 -4.761629e-01 1.039073e-01
-3.453460e-01 -8.611542e-02 8.135980e-01 1.436188e+00 3.634849e-01 7.449852e-01 1.308460e+00 1 0 4.247414e-01 -6.876755e-01 1.768985e-01 -2.582482e-01 8.645740e-01
-1.380423e+00 -2.305046e+00 1.002088e+00 1.010264e+00 9.962224e-01 1.000506e+00 1.200082e+00 1 0 2.960323e-02 5.146039e-02 -3.505339e-03 -5.125861e-02 -5.496573e-02
-1.344891e+00 -1.953848e+00 9.978825e-01 1.029753e+00 9.787353e-01 9.979695e-01 1.200636e+00 1 0 5.089247e-02 5.658586e-02 -2.719090e-02 -5.204071e-02 -8.377675e-02
-1.235114e+00 -1.280185e+00 1.001864e+00 1.106750e+00 8.954440e-01 1.001924e+00 1.203149e+00 1 0 1.975350e-01 1.351469e-01 -1.188100e-01 -1.949753e-01 -2.539569e-01
-1.086115e+00 -5.976172e-01 9.818865e-01 1.231819e+00 6.707234e-01 9.783367e-01 1.187550e+00 1 0 3.621493e-01 5.060507e-02 -2.983578e-01 -3.626693e-01 -3.489628e-01
-1.000000e+00 -2.351141e-01 9.622305e-01 1.243745e+00 5.021373e-01 9.529667e-01 1.139089e+00 1 0 3.658838e-01 -2.389073e-01 -3.669375e-01 -3.696447e-01 -1.280302e-01
-2.035077e+00 -2.383054e+00 1.001365e+00 9.996072e-01 9.976316e-01 1.001999e+00 1.193201e+00 1 0 1.967369e-03 2.092242e-02 -1.822859e-03 -4.799901e-03 -2.274528e-02
-1.999545e+00 -2.035041e+00 9.995788e-01 1.007981e+00 9.932697e-01 9.994005e-01 1.196115e+00 1 0 1.507957e-02 1.735982e-02 -1.389643e-02 -1.702511e-02 -3.125626e-02
-1.889768e+00 -1.370956e+00 1.000391e+00 1.023693e+00 9.670567e-01 1.000578e+00 1.190071e+00 1 0 5.221621e-02 2.621351e-02 -5.975792e-02 -5.617901e-02 -8.597143e-02
-1.740769e+00 -7.006894e-01 9.971638e-01 1.056372e+00 8.903419e-01 9.933877e-01 1.169825e+00 1 0 1.407728e-01 1.442501e-02 -2.205100e-01 -1.197477e-01 -2.349350e-01
-1.654654e+00 -3.448907e-01 9.945563e-01 1.065377e+00 8.139559e-01 9.880374e-01 1.136854e+00 1 0 1.741505e-01 -8.325354e-02 -3.652917e-01 -1.627434e-01 -2.820382e-01
-2.380423e+00 -2.398872e+00 9.994093e-01 9.985815e-01 1.002232e+00 9.986170e-01 1.196191e+00 1 0 2.772691e-03 1.077938e-02 -2.208427e-02 -4.792235e-03 -3.286365e-02
-2.344891e+00 -2.052756e+00 9.988910e-01 1.001752e+00 9.993452e-01 9.985582e-01 1.196084e+00 1 0 2.258596e-02 1.346874e-03 -1.400125e-02 -7.193562e-03 -1.534812e-02
-2.235114e+00 -1.394473e+00 1.001741e+00 1.008003e+00 9.846479e-01 1.002191e+00 1.190651e+00 1 0 5.308373e-02 1.214484e-02 -4.570507e-02 -3.473149e-02 -5.784991e-02
-2.086115e+00 -7.318967e-01 1.003875e+00 1.033407e+00 9.332242e-01 1.011562e+00 1.172331e+00 1 0 1.554363e-03 4.765344e-02 -1.920963e-02 -1.112086e-01 -6.686307e-02
-2.000000e+00 -3.804226e-01 1.004439e+00 1.047784e+00 8.849823e-01 1.017385e+00 1.151741e+00 1 0 -5.138908e-02 3.105688e-02 3.860767e-03 -1.558652e-01 -2.719612e-02
