VARIABLES = "X", "Y", "ro", "u", "v", "pre", "Ma", "PART", "IMEX", "Ux", "Uy", "Vx", "Vy", "Vort" 
ZONE I=5, J=5, DATAPACKING=POINT
2.000000e+00 3.804226e-01 9.372123e-01 1.054332e+00 1.654171e+00 9.184310e-01 1.674725e+00 3 0 -8.487951e-02 -4.227702e-01 -4.726562e-01 8.200980e-02 -4.988605e-02
2.086115e+00 7.318967e-01 9.462032e-01 9.217762e-01 1.593938e+00 9.290717e-01 1.570447e+00 3 0 1.626222e-01 -3.447773e-01 -5.411380e-01 -1.452799e-01 -1.963608e-01
2.235114e+00 1.394473e+00 9.884866e-01 8.214166e-01 1.353265e+00 9.856159e-01 1.339870e+00 3 0 2.915930e-01 -6.097846e-02 -4.897347e-01 -2.935955e-01 -4.287562e-01
2.344891e+00 2.052756e+00 1.011026e+00 8.807317e-01 1.137612e+00 1.013882e+00 1.214207e+00 3 0 1.563675e-01 1.289608e-01 -1.399342e-01 -2.286391e-01 -2.688950e-01
2.380423e+00 2.398872e+00 1.001532e+00 9.300291e-01 1.070137e+00 1.001268e+00 1.198415e+00 3 0 9.301715e-02 1.093867e-01 -5.807370e-02 -1.456911e-01 -1.674604e-01
1.654654e+00 3.448907e-01 8.460310e-01 1.119974e+00 1.756844e+00 7.891366e-01 1.823224e+00 3 0 -1.225734e-01 -7.102763e-01 -1.391839e-01 1.854555e-01 5.710924e-01
1.740769e+00 7.006894e-01 8.761088e-01 8.819077e-01 1.744837e+00 8.312751e-01 1.696291e+00 3 0 1.591012e-01 -5.821211e-01 -2.635728e-01 -1.434640e-01 3.185484e-01
1.889768e+00 1.370956e+00 9.534183e-01 7.016101e-01 1.488928e+00 9.390979e-01 1.401651e+00 3 0 4.068038e-01 -9.084601e-02 -2.343605e-01 -4.267740e-01 -1.435145e-01
1.999545e+00 2.035041e+00 9.927565e-01 7.972717e-01 1.201077e+00 9.904384e-01 1.219804e+00 3 0 3.199952e-01 1.989955e-01 -1.662384e-01 -3.267356e-01 -3.652339e-01
2.035077e+00 2.383054e+00 9.956621e-01 8.775400e-01 1.107115e+00 9.927745e-01 1.195702e+00 3 0 1.990002e-01 1.828666e-01 -1.097902e-01 -1.844072e-01 -2.926567e-01
1.000000e+00 2.351141e-01 5.987274e-01 1.291335e+00 1.579616e+00 5.009100e-01 1.885211e+00 3 0 -1.223482e-01 -9.871742e-01 6.919540e-01 2.674273e-01 1.679128e+00
1.086115e+00 5.976172e-01 6.233442e-01 8.795343e-01 1.662401e+00 5.165228e-01 1.746153e+00 3 0 7.292170e-02 -1.127970e+00 6.811307e-01 -1.575569e-01 1.809100e+00
1.235114e+00 1.280185e+00 8.197146e-01 4.356313e-01 1.511743e+00 7.540128e-01 1.386366e+00 3 0 4.141150e-01 -2.670037e-01 3.063002e-01 -3.947486e-01 5.733038e-01
1.344891e+00 1.953848e+00 9.618929e-01 5.222221e-01 1.270972e+00 9.491609e-01 1.169069e+00 3 0 3.923336e-01 3.312337e-01 9.164763e-02 -3.647124e-01 -2.395861e-01
1.380423e+00 2.305046e+00 9.963972e-01 6.806301e-01 1.157202e+00 9.934176e-01 1.136341e+00 3 0 2.963645e-01 4.521485e-01 4.518238e-02 -2.736597e-01 -4.069661e-01
3.453460e-01 8.611542e-02 5.486376e-01 1.479024e+00 8.347774e-01 4.483248e-01 1.587843e+00 3 0 -2.149726e-02 -6.444197e-01 1.313453e+00 -5.602619e-01 1.957873e+00
4.314614e-01 4.524607e-01 4.945437e-01 1.091060e+00 8.659424e-01 3.621108e-01 1.375778e+00 3 0 -6.248821e-02 -1.437338e+00 1.436704e+00 -7.175354e-03 2.874042e+00
5.804601e-01 1.142673e+00 6.421481e-01 2.923333e-01 1.097936e+00 5.398625e-01 1.047278e+00 3 0 1.090624e-01 -5.211554e-01 1.053735e+00 -3.253335e-02 1.574891e+00
6.902367e-01 1.822742e+00 9.045046e-01 2.967807e-01 1.101597e+00 8.686108e-01 9.839351e-01 3 0 9.396653e-02 3.314298e-01 5.394488e-01 -1.431431e-01 2.080190e-01
7.257686e-01 2.176149e+00 9.583275e-01 4.490010e-01 1.079761e+00 9.417760e-01 9.969663e-01 3 0 1.766985e-01 4.556500e-01 2.569672e-01 -7.234516e-02 -1.986828e-01
0.000000e+00 0.000000e+00 6.977620e-01 1.511493e+00 5.252520e-01 6.058354e-01 1.451359e+00 3 0 1.533480e-01 -5.697495e-01 7.939810e-01 -4.475720e-01 1.363731e+00
8.611542e-02 3.669786e-01 5.725488e-01 1.188555e+00 4.962035e-01 4.571682e-01 1.218181e+00 3 0 3.567290e-01 -1.329265e+00 7.050211e-01 -5.475436e-02 2.034286e+00
2.351141e-01 1.058876e+00 6.196003e-01 3.576153e-01 7.143380e-01 5.219493e-01 7.356054e-01 3 0 -1.621932e-01 -6.204993e-01 9.194239e-01 1.756976e-01 1.539923e+00
3.448907e-01 1.740658e+00 8.822050e-01 2.928482e-01 8.843798e-01 8.415591e-01 8.061395e-01 3 0 -2.438631e-01 2.659548e-01 6.839027e-01 1.227808e-01 4.179479e-01
3.804226e-01 2.094703e+00 9.326478e-01 3.910138e-01 9.750161e-01 9.075425e-01 9.000300e-01 3 0 -5.977088e-02 2.639080e-01 3.178834e-01 2.314492e-01 5.397536e-02
VARIABLES = "X", "Y", "ro", "u", "v", "pre", "Ma", "PART", "IMEX", "Ux", "Uy", "Vx", "Vy", "Vort" 
ZONE I=5, J=5, DATAPACKING=POINT
2.380423e+00 2.398872e+00 1.001813e+00 9.300886e-01 1.068272e+00 1.001902e+00 1.197048e+00 3 0 8.147935e-02 1.154630e-01 -4.468811e-02 -1.473550e-01 -1.601512e-01
2.398113e+00 2.744527e+00 9.987166e-01 9.627393e-01 1.032174e+00 9.987166e-01 1.192910e+00 3 0 7.258434e-02 6.934485e-02 -4.466884e-02 -7.239421e-02 -1.140137e-01
2.380423e+00 3.398872e+00 1.000777e+00 9.904128e-01 1.006217e+00 1.000907e+00 1.193174e+00 3 0 2.332938e-02 2.393775e-02 -1.131757e-02 -1.848741e-02 -3.525532e-02
2.299270e+00 4.051477e+00 9.997197e-01 9.989488e-01 1.000535e+00 9.997397e-01 1.194909e+00 3 0 3.631835e-04 6.031158e-03 -7.109491e-04 -2.525579e-03 -6.742107e-03
2.235114e+00 4.394473e+00 1.000171e+00 9.995184e-01 1.000556e+00 1.000208e+00 1.195252e+00 3 0 6.031703e-03 -3.185958e-03 -3.925562e-03 1.978164e-03 -7.396046e-04
2.035077e+00 2.383054e+00 9.973251e-01 8.791335e-01 1.104181e+00 9.947559e-01 1.194402e+00 3 0 2.007626e-01 1.586216e-01 -1.131411e-01 -1.995762e-01 -2.717627e-01
2.052767e+00 2.729657e+00 1.001634e+00 9.276177e-01 1.052897e+00 1.002531e+00 1.185419e+00 3 0 1.178596e-01 1.143712e-01 -5.695829e-02 -1.088011e-01 -1.713295e-01
2.035077e+00 3.383054e+00 1.000161e+00 9.811911e-01 1.010168e+00 1.000413e+00 1.190040e+00 3 0 2.750873e-02 5.248241e-02 -8.773255e-03 -3.278584e-02 -6.125567e-02
1.953924e+00 4.031339e+00 1.000029e+00 9.978689e-01 1.001335e+00 9.999386e-01 1.194808e+00 3 0 5.151462e-03 6.464613e-03 -2.942499e-03 -1.424539e-03 -9.407112e-03
1.889768e+00 4.370956e+00 1.000247e+00 9.979920e-01 1.001375e+00 1.000510e+00 1.194695e+00 3 0 3.641663e-03 -1.969124e-03 -9.265316e-04 -2.788891e-03 1.042592e-03
1.380423e+00 2.305046e+00 9.975607e-01 6.796985e-01 1.159127e+00 9.940670e-01 1.137639e+00 3 0 3.028175e-01 4.521883e-01 4.319797e-02 -2.902188e-01 -4.089903e-01
1.398113e+00 2.653249e+00 1.000443e+00 8.166394e-01 1.078815e+00 9.998002e-01 1.143903e+00 3 0 1.603323e-01 3.127152e-01 2.853750e-02 -1.730315e-01 -2.841777e-01
1.380423e+00 3.305046e+00 9.981602e-01 9.509747e-01 1.015341e+00 9.979633e-01 1.175844e+00 3 0 4.300779e-02 1.188861e-01 4.826308e-03 -4.181065e-02 -1.140598e-01
1.299270e+00 3.946116e+00 1.000980e+00 9.911320e-01 1.002753e+00 1.000943e+00 1.191617e+00 3 0 9.872935e-03 2.713723e-02 9.715531e-04 -7.884983e-03 -2.616568e-02
1.235114e+00 4.280185e+00 9.995370e-01 9.966244e-01 1.000625e+00 9.995044e-01 1.193607e+00 3 0 -1.815371e-04 8.763043e-03 3.832913e-03 -4.943135e-03 -4.930130e-03
7.257686e-01 2.176149e+00 9.629354e-01 4.435742e-01 1.076155e+00 9.474380e-01 9.917620e-01 3 0 1.134970e-01 7.530664e-01 3.103325e-01 -2.007463e-01 -4.427339e-01
7.434590e-01 2.525476e+00 9.861202e-01 6.734545e-01 1.035706e+00 9.815909e-01 1.046515e+00 3 0 8.481934e-02 5.369350e-01 1.524765e-01 -8.318726e-02 -3.844585e-01
7.257686e-01 3.176149e+00 1.000701e+00 9.063407e-01 1.007564e+00 1.000202e+00 1.145661e+00 3 0 2.036157e-02 2.067374e-01 3.257404e-02 -1.690563e-02 -1.741634e-01
6.446156e-01 3.812270e+00 9.998859e-01 9.804348e-01 1.001116e+00 1.000375e+00 1.183978e+00 3 0 3.921900e-03 5.765175e-02 6.431610e-03 -4.240892e-03 -5.122014e-02
5.804601e-01 4.142673e+00 1.000454e+00 9.953043e-01 9.989442e-01 1.000113e+00 1.191997e+00 3 0 -4.756784e-03 3.485747e-02 1.955565e-03 -7.083769e-03 -3.290190e-02
3.804226e-01 2.094703e+00 9.452291e-01 3.846392e-01 9.603754e-01 9.243610e-01 8.841583e-01 3 0 -1.767584e-01 7.135511e-01 4.329239e-01 -5.792975e-02 -2.806272e-01
3.981130e-01 2.444363e+00 9.824820e-01 6.134995e-01 9.777278e-01 9.786263e-01 9.774539e-01 3 0 -2.837855e-02 5.785423e-01 1.907981e-01 4.230184e-02 -3.877442e-01
3.804226e-01 3.094703e+00 1.000072e+00 8.859445e-01 9.937712e-01 9.986761e-01 1.125978e+00 3 0 -2.120053e-02 2.559088e-01 4.585750e-02 9.983643e-03 -2.100513e-01
2.992696e-01 3.729426e+00 1.000354e+00 9.745514e-01 9.986760e-01 1.001761e+00 1.178489e+00 3 0 7.779597e-04 6.103059e-02 6.344256e-03 1.345413e-02 -5.468633e-02
2.351141e-01 4.058876e+00 9.999698e-01 9.934745e-01 9.999614e-01 9.990955e-01 1.191833e+00 3 0 -1.221967e-02 6.877107e-02 -2.174702e-03 -2.026193e-02 -7.094577e-02
VARIABLES = "X", "Y", "ro", "u", "v", "pre", "Ma", "PART", "IMEX", "Ux", "Uy", "Vx", "Vy", "Vort" 
ZONE I=5, J=5, DATAPACKING=POINT
2.235114e+00 4.394473e+00 1.000402e+00 9.993431e-01 1.000633e+00 1.000457e+00 1.195182e+00 3 0 5.568445e-03 1.950776e-03 -3.299763e-03 -1.762527e-03 -5.250540e-03
2.159932e+00 4.736250e+00 1.000245e+00 9.998008e-01 1.000221e+00 1.000306e+00 1.195205e+00 3 0 -5.521692e-04 9.043242e-04 2.850231e-04 -9.282796e-04 -6.193011e-04
2.000000e+00 5.380423e+00 9.998935e-01 1.000030e+00 9.999273e-01 9.998659e-01 1.195220e+00 3 0 3.818904e-04 -3.044625e-05 -2.055117e-04 1.712286e-05 -1.750655e-04
1.840068e+00 6.020757e+00 1.000107e+00 9.999870e-01 1.000083e+00 1.000138e+00 1.195252e+00 3 0 -3.394942e-04 7.388047e-06 1.601717e-04 1.287394e-04 1.527837e-04
1.764886e+00 6.358085e+00 9.999125e-01 9.999792e-01 9.999631e-01 9.998949e-01 1.195205e+00 3 0 1.901013e-04 -8.110511e-04 1.577125e-04 -1.342714e-03 9.687636e-04
1.889768e+00 4.370956e+00 1.000390e+00 9.978947e-01 1.001162e+00 1.000722e+00 1.194469e+00 3 0 2.414972e-03 9.157462e-03 4.533593e-04 -5.495226e-03 -8.704102e-03
1.814586e+00 4.708822e+00 1.000174e+00 9.997691e-01 1.000241e+00 1.000239e+00 1.195196e+00 3 0 3.651709e-04 2.778881e-03 -4.640975e-05 -1.417980e-03 -2.825291e-03
1.654654e+00 5.344891e+00 9.999276e-01 9.999578e-01 9.999641e-01 9.998932e-01 1.195202e+00 3 0 1.206111e-04 -5.056917e-04 -3.895449e-05 1.672781e-05 4.667372e-04
1.494722e+00 5.977479e+00 1.000071e+00 1.000042e+00 1.000050e+00 1.000105e+00 1.195263e+00 3 0 -5.821715e-05 5.206529e-04 2.124524e-05 1.572865e-04 -4.994077e-04
1.419540e+00 6.311312e+00 9.999933e-01 9.999581e-01 1.000031e+00 9.999644e-01 1.195239e+00 3 0 3.413570e-04 -2.320203e-03 -1.272768e-04 -9.417205e-04 2.192926e-03
1.235114e+00 4.280185e+00 9.993568e-01 9.964012e-01 1.000347e+00 9.994748e-01 1.193217e+00 3 0 3.342181e-04 8.338725e-03 2.092974e-03 -1.245133e-03 -6.245751e-03
1.159932e+00 4.611738e+00 1.000007e+00 9.987649e-01 1.000254e+00 1.000106e+00 1.194583e+00 3 0 1.090432e-03 5.288444e-03 4.984058e-04 -2.458979e-04 -4.790038e-03
1.000000e+00 5.235114e+00 9.999539e-01 1.000060e+00 9.999542e-01 9.999049e-01 1.195266e+00 3 0 -2.194650e-04 -6.217568e-05 2.677268e-05 -3.140665e-04 8.894837e-05
8.400681e-01 5.856118e+00 1.000059e+00 9.998610e-01 1.000064e+00 1.000108e+00 1.195155e+00 3 0 3.562908e-04 2.085174e-04 -8.055002e-05 4.003062e-04 -2.890674e-04
7.648859e-01 6.184922e+00 1.000034e+00 1.000109e+00 1.000009e+00 9.999961e-01 1.195322e+00 3 0 -6.984518e-04 1.500819e-03 7.300563e-04 -1.624334e-03 -7.707627e-04
5.804601e-01 4.142673e+00 1.000637e+00 9.951225e-01 9.993155e-01 1.000131e+00 1.192209e+00 3 0 1.403819e-04 9.293918e-03 6.912333e-04 1.312978e-03 -8.602684e-03
5.052780e-01 4.470214e+00 9.994007e-01 9.978741e-01 9.993534e-01 9.991755e-01 1.193707e+00 3 0 -1.502357e-03 6.226320e-03 2.040355e-03 1.444973e-03 -4.185964e-03
3.453460e-01 5.086115e+00 1.000194e+00 9.999785e-01 1.000165e+00 1.000272e+00 1.195267e+00 3 0 5.292626e-04 8.505403e-04 -8.925969e-04 6.154423e-04 -1.743137e-03
1.854141e-01 5.701148e+00 9.998736e-01 9.998264e-01 9.998887e-01 9.998201e-01 1.195090e+00 3 0 -5.381946e-04 -1.710706e-04 9.554107e-04 -1.018840e-03 1.126481e-03
1.102319e-01 6.027682e+00 9.998192e-01 1.000213e+00 9.997539e-01 9.998260e-01 1.195205e+00 3 0 -5.172500e-04 3.460027e-03 -5.567796e-04 1.858313e-03 -4.016807e-03
2.351141e-01 4.058876e+00 1.000676e+00 9.942569e-01 9.991130e-01 9.996413e-01 1.191886e+00 3 0 -5.230600e-03 2.393963e-02 3.801614e-03 -1.366829e-02 -2.013801e-02
1.599320e-01 4.385474e+00 9.988014e-01 9.983200e-01 9.983586e-01 9.982590e-01 1.193568e+00 3 0 -3.734084e-03 5.150515e-03 1.936126e-03 3.388835e-03 -3.214389e-03
2.143592e-08 5.000000e+00 1.000507e+00 9.995304e-01 1.000528e+00 1.000701e+00 1.195148e+00 3 0 1.433221e-03 1.188535e-03 -1.401173e-03 6.166603e-04 -2.589708e-03
-1.599319e-01 5.614526e+00 9.995730e-01 1.000234e+00 9.995214e-01 9.994151e-01 1.195177e+00 3 0 -1.737569e-03 8.513331e-05 1.684061e-03 -1.222616e-03 1.598927e-03
-2.351141e-01 5.941124e+00 9.999420e-01 9.998729e-01 1.000060e+00 9.999811e-01 1.195165e+00 3 0 2.664654e-03 -2.953124e-03 -3.784099e-03 6.750650e-03 -8.309744e-04
VARIABLES = "X", "Y", "ro", "u", "v", "pre", "Ma", "PART", "IMEX", "Ux", "Uy", "Vx", "Vy", "Vort" 
ZONE I=5, J=5, DATAPACKING=POINT
1.764886e+00 6.358085e+00 9.998756e-01 9.998774e-01 9.998821e-01 9.998278e-01 1.195113e+00 3 0 3.471998e-04 3.044265e-04 -1.802725e-04 -3.440947e-06 -4.846990e-04
1.700730e+00 6.695957e+00 1.000005e+00 1.000065e+00 1.000009e+00 1.000012e+00 1.195268e+00 3 0 1.810245e-05 2.346097e-04 -1.233429e-04 2.044441e-04 -3.579527e-04
1.619577e+00 7.340342e+00 9.999886e-01 9.999389e-01 9.999821e-01 9.999777e-01 1.195188e+00 3 0 3.110177e-05 -1.962319e-04 1.010743e-04 -1.265207e-04 2.973061e-04
1.601887e+00 7.992639e+00 1.000007e+00 1.000087e+00 1.000024e+00 1.000020e+00 1.195287e+00 3 0 -4.272481e-05 1.993487e-04 -1.254087e-04 1.952853e-04 -3.247574e-04
1.619577e+00 8.340342e+00 9.999496e-01 9.997600e-01 1.000001e+00 9.998925e-01 1.195120e+00 3 0 8.576014e-04 -5.216560e-03 6.886024e-04 -1.348335e-03 5.905162e-03
1.419540e+00 6.311312e+00 9.999885e-01 9.998211e-01 9.999386e-01 9.999393e-01 1.195114e+00 3 0 -1.002254e-04 1.315804e-04 -9.555782e-05 -2.505421e-04 -2.271382e-04
1.355384e+00 6.646284e+00 9.999777e-01 1.000050e+00 1.000009e+00 9.999868e-01 1.195259e+00 3 0 -1.260118e-05 3.458493e-04 3.836257e-05 1.121035e-04 -3.074868e-04
1.274231e+00 7.287116e+00 1.000006e+00 9.999451e-01 9.999720e-01 9.999936e-01 1.195186e+00 3 0 -4.371428e-06 -2.382904e-04 -2.039693e-06 -5.860835e-05 2.362507e-04
1.256541e+00 7.938657e+00 9.999905e-01 1.000080e+00 1.000036e+00 1.000007e+00 1.195288e+00 3 0 1.426833e-05 2.493266e-04 7.719918e-06 4.416762e-05 -2.416067e-04
1.274231e+00 8.287116e+00 1.000034e+00 9.997933e-01 9.998680e-01 9.999847e-01 1.195055e+00 3 0 6.966045e-04 -4.997926e-03 6.313065e-04 -2.167405e-03 5.629232e-03
7.648859e-01 6.184922e+00 9.999701e-01 1.000153e+00 9.999016e-01 9.999140e-01 1.195295e+00 3 0 -6.172484e-04 -6.100212e-04 2.396483e-04 -9.026086e-05 8.496695e-04
7.007304e-01 6.515824e+00 9.999644e-01 1.000013e+00 9.999950e-01 9.999617e-01 1.195235e+00 3 0 1.134003e-04 -1.976663e-04 -1.007874e-04 1.247461e-04 9.687888e-05
6.195774e-01 7.151813e+00 1.000018e+00 9.999893e-01 9.999880e-01 1.000016e+00 1.195216e+00 3 0 -8.854762e-05 6.106143e-05 5.831090e-06 -4.610583e-05 -5.523034e-05
6.018870e-01 7.802345e+00 9.999694e-01 1.000022e+00 1.000006e+00 9.999696e-01 1.195245e+00 3 0 1.115969e-04 -6.596972e-05 3.664002e-05 5.604752e-06 1.026097e-04
6.195774e-01 8.151813e+00 1.000119e+00 9.999300e-01 9.999222e-01 1.000131e+00 1.195133e+00 3 0 9.309825e-05 -1.081194e-03 -2.138265e-04 -6.487448e-04 8.673673e-04
1.102319e-01 6.027682e+00 9.998280e-01 1.000352e+00 9.998957e-01 9.997994e-01 1.195394e+00 3 0 8.876332e-04 -1.042860e-03 -1.116569e-03 2.283971e-03 -7.370887e-05
4.607639e-02 6.356925e+00 1.000125e+00 9.999573e-01 1.000110e+00 1.000148e+00 1.195255e+00 3 0 2.018283e-04 -4.765919e-04 -1.818087e-04 -1.140959e-04 2.947832e-04
-3.507660e-02 6.991185e+00 9.999429e-01 1.000030e+00 9.999579e-01 9.999348e-01 1.195226e+00 3 0 -1.038813e-04 2.681415e-04 1.024870e-04 -6.616443e-05 -1.656546e-04
-5.276701e-02 7.641395e+00 1.000040e+00 9.999748e-01 1.000020e+00 1.000039e+00 1.195226e+00 3 0 1.216961e-04 -3.404280e-04 -1.346498e-04 1.879000e-04 2.057782e-04
-3.507662e-02 7.991185e+00 1.000021e+00 9.999608e-01 1.000123e+00 1.000065e+00 1.195252e+00 3 0 -2.455141e-04 9.377195e-04 -3.287299e-04 1.219882e-03 -1.266449e-03
-2.351141e-01 5.941124e+00 1.000223e+00 9.998080e-01 1.000299e+00 1.000314e+00 1.195238e+00 3 0 2.461420e-03 5.302776e-04 -2.075106e-03 9.783485e-04 -2.605384e-03
-2.992696e-01 6.270574e+00 1.000181e+00 9.999416e-01 1.000155e+00 1.000230e+00 1.195256e+00 3 0 -2.063257e-04 3.597307e-04 2.371884e-04 -6.809907e-04 -1.225423e-04
-3.804226e-01 6.905297e+00 9.999093e-01 1.000032e+00 9.999308e-01 9.998850e-01 1.195221e+00 3 0 1.045380e-04 -7.889066e-05 -1.362409e-05 1.219797e-04 6.526657e-05
-3.981130e-01 7.555637e+00 1.000086e+00 9.999732e-01 1.000058e+00 1.000105e+00 1.195235e+00 3 0 -6.089795e-05 3.485352e-06 -7.801684e-05 1.458834e-06 -8.150219e-05
-3.804226e-01 7.905297e+00 9.999289e-01 9.999871e-01 9.999953e-01 9.999380e-01 1.195213e+00 3 0 -1.399515e-04 -2.726655e-04 7.761848e-04 -9.901299e-05 1.048850e-03
VARIABLES = "X", "Y", "ro", "u", "v", "pre", "Ma", "PART", "IMEX", "Ux", "Uy", "Vx", "Vy", "Vort" 
ZONE I=5, J=5, DATAPACKING=POINT
4.000000e+00 2.351141e-01 9.972987e-01 9.997381e-01 1.008152e+00 9.955991e-01 1.200978e+00 3 0 4.247101e-03 9.101736e-03 -3.317752e-02 5.235116e-04 -4.227925e-02
4.086115e+00 5.626149e-01 9.984004e-01 1.000633e+00 1.005754e+00 9.971022e-01 1.199830e+00 3 0 1.419169e-02 -8.349645e-03 -3.196233e-02 3.449849e-03 -2.361268e-02
4.235114e+00 1.184922e+00 1.002584e+00 9.957951e-01 1.003798e+00 1.003537e+00 1.194428e+00 3 0 -1.066758e-02 -3.649943e-03 -1.510300e-02 7.014501e-04 -1.145305e-02
4.344891e+00 1.814691e+00 1.001892e+00 9.964440e-01 1.002026e+00 1.002801e+00 1.193777e+00 3 0 -1.048651e-02 8.917206e-03 9.439964e-03 -4.852926e-03 5.227583e-04
4.380423e+00 2.151813e+00 9.997424e-01 9.993569e-01 1.000711e+00 9.996776e-01 1.195309e+00 3 0 8.830387e-04 9.150717e-03 4.874587e-03 -5.219938e-03 -4.276130e-03
3.654654e+00 2.992696e-01 1.001707e+00 1.002716e+00 1.027497e+00 1.002877e+00 1.212667e+00 3 0 -1.904960e-02 -1.235180e-02 -8.044889e-02 8.342675e-03 -6.809710e-02
3.740769e+00 6.298244e-01 1.000405e+00 9.986642e-01 1.022340e+00 1.000864e+00 1.207587e+00 3 0 -4.951712e-03 -5.002817e-03 -6.767218e-02 -5.282628e-05 -6.266936e-02
3.889768e+00 1.256946e+00 9.985089e-01 9.984672e-01 1.010796e+00 9.977760e-01 1.201228e+00 3 0 4.797730e-03 1.742746e-03 -3.347670e-02 -1.053993e-02 -3.521944e-02
3.999545e+00 1.889861e+00 9.989579e-01 9.995647e-01 1.002747e+00 9.983774e-01 1.196959e+00 3 0 2.935038e-03 -5.059833e-04 -1.367784e-02 -5.423773e-03 -1.317186e-02
4.035077e+00 2.227926e+00 9.999258e-01 9.992543e-01 1.001318e+00 9.998717e-01 1.195604e+00 3 0 2.148575e-03 -1.995552e-03 -6.928990e-03 -4.594357e-04 -4.933438e-03
3.000000e+00 3.804226e-01 9.990183e-01 1.008938e+00 1.144378e+00 9.978647e-01 1.290141e+00 3 0 -5.412813e-03 -5.832950e-02 -2.979976e-01 1.655241e-02 -2.396681e-01
3.086115e+00 7.185270e-01 9.994007e-01 9.924708e-01 1.116638e+00 9.985681e-01 1.263142e+00 3 0 3.288449e-02 -4.635061e-02 -2.488692e-01 -2.834285e-02 -2.025186e-01
3.235114e+00 1.358085e+00 1.001753e+00 9.803924e-01 1.059251e+00 1.002438e+00 1.219414e+00 3 0 5.218055e-02 -1.180882e-02 -1.368091e-01 -5.155719e-02 -1.250002e-01
3.344891e+00 1.999603e+00 1.000600e+00 9.866285e-01 1.021777e+00 1.001031e+00 1.200178e+00 3 0 3.469479e-02 1.261587e-02 -5.195211e-02 -3.258287e-02 -6.456799e-02
3.380423e+00 2.340342e+00 9.994421e-01 9.925897e-01 1.010346e+00 9.992957e-01 1.197118e+00 3 0 2.220663e-02 1.440657e-02 -2.632439e-02 -2.826906e-02 -4.073096e-02
2.345346e+00 3.981130e-01 9.792211e-01 1.021642e+00 1.433463e+00 9.712540e-01 1.493793e+00 3 0 -5.654617e-02 -2.557265e-01 -5.850666e-01 5.089309e-02 -3.293401e-01
2.431461e+00 7.449752e-01 9.855358e-01 9.479717e-01 1.372911e+00 9.794361e-01 1.414433e+00 3 0 8.929851e-02 -1.709625e-01 -5.541924e-01 -8.891188e-02 -3.832300e-01
2.580460e+00 1.399489e+00 9.965409e-01 9.124524e-01 1.206561e+00 9.948063e-01 1.279606e+00 3 0 1.806058e-01 -1.427064e-02 -3.445215e-01 -1.814432e-01 -3.302508e-01
2.690237e+00 2.051800e+00 9.983035e-01 9.468794e-01 1.077267e+00 9.972898e-01 1.212782e+00 3 0 1.138995e-01 4.956054e-02 -1.398794e-01 -1.224674e-01 -1.894399e-01
2.725769e+00 2.395982e+00 9.987049e-01 9.656608e-01 1.038754e+00 9.983589e-01 1.198871e+00 3 0 7.214903e-02 3.091263e-02 -7.504275e-02 -7.790636e-02 -1.059554e-01
2.000000e+00 3.804226e-01 9.367437e-01 1.060493e+00 1.660914e+00 9.188580e-01 1.681596e+00 3 0 -1.129513e-01 -4.504175e-01 -7.138130e-01 1.649463e-01 -2.633955e-01
2.086115e+00 7.318967e-01 9.469717e-01 9.201993e-01 1.601438e+00 9.310528e-01 1.574279e+00 3 0 7.373174e-02 -3.297163e-01 -7.388125e-01 -1.055022e-01 -4.090962e-01
2.235114e+00 1.394473e+00 9.862119e-01 8.242430e-01 1.353435e+00 9.814792e-01 1.342511e+00 3 0 3.625857e-01 -6.270585e-02 -5.065601e-01 -2.975946e-01 -4.438542e-01
2.344891e+00 2.052756e+00 1.006503e+00 8.872170e-01 1.138054e+00 1.007092e+00 1.219222e+00 3 0 2.801514e-01 1.078768e-01 -2.147208e-01 -2.132867e-01 -3.225976e-01
2.380423e+00 2.398872e+00 1.001160e+00 9.318967e-01 1.071318e+00 1.000679e+00 1.200334e+00 3 0 1.383106e-01 8.069826e-02 -1.117967e-01 -1.447990e-01 -1.924949e-01
VARIABLES = "X", "Y", "ro", "u", "v", "pre", "Ma", "PART", "IMEX", "Ux", "Uy", "Vx", "Vy", "Vort" 
ZONE I=5, J=5, DATAPACKING=POINT
4.380423e+00 2.151813e+00 9.995880e-01 9.995111e-01 1.000598e+00 9.994677e-01 1.195366e+00 3 0 -2.116606e-04 3.596766e-03 3.344938e-03 -2.423683e-03 -2.518286e-04
4.398113e+00 2.493037e+00 9.997421e-01 9.999660e-01 1.000279e+00 9.996213e-01 1.195447e+00 3 0 -7.576589e-04 3.218944e-04 -1.509878e-03 -4.384289e-04 -1.831772e-03
4.380423e+00 3.151813e+00 1.000036e+00 9.998809e-01 1.000114e+00 1.000062e+00 1.195210e+00 3 0 -1.145070e-03 -1.233861e-04 3.304031e-04 -1.958434e-04 4.537893e-04
4.299270e+00 3.825132e+00 9.999762e-01 1.000015e+00 9.999852e-01 9.999613e-01 1.195238e+00 3 0 2.207648e-04 2.416250e-04 -2.024263e-04 -1.040244e-04 -4.440513e-04
4.235114e+00 4.184922e+00 1.000039e+00 9.999886e-01 1.000005e+00 1.000052e+00 1.195217e+00 3 0 -4.066261e-04 -5.631000e-04 2.660728e-04 2.457558e-04 8.291728e-04
4.035077e+00 2.227926e+00 9.999343e-01 9.991789e-01 1.001365e+00 9.998829e-01 1.195585e+00 3 0 3.024189e-03 1.039056e-03 -6.435048e-03 -8.984031e-04 -7.474105e-03
4.052767e+00 2.569604e+00 1.000239e+00 9.996485e-01 1.000870e+00 1.000355e+00 1.195470e+00 3 0 1.901845e-03 1.023474e-03 -2.742556e-03 -1.204266e-03 -3.766030e-03
4.035077e+00 3.227926e+00 1.000146e+00 9.999750e-01 1.000263e+00 1.000188e+00 1.195346e+00 3 0 4.969967e-04 7.818117e-05 -1.223050e-03 -7.071430e-04 -1.301231e-03
3.953924e+00 3.899037e+00 9.999823e-01 9.999428e-01 9.999988e-01 9.999833e-01 1.195193e+00 3 0 2.336875e-04 1.002461e-04 1.236900e-05 -1.741695e-04 -8.787713e-05
3.889768e+00 4.256946e+00 9.999936e-01 1.000035e+00 9.999936e-01 9.999928e-01 1.195246e+00 3 0 1.964513e-04 5.819028e-04 2.639434e-06 1.933975e-04 -5.792634e-04
3.380423e+00 2.340342e+00 9.991974e-01 9.926517e-01 1.010217e+00 9.989617e-01 1.197130e+00 3 0 2.191062e-02 1.326627e-02 -2.599475e-02 -1.949147e-02 -3.926102e-02
3.398113e+00 2.683331e+00 9.995765e-01 9.962765e-01 1.005124e+00 9.993694e-01 1.196201e+00 3 0 1.208802e-02 6.980913e-03 -1.339629e-02 -9.763756e-03 -2.037720e-02
3.380423e+00 3.340342e+00 1.000148e+00 9.988230e-01 1.001470e+00 1.000228e+00 1.195357e+00 3 0 3.491794e-03 2.135808e-03 -2.894440e-03 -3.281237e-03 -5.030247e-03
3.299270e+00 4.005265e+00 9.998163e-01 9.997174e-01 9.999725e-01 9.997304e-01 1.195095e+00 3 0 6.426150e-04 1.064945e-03 -2.199320e-04 -1.288436e-03 -1.284877e-03
3.235114e+00 4.358085e+00 9.998898e-01 9.999151e-01 9.999605e-01 9.998393e-01 1.195185e+00 3 0 1.249311e-04 -2.359925e-05 3.300070e-04 1.665594e-03 3.536062e-04
2.725769e+00 2.395982e+00 9.982162e-01 9.653994e-01 1.038974e+00 9.977333e-01 1.198939e+00 3 0 7.369575e-02 4.621352e-02 -7.308848e-02 -7.015226e-02 -1.193020e-01
2.743459e+00 2.740675e+00 9.992150e-01 9.804084e-01 1.018923e+00 9.989855e-01 1.195188e+00 3 0 4.247199e-02 3.387218e-02 -3.328526e-02 -4.138570e-02 -6.715744e-02
2.725769e+00 3.395982e+00 1.000392e+00 9.949377e-01 1.003778e+00 1.000467e+00 1.194428e+00 3 0 1.022882e-02 1.286294e-02 -5.554805e-03 -1.065156e-02 -1.841775e-02
2.644616e+00 4.053004e+00 9.997847e-01 9.992568e-01 1.000216e+00 9.997454e-01 1.194937e+00 3 0 9.170933e-04 2.940112e-03 -8.011975e-04 -2.486746e-03 -3.741310e-03
2.580460e+00 4.399489e+00 9.999743e-01 9.998616e-01 1.000007e+00 9.999316e-01 1.195176e+00 3 0 2.872241e-04 8.275352e-04 -6.497898e-04 1.923957e-03 -1.477325e-03
2.380423e+00 2.398872e+00 1.001532e+00 9.316341e-01 1.069604e+00 1.001354e+00 1.198914e+00 3 0 1.350934e-01 9.831254e-02 -1.003764e-01 -1.488996e-01 -1.986889e-01
2.398113e+00 2.744527e+00 9.993850e-01 9.622031e-01 1.032167e+00 9.996647e-01 1.192431e+00 3 0 6.229070e-02 6.786339e-02 -4.537310e-02 -7.427165e-02 -1.132365e-01
2.380423e+00 3.398872e+00 1.000903e+00 9.904678e-01 1.006114e+00 1.001043e+00 1.193139e+00 3 0 1.680404e-02 2.464301e-02 -9.164223e-03 -1.773289e-02 -3.380723e-02
2.299270e+00 4.051477e+00 9.997203e-01 9.989643e-01 1.000548e+00 9.997653e-01 1.194911e+00 3 0 7.894655e-04 5.417380e-03 -1.052989e-03 -2.881661e-03 -6.470368e-03
2.235114e+00 4.394473e+00 1.000180e+00 9.995878e-01 1.000516e+00 1.000210e+00 1.195272e+00 3 0 1.943511e-03 -2.345592e-03 -2.818950e-03 2.595727e-03 -4.733577e-04
VARIABLES = "X", "Y", "ro", "u", "v", "pre", "Ma", "PART", "IMEX", "Ux", "Uy", "Vx", "Vy", "Vort" 
ZONE I=5, J=5, DATAPACKING=POINT
4.235114e+00 4.184922e+00 1.000037e+00 9.999852e-01 1.000006e+00 1.000054e+00 1.195213e+00 3 0 -4.697090e-04 -2.600012e-05 2.032312e-04 8.020112e-05 2.292313e-04
4.159932e+00 4.546810e+00 1.000005e+00 1.000003e+00 1.000007e+00 1.000009e+00 1.195232e+00 3 0 -1.292576e-04 -1.825909e-05 -3.532246e-05 -2.346729e-05 -1.706338e-05
4.000000e+00 5.235114e+00 9.999975e-01 9.999946e-01 9.999957e-01 9.999957e-01 1.195224e+00 3 0 3.571111e-05 3.368287e-06 2.634728e-05 1.261388e-06 2.297899e-05
3.840068e+00 5.921046e+00 1.000003e+00 1.000007e+00 1.000003e+00 1.000004e+00 1.195234e+00 3 0 -3.684525e-05 4.733338e-06 -1.732179e-05 9.618211e-06 -2.205513e-05
3.764886e+00 6.280185e+00 9.999962e-01 9.999902e-01 1.000002e+00 9.999940e-01 1.195225e+00 3 0 1.224589e-05 -2.169853e-04 -2.140483e-05 -3.471785e-05 1.955805e-04
3.889768e+00 4.256946e+00 9.999923e-01 1.000048e+00 9.999952e-01 9.999852e-01 1.195258e+00 3 0 1.131565e-04 -6.870107e-06 4.155903e-05 3.321514e-04 4.842913e-05
3.814586e+00 4.616481e+00 1.000032e+00 1.000015e+00 1.000038e+00 1.000041e+00 1.195255e+00 3 0 9.397072e-06 -8.048137e-05 -1.246400e-04 -5.127443e-05 -4.415864e-05
3.654654e+00 5.299270e+00 9.999860e-01 9.999893e-01 9.999851e-01 9.999821e-01 1.195216e+00 3 0 1.092618e-05 1.762098e-05 2.806857e-05 -3.497419e-05 1.044759e-05
3.494722e+00 5.979039e+00 1.000011e+00 1.000012e+00 1.000011e+00 1.000014e+00 1.195240e+00 3 0 -1.011826e-06 3.135131e-06 -1.406087e-05 5.843868e-05 -1.719600e-05
3.419540e+00 6.335074e+00 1.000001e+00 9.999853e-01 1.000003e+00 1.000003e+00 1.195220e+00 3 0 -4.340061e-05 -2.895351e-04 -3.004976e-05 -2.060541e-04 2.594853e-04
3.235114e+00 4.358085e+00 9.998862e-01 9.999065e-01 9.999624e-01 9.998438e-01 1.195176e+00 3 0 1.334832e-04 1.336763e-04 2.243458e-04 9.747964e-04 9.066951e-05
3.159932e+00 4.711449e+00 1.000055e+00 9.999560e-01 1.000096e+00 1.000085e+00 1.195242e+00 3 0 1.479643e-04 1.511748e-04 -5.619563e-05 -3.473268e-05 -2.073705e-04
3.000000e+00 5.380423e+00 9.999735e-01 9.999947e-01 9.999632e-01 9.999594e-01 1.195212e+00 3 0 -2.528698e-05 1.365488e-05 2.593880e-05 -1.163344e-04 1.228392e-05
2.840068e+00 6.045558e+00 1.000015e+00 1.000007e+00 1.000023e+00 1.000024e+00 1.195241e+00 3 0 1.407236e-05 6.211850e-07 -1.408217e-05 1.667499e-04 -1.470335e-05
2.764886e+00 6.394473e+00 1.000011e+00 9.999791e-01 1.000012e+00 1.000012e+00 1.195223e+00 3 0 2.313299e-05 -3.699642e-04 -3.784693e-05 -4.762996e-04 3.321173e-04
2.580460e+00 4.399489e+00 9.999802e-01 9.998477e-01 1.000068e+00 9.999163e-01 1.195217e+00 3 0 4.293091e-04 -3.452355e-04 -7.868354e-04 1.022155e-03 -4.415999e-04
2.505278e+00 4.745344e+00 1.000119e+00 9.998532e-01 1.000146e+00 1.000158e+00 1.195205e+00 3 0 1.675928e-04 3.040922e-04 -1.605400e-04 -2.790580e-04 -4.646322e-04
2.345346e+00 5.398113e+00 9.999423e-01 1.000023e+00 9.999372e-01 9.999243e-01 1.195216e+00 3 0 -5.091541e-05 9.870723e-05 4.925544e-05 -8.118270e-05 -4.945179e-05
2.185414e+00 6.046865e+00 1.000050e+00 9.999927e-01 1.000055e+00 1.000066e+00 1.195248e+00 3 0 3.357397e-05 -1.244622e-04 -9.354252e-05 1.797279e-04 3.091967e-05
2.110232e+00 6.388065e+00 9.999806e-01 9.999509e-01 1.000002e+00 9.999804e-01 1.195200e+00 3 0 3.058708e-05 -4.291110e-04 1.394501e-04 -9.168399e-04 5.685611e-04
2.235114e+00 4.394473e+00 1.000402e+00 9.994403e-01 1.000609e+00 1.000428e+00 1.195243e+00 3 0 2.707949e-03 9.223413e-04 -2.584643e-03 -1.255451e-03 -3.506984e-03
2.159932e+00 4.736250e+00 1.000264e+00 9.997969e-01 1.000234e+00 1.000326e+00 1.195210e+00 3 0 8.600374e-05 9.257553e-04 -2.565908e-04 -1.048526e-03 -1.182346e-03
2.000000e+00 5.380423e+00 9.998866e-01 1.000035e+00 9.999220e-01 9.998591e-01 1.195219e+00 3 0 1.813789e-05 -6.255831e-05 1.095511e-05 5.919359e-05 7.351341e-05
1.840068e+00 6.020757e+00 1.000115e+00 9.999837e-01 1.000090e+00 1.000146e+00 1.195254e+00 3 0 5.479045e-06 2.924192e-05 -9.523402e-05 7.829016e-05 -1.244759e-04
1.764886e+00 6.358085e+00 9.999098e-01 9.999740e-01 9.999556e-01 9.998953e-01 1.195195e+00 3 0 -1.213326e-04 -7.637853e-04 3.264663e-04 -1.448807e-03 1.090252e-03
VARIABLES = "X", "Y", "ro", "u", "v", "pre", "Ma", "PART", "IMEX", "Ux", "Uy", "Vx", "Vy", "Vort" 
ZONE I=5, J=5, DATAPACKING=POINT
3.764886e+00 6.280185e+00 9.999892e-01 9.999742e-01 1.000001e+00 9.999849e-01 1.195216e+00 3 0 8.380858e-05 9.342266e-05 -8.552102e-07 -2.402317e-05 -9.427787e-05
3.700730e+00 6.636808e+00 1.000005e+00 1.000008e+00 9.999984e-01 1.000007e+00 1.195232e+00 3 0 -5.563801e-06 3.432402e-05 1.166553e-05 4.214163e-06 -2.265849e-05
3.619577e+00 7.305046e+00 9.999952e-01 9.999923e-01 1.000001e+00 9.999936e-01 1.195226e+00 3 0 6.156372e-06 -2.655162e-05 -7.631913e-06 -3.396542e-06 1.891971e-05
3.601887e+00 7.962557e+00 1.000005e+00 1.000009e+00 9.999970e-01 1.000007e+00 1.195231e+00 3 0 -8.712576e-06 3.146715e-05 1.127559e-05 9.711731e-06 -2.019157e-05
3.619577e+00 8.305046e+00 9.999818e-01 9.999803e-01 1.000015e+00 9.999761e-01 1.195229e+00 3 0 -6.853200e-05 -4.625422e-04 -2.160420e-06 1.654464e-04 4.603817e-04
3.419540e+00 6.335074e+00 9.999892e-01 9.999650e-01 9.999945e-01 9.999863e-01 1.195206e+00 3 0 2.712700e-05 1.078343e-04 1.475241e-05 -3.269164e-05 -9.308185e-05
3.355384e+00 6.688952e+00 1.000001e+00 1.000011e+00 9.999988e-01 1.000001e+00 1.195234e+00 3 0 -6.532678e-08 5.078279e-05 -4.356012e-06 1.202093e-05 -5.513881e-05
3.274231e+00 7.353597e+00 9.999975e-01 9.999889e-01 9.999994e-01 9.999963e-01 1.195222e+00 3 0 4.021393e-06 -3.793597e-05 1.146693e-05 -6.960794e-06 4.940290e-05
3.256541e+00 8.010307e+00 1.000002e+00 1.000014e+00 9.999991e-01 1.000004e+00 1.195236e+00 3 0 -9.178958e-06 4.684342e-05 -1.335988e-05 1.192657e-05 -6.020330e-05
3.274231e+00 8.353597e+00 9.999870e-01 9.999708e-01 1.000004e+00 9.999809e-01 1.195217e+00 3 0 -4.391847e-05 -7.404295e-04 5.873328e-05 -8.253997e-06 7.991627e-04
2.764886e+00 6.394473e+00 9.999915e-01 9.999438e-01 9.999920e-01 9.999825e-01 1.195196e+00 3 0 8.139510e-05 1.961700e-04 -2.398916e-06 -1.230394e-04 -1.985690e-04
2.700730e+00 6.742169e+00 1.000002e+00 1.000024e+00 9.999971e-01 1.000003e+00 1.195241e+00 3 0 -4.033755e-05 7.775737e-05 1.428386e-05 2.774186e-05 -6.347351e-05
2.619577e+00 7.398872e+00 9.999931e-01 9.999771e-01 9.999957e-01 9.999898e-01 1.195214e+00 3 0 3.177207e-05 -6.423943e-05 -5.613266e-06 -1.769204e-05 5.862617e-05
2.601887e+00 8.053835e+00 1.000008e+00 1.000032e+00 1.000005e+00 1.000012e+00 1.195248e+00 3 0 -4.435644e-05 6.135278e-05 2.643133e-06 4.434896e-05 -5.870965e-05
2.619577e+00 8.398872e+00 9.999528e-01 9.999061e-01 1.000010e+00 9.999328e-01 1.195191e+00 3 0 1.244878e-04 -1.853392e-03 -1.067959e-04 -1.716372e-04 1.746596e-03
2.110232e+00 6.388065e+00 9.999458e-01 9.998854e-01 9.999516e-01 9.999290e-01 1.195141e+00 3 0 5.707123e-05 4.914579e-04 1.743126e-04 -2.074617e-04 -3.171453e-04
2.046076e+00 6.729187e+00 1.000005e+00 1.000062e+00 9.999922e-01 1.000007e+00 1.195259e+00 3 0 -6.642951e-05 1.602861e-04 -2.681090e-05 1.359191e-04 -1.870970e-04
1.964923e+00 7.377606e+00 9.999878e-01 9.999466e-01 9.999975e-01 9.999821e-01 1.195199e+00 3 0 6.028654e-05 -1.464323e-04 2.297502e-05 -8.674841e-05 1.694073e-04
1.947233e+00 8.030770e+00 1.000010e+00 1.000073e+00 1.000005e+00 1.000016e+00 1.195272e+00 3 0 -7.795522e-05 1.384632e-04 -3.427505e-05 1.728340e-04 -1.727383e-04
1.964923e+00 8.377606e+00 9.999024e-01 9.997874e-01 1.000076e+00 9.998576e-01 1.195173e+00 3 0 5.042352e-04 -4.223243e-03 3.794826e-05 -2.200843e-04 4.261191e-03
1.764886e+00 6.358085e+00 9.998676e-01 9.998758e-01 9.998695e-01 9.998202e-01 1.195105e+00 3 0 -6.575680e-05 2.818453e-04 2.486768e-04 1.301025e-04 -3.316857e-05
1.700730e+00 6.695957e+00 1.000001e+00 1.000070e+00 1.000010e+00 1.000007e+00 1.195273e+00 3 0 1.600192e-05 2.300697e-04 -1.167346e-04 2.240655e-04 -3.468043e-04
1.619577e+00 7.340342e+00 9.999910e-01 9.999353e-01 9.999817e-01 9.999811e-01 1.195185e+00 3 0 1.481856e-05 -2.019183e-04 9.913389e-05 -1.350962e-04 3.010522e-04
1.601887e+00 7.992639e+00 1.000005e+00 1.000090e+00 1.000024e+00 1.000017e+00 1.195290e+00 3 0 -3.176528e-05 2.086769e-04 -1.211566e-04 2.011888e-04 -3.298335e-04
1.619577e+00 8.340342e+00 9.999570e-01 9.997559e-01 9.999990e-01 9.999014e-01 1.195115e+00 3 0 6.906203e-04 -5.330396e-03 6.578403e-04 -1.380364e-03 5.988236e-03
VARIABLES = "X", "Y", "ro", "u", "v", "pre", "Ma", "PART", "IMEX", "Ux", "Uy", "Vx", "Vy", "Vort" 
ZONE I=5, J=5, DATAPACKING=POINT
6.000000e+00 -2.351141e-01 1.000089e+00 1.000336e+00 9.998224e-01 1.000122e+00 1.195304e+00 3 0 -2.063779e-03 1.098451e-03 2.661477e-03 -5.112885e-04 1.563026e-03
6.086115e+00 9.307486e-02 1.000051e+00 1.000171e+00 9.999388e-01 1.000032e+00 1.195306e+00 3 0 -3.109837e-03 -3.385259e-04 -6.470506e-04 4.758030e-04 -3.085247e-04
6.235114e+00 7.198151e-01 1.000490e+00 9.995103e-01 1.000040e+00 1.000664e+00 1.194857e+00 3 0 -2.496855e-03 6.334445e-05 -1.847439e-03 3.865017e-04 -1.910784e-03
6.344891e+00 1.355460e+00 1.000263e+00 9.997759e-01 1.000002e+00 1.000347e+00 1.195045e+00 3 0 5.575794e-04 8.863420e-04 8.047733e-05 -1.214082e-04 -8.058647e-04
6.380423e+00 1.694954e+00 9.999793e-01 1.000042e+00 9.999590e-01 9.999549e-01 1.195244e+00 3 0 5.420714e-04 3.908237e-04 -9.848958e-05 -1.679360e-04 -4.893133e-04
5.654654e+00 -1.599319e-01 1.000035e+00 9.999895e-01 1.000059e+00 1.000095e+00 1.195222e+00 3 0 1.802259e-03 -8.584570e-04 -1.157864e-03 8.122740e-04 -2.994065e-04
5.740769e+00 1.658199e-01 1.000024e+00 1.000038e+00 1.000127e+00 1.000099e+00 1.195282e+00 3 0 1.654030e-03 1.177136e-05 1.170704e-04 2.557202e-05 1.052990e-04
5.889768e+00 7.878450e-01 9.997989e-01 1.000276e+00 1.000082e+00 9.997477e-01 1.195473e+00 3 0 -3.986134e-04 1.537384e-04 5.174150e-04 -2.341142e-04 3.636765e-04
5.999545e+00 1.419632e+00 9.998478e-01 1.000082e+00 1.000018e+00 9.997902e-01 1.195323e+00 3 0 -7.665628e-04 -4.241543e-04 -2.075891e-04 -4.575074e-06 2.165652e-04
6.035077e+00 1.757812e+00 9.999672e-01 9.999460e-01 1.000032e+00 9.999596e-01 1.195220e+00 3 0 -2.547762e-05 -1.800938e-04 -1.609987e-04 1.812956e-04 1.909513e-05
5.000000e+00 2.143592e-08 9.999777e-01 1.000029e+00 1.000107e+00 9.999176e-01 1.195346e+00 3 0 -2.015755e-03 8.404070e-04 1.366248e-04 -6.834352e-04 -7.037822e-04
5.086115e+00 3.237134e-01 9.999615e-01 9.999522e-01 1.000002e+00 9.998761e-01 1.195252e+00 3 0 -1.657002e-03 -9.297303e-05 -8.031972e-04 7.240520e-05 -7.102241e-04
5.235114e+00 9.411241e-01 1.000151e+00 9.996847e-01 1.000001e+00 1.000179e+00 1.195024e+00 3 0 2.678593e-04 -1.359408e-04 -7.611566e-04 2.002725e-04 -6.252159e-04
5.344891e+00 1.568650e+00 1.000129e+00 9.998940e-01 1.000006e+00 1.000176e+00 1.195141e+00 3 0 6.076442e-04 4.922840e-04 1.697004e-04 -7.471979e-05 -3.225836e-04
5.380423e+00 1.905297e+00 1.000030e+00 1.000043e+00 9.999728e-01 1.000038e+00 1.195233e+00 3 0 -1.856208e-05 2.028836e-04 1.789421e-04 -2.038841e-04 -2.394159e-05
4.345346e+00 1.599320e-01 1.000294e+00 1.000607e+00 1.003113e+00 1.000502e+00 1.197328e+00 3 0 2.419600e-03 -1.791897e-03 -1.189634e-02 2.645822e-03 -1.010444e-02
4.431461e+00 4.852157e-01 1.000265e+00 1.000483e+00 1.002616e+00 1.000524e+00 1.196926e+00 3 0 1.531513e-03 -4.410670e-04 -7.827361e-03 2.301218e-04 -7.386294e-03
4.580460e+00 1.104225e+00 9.998022e-01 1.000394e+00 1.001409e+00 9.998256e-01 1.196292e+00 3 0 4.326454e-04 -5.813321e-04 -4.138069e-03 -1.008274e-03 -3.556737e-03
4.690237e+00 1.732015e+00 9.997595e-01 9.999093e-01 1.000483e+00 9.996768e-01 1.195513e+00 3 0 7.817719e-04 -8.709638e-04 -2.810233e-03 -6.720170e-04 -1.939269e-03
4.725769e+00 2.068581e+00 9.999087e-01 9.997704e-01 1.000213e+00 9.998713e-01 1.195241e+00 3 0 9.803972e-04 -9.154640e-05 -1.468563e-03 -4.455622e-04 -1.377016e-03
4.000000e+00 2.351141e-01 9.976742e-01 9.984470e-01 1.009480e+00 9.961629e-01 1.200894e+00 3 0 4.268534e-03 3.761495e-03 -1.953107e-02 -6.914418e-03 -2.329257e-02
4.086115e+00 5.626149e-01 9.993217e-01 9.992694e-01 1.006080e+00 9.985316e-01 1.198906e+00 3 0 -1.674459e-03 -9.639216e-05 -1.151522e-02 -4.695986e-03 -1.141883e-02
4.235114e+00 1.184922e+00 1.000744e+00 9.978172e-01 1.003338e+00 1.001009e+00 1.195765e+00 3 0 2.620617e-02 -7.238983e-03 -1.012681e-02 -1.757569e-04 -2.887830e-03
4.344891e+00 1.814691e+00 1.000228e+00 9.981394e-01 1.002110e+00 1.000533e+00 1.195197e+00 3 0 2.009198e-02 3.142146e-04 -7.215124e-03 -1.591361e-03 -7.529339e-03
4.380423e+00 2.151813e+00 9.997294e-01 9.993206e-01 1.000931e+00 9.996791e-01 1.195410e+00 3 0 2.234207e-03 3.209576e-03 -3.026847e-03 -4.955851e-03 -6.236423e-03
VARIABLES = "X", "Y", "ro", "u", "v", "pre", "Ma", "PART", "IMEX", "Ux", "Uy", "Vx", "Vy", "Vort" 
ZONE I=5, J=5, DATAPACKING=POINT
6.380423e+00 1.694954e+00 9.999582e-01 1.000057e+00 9.999527e-01 9.999257e-01 1.195254e+00 3 0 3.291620e-04 -2.722402e-05 -2.001422e-04 1.155488e-04 -1.729182e-04
6.398113e+00 2.037443e+00 9.999844e-01 1.000029e+00 9.999895e-01 9.999784e-01 1.195243e+00 3 0 4.488598e-04 -8.452985e-05 -2.941611e-04 8.739353e-05 -2.096312e-04
6.380423e+00 2.694954e+00 1.000007e+00 1.000004e+00 1.000013e+00 1.000007e+00 1.195238e+00 3 0 3.656975e-04 1.950484e-05 1.706960e-04 1.389598e-05 1.511911e-04
6.299270e+00 3.363192e+00 9.999974e-01 1.000000e+00 1.000008e+00 9.999965e-01 1.195234e+00 3 0 7.215384e-05 -5.366952e-06 1.413824e-04 1.527069e-05 1.467494e-04
6.235114e+00 3.719815e+00 1.000003e+00 9.999919e-01 1.000006e+00 1.000005e+00 1.195226e+00 3 0 3.339375e-05 -1.911211e-05 1.684440e-04 2.811253e-05 1.875561e-04
6.035077e+00 1.757812e+00 9.999762e-01 9.999412e-01 1.000039e+00 9.999728e-01 1.195218e+00 3 0 8.407132e-05 -4.540741e-05 -1.616414e-04 1.250269e-05 -1.162340e-04
6.052767e+00 2.099634e+00 9.999697e-01 9.999471e-01 1.000022e+00 9.999578e-01 1.195217e+00 3 0 1.286915e-05 3.884001e-05 3.400950e-05 -5.654383e-05 -4.830516e-06
6.035077e+00 2.757812e+00 9.999786e-01 9.999770e-01 9.999966e-01 9.999706e-01 1.195218e+00 3 0 -5.112723e-05 3.562285e-05 1.778358e-05 -1.319736e-05 -1.783927e-05
5.953924e+00 3.429006e+00 9.999988e-01 9.999951e-01 9.999965e-01 9.999984e-01 1.195224e+00 3 0 -1.749963e-05 1.443347e-05 8.990390e-06 4.963108e-06 -5.443082e-06
5.889768e+00 3.787845e+00 9.999966e-01 1.000000e+00 9.999956e-01 9.999945e-01 1.195227e+00 3 0 -3.971158e-05 5.465475e-06 -2.228826e-05 -1.564875e-05 -2.775373e-05
5.380423e+00 1.905297e+00 1.000021e+00 1.000046e+00 9.999672e-01 1.000025e+00 1.195235e+00 3 0 -1.050368e-04 9.004168e-05 1.833856e-04 -5.041769e-05 9.334392e-05
5.398113e+00 2.246329e+00 1.000036e+00 1.000053e+00 9.999756e-01 1.000051e+00 1.195237e+00 3 0 -8.983413e-05 -1.083535e-05 -4.817590e-06 4.440172e-05 6.017763e-06
5.380423e+00 2.905297e+00 1.000027e+00 1.000029e+00 1.000000e+00 1.000037e+00 1.195240e+00 3 0 -1.958406e-05 -4.584957e-05 -3.614581e-05 1.552724e-05 9.703760e-06
5.299270e+00 3.579882e+00 1.000002e+00 1.000006e+00 1.000001e+00 1.000002e+00 1.195232e+00 3 0 1.495619e-05 -1.817309e-05 -1.327573e-05 -6.029664e-06 4.897364e-06
5.235114e+00 3.941124e+00 1.000004e+00 1.000002e+00 1.000003e+00 1.000006e+00 1.195230e+00 3 0 3.794405e-05 3.538099e-06 2.408712e-05 2.172468e-05 2.054902e-05
4.725769e+00 2.068581e+00 9.999211e-01 9.997547e-01 1.000204e+00 9.998883e-01 1.195224e+00 3 0 1.166584e-03 3.181640e-04 -1.309115e-03 -3.952376e-04 -1.627279e-03
4.743459e+00 2.409543e+00 9.999227e-01 9.998796e-01 1.000113e+00 9.998910e-01 1.195243e+00 3 0 5.679320e-04 2.433737e-04 -4.385138e-04 -1.268543e-04 -6.818874e-04
4.725769e+00 3.068581e+00 9.999747e-01 9.999565e-01 1.000066e+00 9.999667e-01 1.195247e+00 3 0 2.153038e-04 4.610508e-05 -1.825824e-04 -8.479671e-05 -2.286875e-04
4.644616e+00 3.743231e+00 9.999901e-01 9.999758e-01 1.000001e+00 9.999852e-01 1.195218e+00 3 0 3.364118e-05 4.919230e-05 3.311936e-06 -8.651953e-05 -4.588036e-05
4.580460e+00 4.104225e+00 9.999802e-01 9.999902e-01 9.999892e-01 9.999719e-01 1.195221e+00 3 0 -3.749965e-05 -2.961100e-06 -6.976264e-06 3.051391e-05 -4.015164e-06
4.380423e+00 2.151813e+00 9.997171e-01 9.993330e-01 1.000806e+00 9.996575e-01 1.195347e+00 3 0 8.651199e-04 2.221279e-03 -2.032461e-03 -3.194871e-03 -4.253739e-03
4.398113e+00 2.493037e+00 9.998150e-01 9.997847e-01 1.000279e+00 9.997138e-01 1.195327e+00 3 0 -9.310934e-04 6.516118e-04 -7.181877e-04 -6.864887e-04 -1.369800e-03
4.380423e+00 3.151813e+00 9.999970e-01 9.998833e-01 1.000124e+00 1.000012e+00 1.195224e+00 3 0 2.269249e-04 4.806415e-05 -1.459735e-04 -1.670536e-04 -1.940377e-04
4.299270e+00 3.825132e+00 9.999940e-01 9.999999e-01 9.999814e-01 9.999846e-01 1.195223e+00 3 0 -2.320880e-04 1.853907e-04 5.345039e-05 -1.164182e-04 -1.319403e-04
4.235114e+00 4.184922e+00 1.000018e+00 1.000017e+00 1.000012e+00 1.000021e+00 1.195244e+00 3 0 -4.694703e-05 -3.021760e-04 -6.327711e-06 3.543336e-04 2.958483e-04
VARIABLES = "X", "Y", "ro", "u", "v", "pre", "Ma", "PART", "IMEX", "Ux", "Uy", "Vx", "Vy", "Vort" 
ZONE I=5, J=5, DATAPACKING=POINT
6.235114e+00 3.719815e+00 1.000001e+00 9.999916e-01 1.000006e+00 1.000002e+00 1.195226e+00 3 0 2.331124e-05 3.472842e-05 1.730374e-04 2.293769e-05 1.383090e-04
6.159932e+00 4.078954e+00 1.000001e+00 9.999986e-01 1.000002e+00 1.000000e+00 1.195229e+00 3 0 6.258004e-06 1.133844e-05 8.078686e-05 1.317767e-05 6.944842e-05
6.000000e+00 4.764886e+00 1.000001e+00 9.999997e-01 1.000001e+00 1.000001e+00 1.195229e+00 3 0 -4.751869e-06 -2.754431e-06 1.355059e-05 1.702151e-06 1.630503e-05
5.840068e+00 5.453190e+00 9.999996e-01 9.999999e-01 9.999996e-01 9.999992e-01 1.195228e+00 3 0 -2.805875e-06 1.301608e-06 -1.153859e-06 -1.222339e-06 -2.455467e-06
5.764886e+00 5.815078e+00 1.000000e+00 1.000000e+00 1.000000e+00 1.000000e+00 1.195229e+00 3 0 7.766368e-06 -3.087509e-06 6.325854e-06 8.788904e-06 9.413363e-06
5.889768e+00 3.787845e+00 9.999967e-01 1.000001e+00 9.999954e-01 9.999947e-01 1.195227e+00 3 0 -3.996473e-05 -1.739049e-05 -2.066410e-05 3.678172e-07 -3.273616e-06
5.814586e+00 4.149440e+00 9.999980e-01 9.999990e-01 9.999974e-01 9.999974e-01 1.195227e+00 3 0 -8.122443e-06 -2.319054e-06 -8.013784e-06 3.093364e-06 -5.694730e-06
5.654654e+00 4.840068e+00 9.999999e-01 1.000000e+00 9.999997e-01 9.999997e-01 1.195229e+00 3 0 5.635503e-07 1.900565e-06 9.309718e-07 1.943655e-06 -9.695928e-07
5.494722e+00 5.532309e+00 1.000000e+00 1.000000e+00 1.000000e+00 1.000000e+00 1.195229e+00 3 0 -8.534021e-07 -2.043339e-06 -1.721561e-06 -7.337462e-07 3.217782e-07
5.419540e+00 5.895775e+00 9.999995e-01 9.999995e-01 9.999997e-01 9.999993e-01 1.195228e+00 3 0 -2.526359e-06 -2.616465e-06 -9.928499e-07 -3.145889e-06 1.623615e-06
5.235114e+00 3.941124e+00 1.000003e+00 1.000001e+00 1.000003e+00 1.000005e+00 1.195230e+00 3 0 4.065639e-05 2.611339e-05 2.516094e-05 1.443169e-05 -9.524575e-07
5.159932e+00 4.305218e+00 1.000004e+00 1.000003e+00 1.000004e+00 1.000005e+00 1.195232e+00 3 0 4.185266e-07 -2.715870e-06 -1.454223e-07 -3.627073e-06 2.570448e-06
5.000000e+00 5.000000e+00 9.999993e-01 9.999988e-01 1.000000e+00 9.999992e-01 1.195228e+00 3 0 1.762170e-06 -3.343249e-06 -1.026635e-06 -3.739529e-06 2.316614e-06
4.840068e+00 5.694782e+00 1.000000e+00 1.000001e+00 9.999999e-01 1.000001e+00 1.195229e+00 3 0 -4.280571e-07 4.868326e-06 2.647672e-06 3.227257e-06 -2.220654e-06
4.764886e+00 6.058876e+00 1.000000e+00 9.999998e-01 1.000001e+00 1.000000e+00 1.195229e+00 3 0 -2.514668e-06 -2.432614e-05 -1.065995e-06 6.962144e-06 2.326015e-05
4.580460e+00 4.104225e+00 9.999773e-01 9.999868e-01 9.999871e-01 9.999682e-01 1.195218e+00 3 0 -1.644221e-05 1.610439e-05 -2.502917e-07 5.899514e-05 -1.635468e-05
4.505278e+00 4.467691e+00 9.999985e-01 9.999967e-01 1.000001e+00 9.999986e-01 1.195227e+00 3 0 1.489779e-05 1.947929e-05 -3.112338e-06 1.409556e-05 -2.259163e-05
4.345346e+00 5.159932e+00 9.999987e-01 9.999981e-01 9.999988e-01 9.999978e-01 1.195227e+00 3 0 5.015971e-07 -1.743242e-06 3.115393e-06 -7.420345e-06 4.858635e-06
4.185414e+00 5.850560e+00 1.000001e+00 1.000002e+00 9.999998e-01 1.000001e+00 1.195229e+00 3 0 -3.084329e-06 4.224466e-06 -2.348473e-06 8.649181e-06 -6.572939e-06
4.110232e+00 6.212155e+00 9.999983e-01 9.999954e-01 1.000002e+00 9.999973e-01 1.195227e+00 3 0 -1.300095e-05 -1.019757e-04 3.249546e-07 -3.331321e-06 1.023006e-04
4.235114e+00 4.184922e+00 1.000026e+00 1.000006e+00 1.000013e+00 1.000038e+00 1.195233e+00 3 0 -8.700541e-06 -9.849365e-05 -1.165178e-04 -1.250650e-05 -1.802412e-05
4.159932e+00 4.546810e+00 1.000007e+00 9.999990e-01 1.000009e+00 1.000013e+00 1.195230e+00 3 0 -5.745679e-05 -1.831356e-05 -4.094792e-05 -3.261869e-05 -2.263436e-05
4.000000e+00 5.235114e+00 9.999967e-01 9.999967e-01 9.999959e-01 9.999941e-01 1.195226e+00 3 0 2.164256e-05 6.548798e-06 1.390118e-05 -7.544706e-07 7.352380e-06
3.840068e+00 5.921046e+00 1.000004e+00 1.000005e+00 1.000003e+00 1.000007e+00 1.195232e+00 3 0 -2.822810e-05 4.787118e-07 -1.184071e-05 9.309093e-06 -1.231942e-05
3.764886e+00 6.280185e+00 9.999940e-01 9.999917e-01 1.000001e+00 9.999906e-01 1.195226e+00 3 0 -2.076736e-05 -1.916046e-04 -1.052788e-05 -3.833274e-05 1.810767e-04
VARIABLES = "X", "Y", "ro", "u", "v", "pre", "Ma", "PART", "IMEX", "Ux", "Uy", "Vx", "Vy", "Vort" 
ZONE I=5, J=5, DATAPACKING=POINT
5.764886e+00 5.815078e+00 1.000000e+00 9.999997e-01 1.000001e+00 1.000000e+00 1.195229e+00 3 0 1.115737e-05 3.029702e-06 9.672592e-06 1.315217e-06 6.642891e-06
5.700730e+00 6.174868e+00 1.000000e+00 1.000000e+00 1.000000e+00 1.000000e+00 1.195229e+00 3 0 -3.658698e-06 -3.909140e-08 -2.261806e-06 -1.036262e-06 -2.222714e-06
5.619577e+00 6.848187e+00 9.999999e-01 9.999999e-01 1.000000e+00 9.999998e-01 1.195229e+00 3 0 2.699560e-06 -3.685446e-07 2.072715e-06 2.846570e-07 2.441259e-06
5.601887e+00 7.506963e+00 1.000000e+00 1.000000e+00 1.000000e+00 1.000000e+00 1.195229e+00 3 0 -3.103313e-06 8.038606e-07 -2.472664e-06 -1.509271e-07 -3.276524e-06
5.619577e+00 7.848187e+00 9.999997e-01 9.999999e-01 1.000000e+00 9.999996e-01 1.195229e+00 3 0 4.385229e-06 -5.657075e-06 8.071411e-06 2.284401e-07 1.372849e-05
5.419540e+00 5.895775e+00 9.999992e-01 9.999992e-01 9.999995e-01 9.999987e-01 1.195228e+00 3 0 -1.492291e-06 3.937486e-06 -5.724155e-07 1.667918e-06 -4.509902e-06
5.355384e+00 6.256769e+00 1.000000e+00 1.000000e+00 1.000000e+00 1.000000e+00 1.195229e+00 3 0 1.545253e-06 1.095042e-06 1.395319e-06 8.018583e-07 3.002767e-07
5.274231e+00 6.931419e+00 9.999998e-01 9.999997e-01 1.000000e+00 9.999997e-01 1.195228e+00 3 0 -1.089572e-06 -8.274575e-07 -9.591328e-07 -3.476482e-07 -1.316754e-07
5.256541e+00 7.590457e+00 1.000000e+00 1.000000e+00 1.000000e+00 1.000000e+00 1.195229e+00 3 0 1.260482e-06 8.763728e-07 1.042588e-06 2.172394e-07 1.662147e-07
5.274231e+00 7.931419e+00 9.999997e-01 9.999994e-01 9.999999e-01 9.999995e-01 1.195228e+00 3 0 -4.731813e-06 -1.247012e-05 -3.618919e-06 -8.932818e-07 8.851196e-06
4.764886e+00 6.058876e+00 9.999994e-01 9.999982e-01 1.000002e+00 9.999993e-01 1.195229e+00 3 0 1.008192e-05 4.325400e-06 -5.638205e-06 -9.327072e-06 -9.963605e-06
4.700730e+00 6.420118e+00 1.000000e+00 1.000001e+00 9.999994e-01 1.000000e+00 1.195228e+00 3 0 -3.461005e-06 2.184761e-06 -5.600704e-07 -2.244471e-06 -2.744831e-06
4.619577e+00 7.094703e+00 9.999997e-01 9.999995e-01 1.000001e+00 9.999996e-01 1.195229e+00 3 0 2.856496e-06 -2.038630e-06 1.921655e-07 1.558390e-06 2.230795e-06
4.601887e+00 7.753671e+00 1.000000e+00 1.000000e+00 9.999993e-01 1.000000e+00 1.195228e+00 3 0 -2.892718e-06 2.757038e-06 1.251356e-07 -2.099277e-06 -2.631903e-06
4.619577e+00 8.094703e+00 9.999991e-01 9.999992e-01 1.000001e+00 9.999988e-01 1.195229e+00 3 0 1.012155e-06 -2.552456e-05 7.761115e-06 2.942967e-05 3.328567e-05
4.110232e+00 6.212155e+00 9.999927e-01 9.999864e-01 1.000002e+00 9.999892e-01 1.195224e+00 3 0 3.890183e-05 5.554357e-05 2.130890e-06 -7.498987e-06 -5.341268e-05
4.046076e+00 6.570994e+00 1.000004e+00 1.000006e+00 9.999997e-01 1.000005e+00 1.195231e+00 3 0 -7.056515e-06 1.604929e-05 6.268494e-08 -2.399015e-06 -1.598661e-05
3.964923e+00 7.242188e+00 9.999968e-01 9.999949e-01 1.000000e+00 9.999954e-01 1.195227e+00 3 0 6.510129e-06 -1.519190e-05 -5.271990e-07 5.249374e-07 1.466470e-05
3.947233e+00 7.900366e+00 1.000003e+00 1.000006e+00 9.999988e-01 1.000005e+00 1.195230e+00 3 0 -7.524647e-06 1.950507e-05 2.272194e-06 2.932412e-08 -1.723287e-05
3.964923e+00 8.242189e+00 9.999911e-01 9.999877e-01 1.000003e+00 9.999872e-01 1.195226e+00 3 0 -3.302964e-05 -2.898439e-04 -4.147471e-06 6.181593e-05 2.856965e-04
3.764886e+00 6.280185e+00 9.999867e-01 9.999758e-01 1.000000e+00 9.999808e-01 1.195218e+00 3 0 6.251950e-05 8.633242e-05 -4.542385e-06 -1.762868e-05 -9.087480e-05
3.700730e+00 6.636808e+00 1.000005e+00 1.000009e+00 9.999986e-01 1.000007e+00 1.195232e+00 3 0 4.426490e-06 3.306022e-05 8.731578e-06 3.940020e-06 -2.432865e-05
3.619577e+00 7.305046e+00 9.999952e-01 9.999918e-01 1.000001e+00 9.999936e-01 1.195225e+00 3 0 -1.172535e-06 -2.628319e-05 -6.514760e-06 -3.206643e-06 1.976843e-05
3.601887e+00 7.962557e+00 1.000005e+00 1.000009e+00 9.999971e-01 1.000007e+00 1.195232e+00 3 0 2.200381e-06 3.082097e-05 1.056473e-05 9.668285e-06 -2.025625e-05
3.619577e+00 8.305046e+00 9.999823e-01 9.999786e-01 1.000015e+00 9.999769e-01 1.195228e+00 3 0 -7.962682e-05 -4.893069e-04 -2.194006e-05 1.734799e-04 4.673669e-04
VARIABLES = "X", "Y", "ro", "u", "v", "pre", "Ma", "PART", "IMEX", "Ux", "Uy", "Vx", "Vy", "Vort" 
ZONE I=5, J=5, DATAPACKING=POINT
8.000000e+00 -3.804226e-01 9.999633e-01 1.000161e+00 1.000198e+00 9.999946e-01 1.195424e+00 3 0 2.565492e-03 -8.970118e-04 5.343106e-03 -6.375602e-04 6.240117e-03
8.086115e+00 -2.783504e-02 1.000048e+00 1.000042e+00 1.000351e+00 1.000059e+00 1.195457e+00 3 0 1.452433e-03 -7.493551e-04 7.151895e-03 -1.629495e-03 7.901250e-03
8.235114e+00 6.419145e-01 1.000097e+00 9.998553e-01 1.000230e+00 1.000090e+00 1.195284e+00 3 0 -1.043062e-03 1.182090e-04 3.613906e-03 -9.868836e-04 3.495697e-03
8.344891e+00 1.309705e+00 9.999990e-01 9.999423e-01 1.000067e+00 9.999685e-01 1.195253e+00 3 0 -9.656042e-04 3.675832e-04 8.842242e-04 -2.422721e-04 5.166410e-04
8.380423e+00 1.659658e+00 9.999711e-01 1.000005e+00 1.000046e+00 9.999429e-01 1.195276e+00 3 0 -4.448359e-04 1.013224e-04 7.580440e-04 -7.446217e-05 6.567216e-04
7.654654e+00 -3.981130e-01 9.999893e-01 9.999314e-01 9.999086e-01 9.999705e-01 1.195144e+00 3 0 -3.871078e-05 9.450174e-05 -3.581792e-04 -1.548716e-04 -4.526809e-04
7.740769e+00 -5.008561e-02 9.999814e-01 9.999798e-01 9.998782e-01 9.999775e-01 1.195146e+00 3 0 -2.863985e-05 1.668640e-04 -2.091026e-04 7.996538e-05 -3.759667e-04
7.889768e+00 6.119352e-01 9.999785e-01 1.000057e+00 9.999485e-01 9.999844e-01 1.195228e+00 3 0 -1.200957e-04 6.537774e-05 8.388894e-05 1.030757e-04 1.851120e-05
7.999545e+00 1.274196e+00 1.000011e+00 1.000034e+00 9.999955e-01 1.000027e+00 1.195237e+00 3 0 -6.423736e-06 -8.051882e-05 7.268077e-05 1.210597e-05 1.531996e-04
8.035077e+00 1.622394e+00 1.000017e+00 1.000011e+00 9.999992e-01 1.000031e+00 1.195226e+00 3 0 8.026446e-05 -4.102261e-05 3.407845e-05 2.987218e-06 7.510107e-05
7.000000e+00 -3.804226e-01 1.000001e+00 1.000052e+00 1.000072e+00 1.000013e+00 1.195295e+00 3 0 6.503875e-05 -1.250008e-04 2.983553e-04 1.092693e-04 4.233562e-04
7.086115e+00 -4.120470e-02 1.000005e+00 1.000001e+00 1.000092e+00 1.000006e+00 1.195284e+00 3 0 4.266566e-05 -1.669275e-04 2.046783e-04 -8.091275e-05 3.716058e-04
7.235114e+00 6.055272e-01 1.000012e+00 9.999360e-01 1.000034e+00 1.000008e+00 1.195213e+00 3 0 9.655176e-05 -4.042233e-05 -1.593727e-05 -9.296470e-05 2.448506e-05
7.344891e+00 1.256552e+00 9.999878e-01 9.999659e-01 9.999973e-01 9.999744e-01 1.195215e+00 3 0 3.133749e-05 7.825210e-05 -2.554830e-05 -1.262883e-05 -1.038004e-04
7.380423e+00 1.601128e+00 9.999832e-01 9.999883e-01 9.999946e-01 9.999708e-01 1.195226e+00 3 0 -4.225399e-05 3.725433e-05 -9.425359e-07 -5.216657e-06 -3.819686e-05
6.345346e+00 -2.992696e-01 9.999637e-01 9.998942e-01 9.999409e-01 9.999298e-01 1.195150e+00 3 0 -4.189523e-05 1.450714e-04 -3.523802e-04 -2.033600e-04 -4.974516e-04
6.431461e+00 3.216108e-02 9.999785e-01 9.999655e-01 9.998969e-01 9.999650e-01 1.195154e+00 3 0 -3.136745e-05 2.427187e-04 -1.134909e-04 1.626072e-05 -3.562096e-04
6.580460e+00 6.649256e-01 9.999732e-01 1.000070e+00 9.999524e-01 9.999702e-01 1.195244e+00 3 0 -8.713878e-05 7.489132e-05 1.341079e-04 8.893944e-05 5.921657e-05
6.690237e+00 1.305320e+00 1.000013e+00 1.000045e+00 1.000001e+00 1.000029e+00 1.195247e+00 3 0 -8.925276e-05 -8.143194e-05 4.366630e-05 2.382924e-05 1.250982e-04
6.725769e+00 1.646403e+00 1.000027e+00 1.000021e+00 1.000007e+00 1.000045e+00 1.195234e+00 3 0 -1.163703e-05 -2.973606e-05 7.799555e-06 6.603895e-06 3.753561e-05
6.000000e+00 -2.351141e-01 1.000127e+00 1.000190e+00 1.000109e+00 1.000150e+00 1.195394e+00 3 0 -2.516401e-03 7.298464e-04 9.721291e-04 -5.066665e-04 2.422827e-04
6.086115e+00 9.307486e-02 1.000097e+00 1.000049e+00 1.000042e+00 1.000057e+00 1.195307e+00 3 0 -1.115471e-03 -2.902088e-04 -6.124664e-05 -2.045832e-04 2.289622e-04
6.235114e+00 7.198151e-01 1.000153e+00 9.997935e-01 9.999310e-01 1.000159e+00 1.195060e+00 3 0 3.479726e-03 -7.575394e-04 -5.067585e-04 3.736386e-05 2.507809e-04
6.344891e+00 1.355460e+00 1.000083e+00 9.999413e-01 9.999583e-01 1.000094e+00 1.195162e+00 3 0 1.737506e-03 1.322313e-04 4.641118e-05 7.901966e-05 -8.582010e-05
6.380423e+00 1.694954e+00 1.000009e+00 1.000016e+00 9.999575e-01 9.999901e-01 1.195224e+00 3 0 -1.212381e-04 -1.555694e-05 3.177216e-04 -2.132607e-04 3.332785e-04
VARIABLES = "X", "Y", "ro", "u", "v", "pre", "Ma", "PART", "IMEX", "Ux", "Uy", "Vx", "Vy", "Vort" 
ZONE I=5, J=5, DATAPACKING=POINT
8.380423e+00 1.659658e+00 9.999684e-01 1.000006e+00 1.000047e+00 9.999398e-01 1.195277e+00 3 0 -4.572223e-04 7.605978e-05 7.749350e-04 -3.527334e-05 6.988752e-04
8.398113e+00 2.007361e+00 9.999821e-01 1.000014e+00 1.000047e+00 9.999672e-01 1.195274e+00 3 0 -8.929874e-05 1.355153e-05 8.580078e-04 -2.931932e-05 8.444563e-04
8.380423e+00 2.659658e+00 1.000005e+00 1.000011e+00 1.000036e+00 1.000003e+00 1.195257e+00 3 0 1.727400e-04 -4.765166e-06 7.851374e-04 3.791171e-05 7.899026e-04
8.299270e+00 3.304043e+00 1.000012e+00 9.999977e-01 1.000023e+00 1.000017e+00 1.195238e+00 3 0 -4.734930e-07 -1.822907e-05 5.297550e-04 6.806803e-05 5.479841e-04
8.235114e+00 3.641915e+00 1.000009e+00 9.999941e-01 1.000013e+00 1.000013e+00 1.195231e+00 3 0 -9.940257e-05 -2.440986e-05 3.186446e-04 3.686134e-05 3.430544e-04
8.035077e+00 1.622394e+00 1.000018e+00 1.000011e+00 9.999986e-01 1.000033e+00 1.195226e+00 3 0 8.920741e-05 -3.188329e-05 3.793620e-05 -3.395427e-05 6.981949e-05
8.052767e+00 1.969230e+00 1.000011e+00 1.000004e+00 9.999913e-01 1.000019e+00 1.195221e+00 3 0 3.996843e-05 -1.759240e-05 9.869433e-06 -1.513963e-05 2.746183e-05
8.035077e+00 2.622394e+00 9.999998e-01 9.999979e-01 9.999867e-01 1.000001e+00 1.195219e+00 3 0 -9.747592e-06 -1.823419e-06 -3.547870e-05 -3.093577e-06 -3.365528e-05
7.953924e+00 3.270813e+00 9.999965e-01 1.000000e+00 9.999898e-01 9.999951e-01 1.195224e+00 3 0 -6.383317e-06 5.601154e-06 -3.209223e-05 4.323100e-06 -3.769338e-05
7.889768e+00 3.611935e+00 9.999968e-01 1.000002e+00 9.999938e-01 9.999954e-01 1.195227e+00 3 0 -4.417853e-08 4.156492e-06 -2.246813e-05 7.544791e-06 -2.662462e-05
7.380423e+00 1.601128e+00 9.999816e-01 9.999887e-01 9.999951e-01 9.999687e-01 1.195227e+00 3 0 -5.068727e-05 3.175595e-05 -2.653277e-06 3.097447e-05 -3.440923e-05
7.398113e+00 1.946165e+00 9.999891e-01 9.999963e-01 1.000003e+00 9.999826e-01 1.195232e+00 3 0 -1.746382e-05 1.785823e-05 9.833311e-06 1.805076e-05 -8.024915e-06
7.380423e+00 2.601128e+00 1.000000e+00 1.000003e+00 1.000010e+00 9.999995e-01 1.195237e+00 3 0 1.220639e-05 3.084560e-06 3.468528e-05 6.205776e-06 3.160072e-05
7.299270e+00 3.257831e+00 1.000003e+00 1.000001e+00 1.000009e+00 1.000005e+00 1.195233e+00 3 0 3.541506e-06 -5.382551e-06 2.617246e-05 -2.781078e-06 3.155501e-05
7.235114e+00 3.605527e+00 1.000003e+00 9.999988e-01 1.000006e+00 1.000004e+00 1.195231e+00 3 0 -1.398243e-06 -4.675033e-06 1.780846e-05 -4.952137e-06 2.248350e-05
6.725769e+00 1.646403e+00 1.000029e+00 1.000020e+00 1.000006e+00 1.000047e+00 1.195233e+00 3 0 1.424234e-06 -2.009204e-05 1.165498e-05 -3.819113e-05 3.174702e-05
6.743459e+00 1.989693e+00 1.000020e+00 1.000013e+00 9.999968e-01 1.000030e+00 1.195229e+00 3 0 -2.981145e-05 -2.134400e-05 -5.707308e-06 -2.073144e-05 1.563669e-05
6.725769e+00 2.646403e+00 1.000003e+00 1.000001e+00 9.999892e-01 1.000005e+00 1.195221e+00 3 0 -3.265320e-05 -1.351858e-05 -4.558632e-05 -7.000501e-06 -3.206774e-05
6.644616e+00 3.311048e+00 9.999967e-01 9.999997e-01 9.999908e-01 9.999953e-01 1.195224e+00 3 0 -2.641944e-06 4.956433e-06 -2.958768e-05 2.463108e-06 -3.454411e-05
6.580460e+00 3.664926e+00 9.999973e-01 1.000002e+00 9.999940e-01 9.999960e-01 1.195227e+00 3 0 4.272114e-06 5.590961e-06 -2.074982e-05 5.477074e-06 -2.634078e-05
6.380423e+00 1.694954e+00 1.000001e+00 1.000015e+00 9.999509e-01 9.999782e-01 1.195222e+00 3 0 -2.133471e-04 6.107724e-05 3.858273e-04 2.153786e-05 3.247500e-04
6.398113e+00 2.037443e+00 1.000006e+00 1.000027e+00 9.999850e-01 1.000003e+00 1.195237e+00 3 0 -7.141159e-05 1.766127e-05 1.112958e-04 9.993096e-05 9.363456e-05
6.380423e+00 2.694954e+00 1.000016e+00 1.000021e+00 1.000029e+00 1.000020e+00 1.195256e+00 3 0 4.892725e-07 -2.659403e-05 -9.216069e-05 1.495419e-05 -6.556667e-05
6.299270e+00 3.363192e+00 1.000006e+00 1.000002e+00 1.000022e+00 1.000008e+00 1.195242e+00 3 0 -4.502238e-06 -2.436960e-05 -8.458937e-05 -3.789528e-05 -6.021978e-05
6.235114e+00 3.719815e+00 1.000005e+00 9.999950e-01 1.000016e+00 1.000009e+00 1.195233e+00 3 0 5.296205e-05 -1.099098e-05 -5.695480e-05 -1.130005e-05 -4.596383e-05
VARIABLES = "X", "Y", "ro", "u", "v", "pre", "Ma", "PART", "IMEX", "Ux", "Uy", "Vx", "Vy", "Vort" 
ZONE I=5, J=5, DATAPACKING=POINT
8.235114e+00 3.641915e+00 1.000009e+00 9.999938e-01 1.000013e+00 1.000013e+00 1.195231e+00 3 0 -1.138272e-04 -1.632289e-05 3.215802e-04 4.281753e-05 3.379031e-04
8.159932e+00 3.979243e+00 1.000004e+00 9.999971e-01 1.000005e+00 1.000006e+00 1.195229e+00 3 0 -6.163863e-05 -7.892782e-06 1.388135e-04 1.810072e-05 1.467063e-04
8.000000e+00 4.619577e+00 1.000001e+00 9.999993e-01 1.000001e+00 1.000001e+00 1.195229e+00 3 0 -1.402484e-05 -2.016714e-06 2.707121e-05 4.075052e-06 2.908793e-05
7.840068e+00 5.263750e+00 1.000000e+00 1.000000e+00 9.999998e-01 9.999999e-01 1.195229e+00 3 0 -3.095059e-06 6.067113e-09 -3.277517e-06 -1.926588e-06 -3.283584e-06
7.764886e+00 5.605527e+00 9.999999e-01 1.000000e+00 1.000000e+00 1.000000e+00 1.195229e+00 3 0 3.759827e-07 -1.588448e-06 1.127438e-06 3.510394e-06 2.715885e-06
7.889768e+00 3.611935e+00 9.999969e-01 1.000003e+00 9.999937e-01 9.999957e-01 1.195227e+00 3 0 1.984956e-06 -1.638239e-06 -2.304072e-05 8.501892e-06 -2.140248e-05
7.814586e+00 3.953134e+00 9.999983e-01 1.000001e+00 9.999972e-01 9.999977e-01 1.195228e+00 3 0 2.570467e-06 -2.124663e-06 -1.155453e-05 4.182049e-06 -9.429870e-06
7.654654e+00 4.601887e+00 9.999996e-01 1.000000e+00 9.999994e-01 9.999994e-01 1.195229e+00 3 0 5.128156e-07 -7.370071e-07 -2.579896e-06 8.278211e-07 -1.842889e-06
7.494722e+00 5.254656e+00 1.000000e+00 1.000000e+00 1.000000e+00 1.000000e+00 1.195229e+00 3 0 5.199584e-07 -1.002042e-07 1.812671e-07 5.302976e-07 2.814712e-07
7.419540e+00 5.600511e+00 1.000000e+00 1.000000e+00 1.000000e+00 1.000000e+00 1.195229e+00 3 0 -1.524883e-07 6.551516e-07 -1.934212e-07 -1.532661e-06 -8.485728e-07
7.235114e+00 3.605527e+00 1.000003e+00 9.999986e-01 1.000006e+00 1.000004e+00 1.195231e+00 3 0 -2.749497e-06 -5.020912e-07 1.800897e-05 -7.199877e-06 1.851107e-05
7.159932e+00 3.954442e+00 1.000002e+00 9.999991e-01 1.000003e+00 1.000002e+00 1.195229e+00 3 0 -1.755251e-06 9.817759e-07 8.594819e-06 -3.904285e-06 7.613043e-06
7.000000e+00 4.619577e+00 1.000000e+00 9.999998e-01 1.000001e+00 1.000001e+00 1.195229e+00 3 0 -1.830700e-07 5.013054e-07 2.016442e-06 -9.500506e-07 1.515137e-06
6.840068e+00 5.288551e+00 1.000000e+00 9.999999e-01 1.000000e+00 1.000000e+00 1.195229e+00 3 0 -4.353711e-07 -1.351798e-08 -2.730961e-07 -5.095838e-07 -2.595781e-07
6.764886e+00 5.641915e+00 1.000000e+00 9.999999e-01 1.000000e+00 1.000000e+00 1.195229e+00 3 0 1.778423e-07 -4.768864e-07 2.694953e-07 1.150095e-06 7.463817e-07
6.580460e+00 3.664926e+00 9.999975e-01 1.000002e+00 9.999940e-01 9.999964e-01 1.195227e+00 3 0 6.196563e-06 3.410664e-07 -2.086396e-05 8.176872e-06 -2.120503e-05
6.505278e+00 4.020961e+00 9.999985e-01 1.000001e+00 9.999973e-01 9.999979e-01 1.195228e+00 3 0 1.913696e-06 -1.780741e-06 -9.897542e-06 3.555709e-06 -8.116801e-06
6.345346e+00 4.700730e+00 9.999994e-01 1.000000e+00 9.999993e-01 9.999991e-01 1.195228e+00 3 0 4.234342e-07 -3.908866e-07 -2.197790e-06 9.270418e-07 -1.806903e-06
6.185414e+00 5.383519e+00 1.000000e+00 1.000000e+00 1.000000e+00 1.000000e+00 1.195229e+00 3 0 7.190408e-07 3.001240e-07 7.192002e-07 9.112055e-07 4.190762e-07
6.110232e+00 5.743054e+00 1.000000e+00 1.000000e+00 1.000000e+00 1.000000e+00 1.195229e+00 3 0 -6.155885e-07 6.753549e-07 -7.909572e-07 -1.493203e-06 -1.466312e-06
6.235114e+00 3.719815e+00 1.000005e+00 9.999934e-01 1.000017e+00 1.000008e+00 1.195233e+00 3 0 6.039670e-05 2.203597e-05 -6.265300e-05 -4.589340e-05 -8.468897e-05
6.159932e+00 4.078954e+00 1.000004e+00 9.999978e-01 1.000008e+00 1.000006e+00 1.195231e+00 3 0 1.547472e-05 1.164506e-05 -2.698863e-05 -2.225800e-05 -3.863369e-05
6.000000e+00 4.764886e+00 1.000001e+00 9.999995e-01 1.000002e+00 1.000002e+00 1.195229e+00 3 0 2.062600e-06 -6.071237e-07 -9.534881e-06 -6.514177e-06 -8.927758e-06
5.840068e+00 5.453190e+00 9.999997e-01 9.999996e-01 9.999995e-01 9.999994e-01 1.195228e+00 3 0 1.123555e-06 2.425180e-06 2.315382e-06 -9.977556e-07 -1.097981e-07
5.764886e+00 5.815078e+00 1.000000e+00 1.000000e+00 1.000000e+00 1.000000e+00 1.195229e+00 3 0 1.847396e-06 -4.459515e-07 1.484145e-06 1.032357e-05 1.930096e-06
VARIABLES = "X", "Y", "ro", "u", "v", "pre", "Ma", "PART", "IMEX", "Ux", "Uy", "Vx", "Vy", "Vort" 
ZONE I=5, J=5, DATAPACKING=POINT
7.764886e+00 5.605527e+00 9.999999e-01 9.999999e-01 1.000000e+00 1.000000e+00 1.195229e+00 3 0 -2.106128e-06 -4.492848e-07 3.013273e-06 9.805319e-07 3.462558e-06
7.700730e+00 5.948523e+00 1.000000e+00 1.000000e+00 1.000000e+00 1.000000e+00 1.195229e+00 3 0 1.305690e-07 2.299747e-07 1.363396e-06 1.585946e-07 1.133421e-06
7.619577e+00 6.601128e+00 9.999999e-01 1.000000e+00 1.000000e+00 9.999999e-01 1.195229e+00 3 0 -1.778265e-07 -1.102508e-07 -3.461484e-07 -1.242758e-07 -2.358977e-07
7.601887e+00 7.255473e+00 1.000000e+00 1.000000e+00 1.000000e+00 1.000000e+00 1.195229e+00 3 0 1.597655e-07 1.575596e-07 2.213004e-07 1.427727e-07 6.374075e-08
7.619577e+00 7.601128e+00 9.999997e-01 1.000000e+00 9.999999e-01 9.999997e-01 1.195229e+00 3 0 -4.671982e-09 1.659038e-06 3.682701e-07 -2.411559e-06 -1.290768e-06
7.419540e+00 5.600511e+00 1.000000e+00 1.000000e+00 1.000000e+00 1.000000e+00 1.195229e+00 3 0 5.796116e-08 -3.889172e-07 -5.067205e-07 -1.530681e-07 -1.178033e-07
7.355384e+00 5.946996e+00 9.999999e-01 1.000000e+00 1.000000e+00 9.999999e-01 1.195229e+00 3 0 -1.498885e-07 -1.939642e-07 -4.990882e-08 1.888462e-08 1.440554e-07
7.274231e+00 6.604018e+00 1.000000e+00 1.000000e+00 1.000000e+00 1.000000e+00 1.195229e+00 3 0 1.004298e-07 1.200425e-07 -5.294106e-08 5.877744e-08 -1.729836e-07
7.256541e+00 7.259325e+00 9.999999e-01 1.000000e+00 1.000000e+00 9.999999e-01 1.195229e+00 3 0 -1.338675e-07 -1.430019e-07 1.006635e-07 -9.002313e-08 2.436655e-07
7.274231e+00 7.604018e+00 1.000000e+00 1.000000e+00 1.000000e+00 1.000000e+00 1.195229e+00 3 0 4.068875e-07 1.207382e-06 -2.507122e-07 8.071721e-07 -1.458095e-06
6.764886e+00 5.641915e+00 9.999999e-01 9.999999e-01 1.000000e+00 9.999999e-01 1.195229e+00 3 0 9.093943e-08 4.854403e-07 4.904312e-07 1.811611e-07 4.990856e-09
6.700730e+00 5.994735e+00 1.000000e+00 1.000000e+00 1.000000e+00 1.000000e+00 1.195229e+00 3 0 1.315036e-07 1.768011e-07 6.137275e-08 -2.488257e-08 -1.154283e-07
6.619577e+00 6.659658e+00 1.000000e+00 1.000000e+00 1.000000e+00 9.999999e-01 1.195229e+00 3 0 -7.662517e-08 -1.209441e-07 3.379667e-08 -4.001682e-08 1.547407e-07
6.601887e+00 7.316669e+00 1.000000e+00 1.000000e+00 1.000000e+00 1.000000e+00 1.195229e+00 3 0 8.951424e-08 1.497666e-07 -6.992313e-08 5.524425e-08 -2.196898e-07
6.619577e+00 7.659658e+00 9.999999e-01 1.000000e+00 1.000000e+00 9.999999e-01 1.195229e+00 3 0 -3.787779e-07 -1.383530e-06 1.366369e-07 -4.770882e-07 1.520167e-06
6.110232e+00 5.743054e+00 1.000000e+00 1.000000e+00 1.000000e+00 1.000000e+00 1.195229e+00 3 0 -8.382934e-07 -1.387815e-06 -1.411633e-06 -9.069362e-07 -2.381808e-08
6.046076e+00 6.100963e+00 9.999999e-01 9.999999e-01 9.999999e-01 9.999998e-01 1.195229e+00 3 0 -7.404623e-08 -3.116380e-07 2.703058e-08 -5.789285e-09 3.386686e-07
5.964923e+00 6.772075e+00 1.000000e+00 1.000000e+00 1.000000e+00 1.000000e+00 1.195229e+00 3 0 9.525159e-09 2.680070e-07 -1.328430e-07 1.002000e-07 -4.008500e-07
5.947233e+00 7.430396e+00 9.999999e-01 9.999999e-01 1.000000e+00 9.999999e-01 1.195229e+00 3 0 1.363803e-08 -3.492275e-07 1.976648e-07 -1.118517e-07 5.468923e-07
5.964923e+00 7.772075e+00 1.000000e+00 1.000000e+00 1.000000e+00 1.000000e+00 1.195229e+00 3 0 8.171942e-07 4.158282e-06 -2.338239e-07 1.474169e-06 -4.392106e-06
5.764886e+00 5.815078e+00 1.000000e+00 1.000000e+00 1.000001e+00 1.000000e+00 1.195229e+00 3 0 4.423823e-06 -4.406797e-08 -2.267969e-06 -1.437766e-06 -2.223901e-06
5.700730e+00 6.174868e+00 1.000000e+00 1.000000e+00 1.000000e+00 1.000000e+00 1.195229e+00 3 0 -1.858232e-06 -2.419362e-07 -1.273568e-06 -1.373456e-06 -1.031632e-06
5.619577e+00 6.848187e+00 9.999999e-01 9.999999e-01 1.000000e+00 9.999998e-01 1.195229e+00 3 0 1.260140e-06 -2.014434e-07 3.310062e-07 4.329939e-07 5.324496e-07
5.601887e+00 7.506963e+00 1.000000e+00 1.000000e+00 9.999999e-01 1.000000e+00 1.195229e+00 3 0 -1.221013e-06 3.934938e-07 -1.680167e-07 -4.515913e-07 -5.615106e-07
5.619577e+00 7.848187e+00 9.999997e-01 1.000000e+00 1.000000e+00 9.999997e-01 1.195229e+00 3 0 1.060728e-06 -2.165898e-06 2.218141e-06 6.020846e-06 4.384040e-06
