VARIABLES = "X", "Y", "ro", "u", "v", "pre", "Ma", "PART", "IMEX", "Ux", "Uy", "Vx", "Vy", "Vort" 
ZONE I=5, J=5, DATAPACKING=POINT
-6.000000e+00 0.000000e+00 9.992314e-01 1.000431e+00 1.001894e+00 9.989600e-01 1.196780e+00 0 0 4.192228e-04 1.211400e-03 1.702205e-02 8.690024e-03 1.581065e-02
-6.000000e+00 3.453460e-01 9.979870e-01 1.000191e+00 1.003369e+00 9.973809e-01 1.197721e+00 0 0 1.209914e-02 -2.654135e-03 1.183067e-02 1.317708e-03 1.448481e-02
-6.000000e+00 1.000000e+00 1.000603e+00 9.976113e-01 1.001975e+00 1.001107e+00 1.194684e+00 0 0 8.678476e-03 -3.832161e-03 5.795955e-03 -4.270238e-03 9.628116e-03
-6.000000e+00 1.654654e+00 1.004620e+00 9.965117e-01 9.994770e-01 1.006615e+00 1.191650e+00 0 0 -1.060090e-02 1.045574e-03 9.170929e-03 -1.956592e-03 8.125355e-03
-6.000000e+00 2.000000e+00 1.004429e+00 9.974163e-01 9.995897e-01 1.006269e+00 1.192348e+00 0 0 -1.514378e-02 4.157098e-03 9.123561e-03 2.893366e-03 4.966464e-03
-6.345346e+00 0.000000e+00 1.000570e+00 9.990183e-01 9.996326e-01 1.001497e+00 1.193870e+00 0 0 3.098647e-03 -5.671005e-03 1.896862e-03 5.096490e-03 7.567866e-03
-6.345346e+00 3.453460e-01 1.000122e+00 9.975201e-01 1.000880e+00 1.000434e+00 1.194088e+00 0 0 1.680185e-03 -2.507346e-03 5.377882e-03 2.067225e-03 7.885228e-03
-6.345346e+00 1.000000e+00 1.000321e+00 9.976945e-01 1.000472e+00 1.000601e+00 1.193967e+00 0 0 -4.773077e-03 2.439699e-03 4.083233e-03 -2.797439e-03 1.643534e-03
-6.345346e+00 1.654654e+00 1.001801e+00 9.997869e-01 9.984602e-01 1.002625e+00 1.193691e+00 0 0 -5.697623e-03 3.203585e-03 3.642796e-04 -1.999854e-03 -2.839305e-03
-6.345346e+00 2.000000e+00 1.001651e+00 1.000695e+00 9.984169e-01 1.002271e+00 1.194329e+00 0 0 -3.536086e-03 1.679673e-03 7.882175e-04 2.096895e-03 -8.914557e-04
-7.000000e+00 0.000000e+00 9.995717e-01 9.992189e-01 1.000799e+00 9.994496e-01 1.195313e+00 0 0 -2.781656e-03 1.099903e-03 -3.123077e-03 -3.799204e-03 -4.222980e-03
-7.000000e+00 3.453460e-01 9.991173e-01 1.000017e+00 9.999538e-01 9.986487e-01 1.195492e+00 0 0 -5.317572e-03 3.061325e-03 -1.996128e-03 -1.439157e-03 -5.057453e-03
-7.000000e+00 1.000000e+00 9.992113e-01 1.001691e+00 9.996151e-01 9.985724e-01 1.196392e+00 0 0 -4.188420e-03 1.214757e-03 -1.633954e-03 -1.074413e-04 -2.848711e-03
-7.000000e+00 1.654654e+00 1.000033e+00 1.001276e+00 9.993774e-01 9.999216e-01 1.195686e+00 0 0 -7.338942e-04 -2.134562e-03 -2.019989e-03 -7.728573e-04 1.145733e-04
-7.000000e+00 2.000000e+00 1.000249e+00 1.000494e+00 9.990306e-01 1.000341e+00 1.194890e+00 0 0 7.722005e-04 -1.906814e-03 -1.682179e-03 -1.083704e-03 2.246360e-04
-7.654654e+00 0.000000e+00 9.993974e-01 1.000557e+00 1.001610e+00 9.988909e-01 1.196827e+00 0 0 -5.057292e-04 2.063384e-03 2.005911e-03 -2.049081e-03 -5.747285e-05
-7.654654e+00 3.453460e-01 9.996681e-01 1.001226e+00 1.001165e+00 9.995487e-01 1.196729e+00 0 0 1.298876e-03 1.785044e-03 1.327935e-03 -9.195433e-04 -4.571086e-04
-7.654654e+00 1.000000e+00 9.997993e-01 1.002087e+00 1.000743e+00 9.999056e-01 1.196857e+00 0 0 1.056405e-03 7.118566e-04 1.096885e-03 -4.974444e-04 3.850284e-04
-7.654654e+00 1.654654e+00 9.988943e-01 1.001905e+00 1.000518e+00 9.984981e-01 1.196914e+00 0 0 -8.914128e-04 -1.550268e-03 -1.320768e-03 -1.047252e-04 2.295006e-04
-7.654654e+00 2.000000e+00 9.985072e-01 1.001033e+00 1.000553e+00 9.979314e-01 1.196522e+00 0 0 -8.269978e-04 -3.818098e-03 -3.404160e-03 2.841808e-04 4.139380e-04
-8.000000e+00 0.000000e+00 9.975000e-01 1.000797e+00 9.998698e-01 9.962058e-01 1.196404e+00 0 0 -7.628814e-03 1.922953e-04 7.160623e-03 -2.289520e-03 6.968328e-03
-8.000000e+00 3.453460e-01 9.982155e-01 1.001238e+00 9.990068e-01 9.972608e-01 1.195948e+00 0 0 -9.017430e-03 2.277602e-03 9.681179e-03 -2.114562e-03 7.403577e-03
-8.000000e+00 1.000000e+00 9.983229e-01 1.002627e+00 9.987524e-01 9.975133e-01 1.196541e+00 0 0 -1.090325e-02 9.785416e-04 9.185088e-03 1.608588e-03 8.206546e-03
-8.000000e+00 1.654654e+00 9.979702e-01 1.001818e+00 1.000816e+00 9.971681e-01 1.197284e+00 0 0 -3.154580e-04 -3.540719e-03 -5.548398e-04 3.969855e-03 2.985879e-03
-8.000000e+00 2.000000e+00 9.986687e-01 1.000245e+00 1.002028e+00 9.981788e-01 1.196881e+00 0 0 6.783575e-03 -5.848543e-03 -4.551066e-03 2.348854e-03 1.297478e-03
VARIABLES = "X", "Y", "ro", "u", "v", "pre", "Ma", "PART", "IMEX", "Ux", "Uy", "Vx", "Vy", "Vort" 
ZONE I=5, J=5, DATAPACKING=POINT
-6.000000e+00 2.000000e+00 1.004434e+00 9.974239e-01 9.995398e-01 1.006277e+00 1.192321e+00 0 0 -1.459556e-02 3.841198e-03 9.437911e-03 1.231919e-03 5.596712e-03
-6.000000e+00 2.345346e+00 1.002376e+00 9.991957e-01 9.999608e-01 1.003332e+00 1.194155e+00 0 0 -1.372165e-02 5.816390e-03 6.994163e-03 1.086624e-03 1.177773e-03
-6.000000e+00 3.000000e+00 9.969188e-01 1.002098e+00 1.000660e+00 9.956859e-01 1.197618e+00 0 0 1.150240e-03 1.894460e-03 -2.145805e-03 9.083008e-04 -4.040265e-03
-6.000000e+00 3.654654e+00 9.973941e-01 1.001361e+00 1.000534e+00 9.963591e-01 1.196983e+00 0 0 4.525127e-03 -3.376314e-03 -2.856647e-03 -2.043935e-03 5.196668e-04
-6.000000e+00 4.000000e+00 1.000352e+00 1.000232e+00 9.992355e-01 1.000492e+00 1.194827e+00 0 0 1.740908e-03 -2.059057e-03 -6.751897e-04 -5.265194e-03 1.383868e-03
-6.345346e+00 2.000000e+00 1.001706e+00 1.000656e+00 9.983812e-01 1.002348e+00 1.194272e+00 0 0 -3.589064e-03 2.772538e-03 6.663409e-04 1.117499e-04 -2.106197e-03
-6.345346e+00 2.345346e+00 1.000557e+00 1.001282e+00 9.988448e-01 1.000681e+00 1.195231e+00 0 0 -5.804794e-04 8.562380e-04 8.652203e-04 2.258644e-03 8.982371e-06
-6.345346e+00 3.000000e+00 9.976876e-01 1.001270e+00 1.000743e+00 9.967740e-01 1.196980e+00 0 0 1.909123e-03 -4.308992e-04 1.964729e-04 2.674587e-03 6.273721e-04
-6.345346e+00 3.654654e+00 9.982346e-01 1.000936e+00 1.001200e+00 9.975442e-01 1.196919e+00 0 0 -7.820036e-04 -7.931123e-04 -1.031217e-03 -2.012854e-03 -2.381043e-04
-6.345346e+00 4.000000e+00 1.000581e+00 1.000454e+00 9.998783e-01 1.000790e+00 1.195302e+00 0 0 -1.462815e-03 -2.553904e-03 -2.205961e-03 -4.608379e-03 3.479423e-04
-7.000000e+00 2.000000e+00 1.000207e+00 1.000518e+00 9.990545e-01 1.000285e+00 1.194927e+00 0 0 7.479418e-04 -2.677053e-03 -1.697314e-03 1.186289e-04 9.797385e-04
-7.000000e+00 2.345346e+00 9.999672e-01 9.998548e-01 9.992362e-01 9.999665e-01 1.194686e+00 0 0 1.705063e-03 -1.018951e-03 -1.079577e-03 9.841991e-04 -6.062635e-05
-7.000000e+00 3.000000e+00 9.994584e-01 1.000173e+00 1.000221e+00 9.992422e-01 1.195594e+00 0 0 1.769758e-03 1.640759e-03 1.190752e-03 1.801673e-03 -4.500068e-04
-7.000000e+00 3.654654e+00 9.994358e-01 1.001195e+00 1.001264e+00 9.992101e-01 1.196833e+00 0 0 1.483482e-03 6.155159e-04 5.544723e-04 1.073714e-03 -6.104366e-05
-7.000000e+00 4.000000e+00 9.997480e-01 1.000947e+00 1.001435e+00 9.996482e-01 1.196712e+00 0 0 6.321652e-04 -2.401242e-03 -2.021747e-03 -4.978793e-04 3.794950e-04
-7.654654e+00 2.000000e+00 9.985313e-01 1.000996e+00 1.000543e+00 9.979639e-01 1.196489e+00 0 0 -6.603796e-04 -2.817821e-03 -3.302099e-03 -4.868137e-04 -4.842785e-04
-7.654654e+00 2.345346e+00 9.991392e-01 1.000021e+00 1.000289e+00 9.988255e-01 1.195602e+00 0 0 -2.995038e-04 -2.851819e-03 -2.919821e-03 -9.773631e-04 -6.800184e-05
-7.654654e+00 3.000000e+00 1.001572e+00 9.986465e-01 9.997369e-01 1.002195e+00 1.193891e+00 0 0 3.085919e-03 -9.240605e-04 -4.592724e-04 -2.382397e-04 4.647881e-04
-7.654654e+00 3.654654e+00 1.001376e+00 9.990890e-01 1.000444e+00 1.001920e+00 1.194625e+00 0 0 3.382744e-03 2.217793e-03 2.291776e-03 2.459898e-03 7.398294e-05
-7.654654e+00 4.000000e+00 9.997038e-01 1.000045e+00 1.001451e+00 9.995943e-01 1.196188e+00 0 0 8.611886e-04 2.913146e-03 3.095320e-03 2.055835e-03 1.821740e-04
-8.000000e+00 2.000000e+00 9.987056e-01 1.000156e+00 1.001970e+00 9.982348e-01 1.196782e+00 0 0 6.896164e-03 -3.447850e-03 -4.333147e-03 5.501505e-04 -8.852976e-04
-8.000000e+00 2.345346e+00 1.000749e+00 9.989935e-01 1.001846e+00 1.001064e+00 1.195544e+00 0 0 9.413898e-03 -3.495113e-03 -5.461419e-03 -1.340284e-03 -1.966305e-03
-8.000000e+00 3.000000e+00 1.003255e+00 9.973857e-01 1.000421e+00 1.004559e+00 1.193144e+00 0 0 6.510747e-03 -6.767701e-04 -3.204186e-03 -2.439266e-03 -2.527416e-03
-8.000000e+00 3.654654e+00 1.001574e+00 9.986264e-01 9.992959e-01 1.002210e+00 1.193608e+00 0 0 -1.501686e-03 4.345254e-03 4.521777e-03 -5.585009e-04 1.765230e-04
-8.000000e+00 4.000000e+00 9.995142e-01 1.000379e+00 9.994333e-01 9.993141e-01 1.195236e+00 0 0 -4.112571e-03 4.738779e-03 8.310400e-03 1.922263e-03 3.571621e-03
VARIABLES = "X", "Y", "ro", "u", "v", "pre", "Ma", "PART", "IMEX", "Ux", "Uy", "Vx", "Vy", "Vort" 
ZONE I=5, J=5, DATAPACKING=POINT
-6.000000e+00 4.000000e+00 1.000141e+00 1.000316e+00 9.993368e-01 1.000194e+00 1.194990e+00 0 0 2.330577e-03 -4.116978e-03 -1.370365e-03 -1.921161e-04 2.746613e-03
-6.000000e+00 4.345346e+00 1.002215e+00 9.990436e-01 9.991003e-01 1.003099e+00 1.193593e+00 0 0 -2.276206e-03 -2.522812e-03 -1.797862e-04 -4.903453e-04 2.343025e-03
-6.000000e+00 5.000000e+00 1.001716e+00 9.991236e-01 9.993970e-01 1.002403e+00 1.193935e+00 0 0 -2.289010e-03 2.388917e-03 2.059574e-03 1.515912e-03 -3.293437e-04
-6.000000e+00 5.654654e+00 9.985595e-01 1.000931e+00 1.000832e+00 9.979836e-01 1.196627e+00 0 0 4.437200e-03 1.855251e-03 1.582358e-04 2.377124e-03 -1.697015e-03
-6.000000e+00 6.000000e+00 9.976577e-01 1.001049e+00 1.001492e+00 9.967226e-01 1.197308e+00 0 0 5.101144e-03 -3.325870e-04 -3.664750e-03 8.255137e-04 -3.332162e-03
-6.345346e+00 4.000000e+00 1.000486e+00 1.000397e+00 1.000092e+00 1.000652e+00 1.195421e+00 0 0 -1.352081e-03 -1.366561e-03 -2.189462e-03 -4.131017e-05 -8.229009e-04
-6.345346e+00 4.345346e+00 1.001534e+00 9.999108e-01 9.995646e-01 1.002137e+00 1.194555e+00 0 0 -1.459899e-03 -1.579917e-03 -1.714592e-03 -1.582391e-03 -1.346752e-04
-6.345346e+00 5.000000e+00 1.001834e+00 9.991692e-01 9.991602e-01 1.002577e+00 1.193788e+00 0 0 7.879668e-04 -2.812537e-04 -3.637086e-04 5.970177e-04 -8.245487e-05
-6.345346e+00 5.654654e+00 9.996029e-01 9.997301e-01 1.000323e+00 9.994399e-01 1.195358e+00 0 0 2.067968e-03 1.773994e-03 1.977304e-03 2.920045e-03 2.033103e-04
-6.345346e+00 6.000000e+00 9.978612e-01 1.000342e+00 1.001594e+00 9.970041e-01 1.196900e+00 0 0 2.376239e-04 1.127225e-03 2.327981e-03 5.101589e-03 1.200757e-03
-7.000000e+00 4.000000e+00 9.997656e-01 1.000944e+00 1.001377e+00 9.996733e-01 1.196671e+00 0 0 5.324819e-04 -1.734636e-03 -1.432423e-03 -1.557855e-03 3.022128e-04
-7.000000e+00 4.345346e+00 1.000682e+00 1.000292e+00 1.000849e+00 1.000956e+00 1.195747e+00 0 0 -3.268571e-04 -1.979756e-03 -1.798959e-03 -1.710251e-03 1.807974e-04
-7.000000e+00 5.000000e+00 1.001260e+00 9.992190e-01 9.997227e-01 1.001767e+00 1.194294e+00 0 0 -1.772231e-03 -9.311555e-04 -8.010957e-04 -1.568671e-03 1.300598e-04
-7.000000e+00 5.654654e+00 9.999837e-01 9.994947e-01 9.989759e-01 9.999775e-01 1.194318e+00 0 0 -8.091267e-04 1.979448e-03 1.628770e-03 -5.592188e-04 -3.506778e-04
-7.000000e+00 6.000000e+00 9.992861e-01 1.000475e+00 9.989448e-01 9.990005e-01 1.195053e+00 0 0 4.902997e-04 3.232226e-03 3.948153e-03 9.735495e-04 7.159271e-04
-7.654654e+00 4.000000e+00 9.997621e-01 9.999996e-01 1.001234e+00 9.996777e-01 1.196017e+00 0 0 1.091598e-03 3.667072e-03 2.725454e-03 -8.125072e-04 -9.416173e-04
-7.654654e+00 4.345346e+00 9.992129e-01 1.000959e+00 1.001183e+00 9.989009e-01 1.196695e+00 0 0 -2.032878e-03 1.756485e-03 1.503244e-03 -6.551462e-04 -2.532406e-04
-7.654654e+00 5.000000e+00 9.983951e-01 1.001132e+00 1.000175e+00 9.977493e-01 1.196397e+00 0 0 -2.715406e-03 -9.581539e-04 -1.063151e-03 -2.143780e-03 -1.049969e-04
-7.654654e+00 5.654654e+00 1.000163e+00 1.000081e+00 9.987893e-01 1.000229e+00 1.194514e+00 0 0 -3.478994e-04 -1.913101e-03 -1.488376e-03 -1.949315e-03 4.247258e-04
-7.654654e+00 6.000000e+00 1.002025e+00 9.994777e-01 9.980918e-01 1.002834e+00 1.193295e+00 0 0 1.856792e-03 -1.008897e-03 -1.974318e-03 -2.494903e-03 -9.654208e-04
-8.000000e+00 4.000000e+00 9.996055e-01 1.000243e+00 9.995229e-01 9.994386e-01 1.195189e+00 0 0 -3.658989e-03 7.283549e-03 7.050672e-03 8.889205e-04 -2.328771e-04
-8.000000e+00 4.345346e+00 9.972506e-01 1.001904e+00 1.000058e+00 9.961496e-01 1.197062e+00 0 0 -4.974462e-03 2.117667e-03 4.579298e-03 2.118599e-03 2.461631e-03
-8.000000e+00 5.000000e+00 9.976368e-01 1.001430e+00 1.000847e+00 9.966931e-01 1.197156e+00 0 0 2.132257e-03 -2.334577e-03 -2.964228e-03 -3.798459e-04 -6.296510e-04
-8.000000e+00 5.654654e+00 1.001123e+00 9.998809e-01 9.997456e-01 1.001572e+00 1.194738e+00 0 0 3.011137e-03 -2.130834e-03 -3.695113e-03 -2.054943e-03 -1.564280e-03
-8.000000e+00 6.000000e+00 1.001985e+00 9.991311e-01 9.993878e-01 1.002784e+00 1.193868e+00 0 0 -2.723306e-04 -2.195947e-03 -4.694328e-03 2.035936e-05 -2.498380e-03
VARIABLES = "X", "Y", "ro", "u", "v", "pre", "Ma", "PART", "IMEX", "Ux", "Uy", "Vx", "Vy", "Vort" 
ZONE I=5, J=5, DATAPACKING=POINT
-6.000000e+00 6.000000e+00 9.975623e-01 1.001280e+00 1.001418e+00 9.965899e-01 1.197424e+00 0 0 6.286861e-03 -6.540039e-03 -4.485057e-03 7.120298e-04 2.054981e-03
-6.000000e+00 6.345346e+00 9.984346e-01 9.997555e-01 1.001107e+00 9.978054e-01 1.196121e+00 0 0 -2.083361e-03 -1.697716e-03 -4.406334e-04 -2.391144e-03 1.257083e-03
-6.000000e+00 7.000000e+00 9.995179e-01 1.000134e+00 9.990412e-01 9.993231e-01 1.194852e+00 0 0 -5.411460e-03 1.229590e-03 1.486668e-03 -2.931859e-03 2.570773e-04
-6.000000e+00 7.654654e+00 1.001940e+00 1.000001e+00 9.980827e-01 1.002718e+00 1.193620e+00 0 0 2.575753e-03 -1.898308e-03 -3.304605e-03 3.455652e-04 -1.406297e-03
-6.000000e+00 8.000000e+00 1.003100e+00 9.991798e-01 9.985912e-01 1.004344e+00 1.193157e+00 0 0 7.144402e-03 -2.406533e-03 -1.872008e-03 3.556429e-03 5.345250e-04
-6.345346e+00 6.000000e+00 9.979812e-01 1.000272e+00 1.001694e+00 9.971711e-01 1.196890e+00 0 0 7.286187e-04 2.148837e-03 2.052754e-03 9.190851e-05 -9.608231e-05
-6.345346e+00 6.345346e+00 9.972216e-01 1.001045e+00 1.000940e+00 9.961141e-01 1.197080e+00 0 0 -3.435502e-03 1.720717e-03 1.587284e-03 -3.264103e-03 -1.334324e-04
-6.345346e+00 7.000000e+00 9.993353e-01 1.001081e+00 9.991324e-01 9.990666e-01 1.195517e+00 0 0 -1.032212e-03 -1.658908e-03 -1.781702e-03 -1.352212e-03 -1.227939e-04
-6.345346e+00 7.654654e+00 1.002256e+00 9.992817e-01 9.992191e-01 1.003159e+00 1.193795e+00 0 0 9.640435e-04 -3.293300e-03 -3.235740e-03 8.952509e-04 5.756055e-05
-6.345346e+00 8.000000e+00 1.002811e+00 9.982131e-01 9.993336e-01 1.003936e+00 1.193094e+00 0 0 -2.399738e-04 -3.130541e-03 -1.956852e-03 -5.535326e-04 1.173688e-03
-7.000000e+00 6.000000e+00 9.993091e-01 1.000390e+00 9.990486e-01 9.990325e-01 1.195059e+00 0 0 2.081684e-04 5.832667e-03 4.125729e-03 1.212583e-03 -1.706937e-03
-7.000000e+00 6.345346e+00 9.985936e-01 1.001604e+00 9.996407e-01 9.980348e-01 1.196308e+00 0 0 2.134533e-03 1.212189e-03 1.630888e-03 2.321163e-03 4.186984e-04
-7.000000e+00 7.000000e+00 9.998414e-01 1.000903e+00 1.000873e+00 9.997801e-01 1.196326e+00 0 0 7.775065e-04 -2.227363e-03 -2.372896e-03 8.253196e-04 -1.455327e-04
-7.000000e+00 7.654654e+00 1.000395e+00 9.997642e-01 1.000549e+00 1.000552e+00 1.195322e+00 0 0 -1.947312e-03 -7.234045e-04 -6.268065e-04 -1.512799e-03 9.659798e-05
-7.000000e+00 8.000000e+00 9.996935e-01 9.997869e-01 1.000003e+00 9.995688e-01 1.195178e+00 0 0 -2.819738e-03 1.363612e-03 -1.378859e-04 -2.245727e-03 -1.501498e-03
-7.654654e+00 6.000000e+00 1.001932e+00 9.995648e-01 9.980474e-01 1.002704e+00 1.193342e+00 0 0 1.769318e-03 -3.040101e-03 -1.751046e-03 1.399153e-03 1.289055e-03
-7.654654e+00 6.345346e+00 1.002610e+00 9.991958e-01 9.990747e-01 1.003652e+00 1.193575e+00 0 0 3.440680e-03 8.048043e-04 4.912968e-04 3.825129e-03 -3.135075e-04
-7.654654e+00 7.000000e+00 1.000090e+00 1.000482e+00 1.001141e+00 1.000131e+00 1.196174e+00 0 0 5.586213e-04 1.928884e-03 1.963497e-03 1.421046e-03 3.461310e-05
-7.654654e+00 7.654654e+00 9.981026e-01 1.000874e+00 1.000621e+00 9.973449e-01 1.196576e+00 0 0 -5.052855e-04 -7.697524e-04 -6.566477e-04 -2.201937e-03 1.131046e-04
-7.654654e+00 8.000000e+00 9.981848e-01 1.000494e+00 1.000108e+00 9.974617e-01 1.196022e+00 0 0 1.156063e-03 -1.235350e-03 -9.206424e-04 1.559761e-03 3.147071e-04
-8.000000e+00 6.000000e+00 1.002082e+00 9.991741e-01 9.992795e-01 1.002920e+00 1.193806e+00 0 0 2.312325e-04 -3.985570e-03 -4.556728e-03 -4.017713e-03 -5.711583e-04
-8.000000e+00 6.345346e+00 1.002742e+00 9.987558e-01 9.987229e-01 1.003844e+00 1.193066e+00 0 0 -2.819257e-03 1.034386e-03 1.708015e-03 6.960789e-05 6.736292e-04
-8.000000e+00 7.000000e+00 1.000862e+00 1.000240e+00 1.000037e+00 1.001204e+00 1.195190e+00 0 0 7.253835e-04 2.125993e-03 3.777844e-03 3.011465e-03 1.651851e-03
-8.000000e+00 7.654654e+00 9.976540e-01 1.000538e+00 1.001367e+00 9.967160e-01 1.196930e+00 0 0 3.180706e-03 -1.506969e-03 -3.691216e-03 8.050700e-05 -2.184247e-03
-8.000000e+00 8.000000e+00 9.976176e-01 9.996469e-01 1.000798e+00 9.966667e-01 1.196065e+00 0 0 3.864227e-03 -4.681193e-03 -2.783422e-03 -2.510837e-03 1.897771e-03
VARIABLES = "X", "Y", "ro", "u", "v", "pre", "Ma", "PART", "IMEX", "Ux", "Uy", "Vx", "Vy", "Vort" 
ZONE I=5, J=5, DATAPACKING=POINT
-4.000000e+00 0.000000e+00 1.001720e+00 9.969905e-01 9.999360e-01 1.004672e+00 1.191638e+00 0 0 -4.431617e-02 -6.940182e-03 5.077819e-02 -1.524688e-03 5.771837e-02
-4.000000e+00 3.453460e-01 1.002826e+00 9.957805e-01 9.986855e-01 1.005342e+00 1.190430e+00 0 0 -2.582334e-02 -2.975105e-04 5.453809e-02 -5.316222e-03 5.483560e-02
-4.000000e+00 1.000000e+00 1.000337e+00 9.979610e-01 9.957588e-01 1.001009e+00 1.191076e+00 0 0 -9.502212e-03 5.554301e-03 2.002292e-02 -1.885767e-03 1.446862e-02
-4.000000e+00 1.654654e+00 9.968566e-01 1.001510e+00 9.970166e-01 9.960083e-01 1.194860e+00 0 0 -5.279038e-03 4.323530e-03 -1.235661e-03 5.257614e-03 -5.559192e-03
-4.000000e+00 2.000000e+00 9.958600e-01 1.002579e+00 9.990922e-01 9.942175e-01 1.197217e+00 0 0 -1.136150e-03 1.342480e-03 -5.393547e-04 7.207190e-03 -1.881835e-03
-4.345346e+00 0.000000e+00 9.988781e-01 1.002545e+00 9.960346e-01 1.000137e+00 1.193634e+00 0 0 5.853430e-04 -7.411369e-03 -4.594227e-03 -1.269615e-02 2.817142e-03
-4.345346e+00 3.453460e-01 1.001050e+00 1.000191e+00 9.936343e-01 1.001620e+00 1.191206e+00 0 0 -5.016694e-03 -4.506183e-03 -3.845852e-03 -3.086744e-03 6.603308e-04
-4.345346e+00 1.000000e+00 1.001010e+00 9.997235e-01 9.947683e-01 1.000937e+00 1.191984e+00 0 0 -5.042322e-03 2.178601e-03 -6.012337e-03 5.174768e-03 -8.190938e-03
-4.345346e+00 1.654654e+00 9.981894e-01 1.001436e+00 9.986744e-01 9.972688e-01 1.195847e+00 0 0 6.032678e-04 1.769086e-03 -5.941332e-03 5.256214e-03 -7.710418e-03
-4.345346e+00 2.000000e+00 9.976079e-01 1.001600e+00 9.998457e-01 9.964301e-01 1.196800e+00 0 0 2.449157e-03 -8.327026e-04 -2.669772e-03 8.809381e-04 -1.837069e-03
-5.000000e+00 0.000000e+00 1.000349e+00 9.994063e-01 1.001711e+00 9.995236e-01 1.196391e+00 0 0 -5.008816e-04 6.760032e-03 -4.707171e-03 -2.226032e-03 -1.146720e-02
-5.000000e+00 3.453460e-01 9.999237e-01 1.001480e+00 1.001017e+00 9.994047e-01 1.197032e+00 0 0 -2.634317e-03 4.168861e-03 -9.099001e-03 -1.774825e-03 -1.326786e-02
-5.000000e+00 1.000000e+00 9.996064e-01 1.002197e+00 1.000441e+00 9.989581e-01 1.197194e+00 0 0 -1.609381e-03 -1.333158e-03 -6.221333e-03 5.043724e-05 -4.888174e-03
-5.000000e+00 1.654654e+00 9.989525e-01 1.000885e+00 1.000711e+00 9.983503e-01 1.196543e+00 0 0 1.216715e-03 -1.770252e-03 7.579068e-04 1.861202e-04 2.528158e-03
-5.000000e+00 2.000000e+00 9.994471e-01 1.000518e+00 1.000511e+00 9.993032e-01 1.195930e+00 0 0 1.271609e-03 -5.122815e-04 1.042872e-03 -1.372859e-03 1.555153e-03
-5.654654e+00 0.000000e+00 9.994884e-01 1.003142e+00 1.001799e+00 9.988355e-01 1.198573e+00 0 0 -2.592635e-03 1.301265e-03 3.362308e-04 6.448758e-03 -9.650346e-04
-5.654654e+00 3.453460e-01 9.982194e-01 1.002946e+00 1.003104e+00 9.974762e-01 1.199291e+00 0 0 2.219717e-03 -2.101336e-03 -4.524662e-04 1.308272e-03 1.648870e-03
-5.654654e+00 1.000000e+00 9.982454e-01 1.000852e+00 1.001715e+00 9.980317e-01 1.196891e+00 0 0 6.013461e-03 -3.424964e-03 5.821521e-05 -4.409664e-03 3.483179e-03
-5.654654e+00 1.654654e+00 1.001540e+00 9.992238e-01 9.992069e-01 1.002272e+00 1.193855e+00 0 0 4.449249e-03 -1.154402e-03 1.051075e-03 -1.641772e-03 2.205477e-03
-5.654654e+00 2.000000e+00 1.002316e+00 9.991666e-01 9.994987e-01 1.003217e+00 1.193895e+00 0 0 3.278983e-03 1.695564e-03 4.845077e-04 3.127597e-03 -1.211057e-03
-6.000000e+00 0.000000e+00 9.982875e-01 9.997076e-01 1.002796e+00 9.973923e-01 1.197263e+00 0 0 2.385745e-02 8.510628e-04 -2.311620e-03 8.547731e-03 -3.162683e-03
-6.000000e+00 3.453460e-01 9.974685e-01 9.996759e-01 1.003991e+00 9.966049e-01 1.197942e+00 0 0 1.626288e-02 -1.268864e-03 -2.703534e-03 4.952022e-04 -1.434669e-03
-6.000000e+00 1.000000e+00 1.000340e+00 9.981506e-01 1.002368e+00 1.000519e+00 1.195434e+00 0 0 1.200159e-02 -2.614834e-03 -3.147193e-03 -4.118452e-03 -5.323590e-04
-6.000000e+00 1.654654e+00 1.004038e+00 9.972076e-01 1.000031e+00 1.005760e+00 1.192557e+00 0 0 1.077192e-02 3.767475e-04 -4.100442e-03 -1.939413e-03 -4.477190e-03
-6.000000e+00 2.000000e+00 1.004004e+00 9.978205e-01 1.000021e+00 1.005755e+00 1.192900e+00 0 0 6.352022e-03 3.475636e-03 -1.846932e-03 2.312816e-03 -5.322568e-03
VARIABLES = "X", "Y", "ro", "u", "v", "pre", "Ma", "PART", "IMEX", "Ux", "Uy", "Vx", "Vy", "Vort" 
ZONE I=5, J=5, DATAPACKING=POINT
-4.000000e+00 2.000000e+00 9.958908e-01 1.002510e+00 9.992921e-01 9.942417e-01 1.197299e+00 0 0 -2.003701e-03 4.384746e-03 1.413354e-03 6.072727e-03 -2.971391e-03
-4.000000e+00 2.345346e+00 9.961089e-01 1.002403e+00 1.000294e+00 9.943787e-01 1.197882e+00 0 0 4.202696e-03 -3.935871e-03 -4.119311e-03 1.064581e-03 -1.834395e-04
-4.000000e+00 3.000000e+00 1.002228e+00 9.992157e-01 9.998499e-01 1.003142e+00 1.194126e+00 0 0 -5.512387e-04 -3.141142e-03 -1.871136e-03 -1.418689e-03 1.270006e-03
-4.000000e+00 3.654654e+00 1.002829e+00 9.997336e-01 9.993829e-01 1.003985e+00 1.194013e+00 0 0 -6.488102e-03 4.328143e-03 5.636978e-03 3.729084e-04 1.308836e-03
-4.000000e+00 4.000000e+00 9.998863e-01 1.001449e+00 9.997261e-01 9.998060e-01 1.195980e+00 0 0 -3.057311e-03 5.298714e-03 1.263235e-03 8.164353e-05 -4.035479e-03
-4.345346e+00 2.000000e+00 9.974628e-01 1.001632e+00 9.998451e-01 9.962326e-01 1.196850e+00 0 0 2.552337e-03 -1.564166e-04 -2.682114e-03 5.003469e-03 -2.525697e-03
-4.345346e+00 2.345346e+00 9.983459e-01 1.001189e+00 1.001096e+00 9.974797e-01 1.197113e+00 0 0 1.331413e-03 -1.837688e-03 -9.533793e-04 1.989405e-03 8.843089e-04
-4.345346e+00 3.000000e+00 1.001465e+00 1.000197e+00 1.000406e+00 1.002079e+00 1.195223e+00 0 0 -2.312192e-03 -7.763401e-04 -1.204048e-03 -3.311079e-03 -4.277077e-04
-4.345346e+00 3.654654e+00 1.001909e+00 1.000195e+00 9.986200e-01 1.002698e+00 1.194051e+00 0 0 1.761413e-03 5.695085e-04 -4.358132e-05 -3.519936e-04 -6.130898e-04
-4.345346e+00 4.000000e+00 1.000309e+00 1.000443e+00 9.994423e-01 1.000380e+00 1.195118e+00 0 0 4.400735e-03 1.807431e-03 -1.972787e-04 3.940420e-03 -2.004710e-03
-5.000000e+00 2.000000e+00 9.995011e-01 1.000463e+00 1.000561e+00 9.993783e-01 1.195914e+00 0 0 1.162172e-03 3.422571e-04 1.206255e-03 7.189701e-05 8.639981e-04
-5.000000e+00 2.345346e+00 9.996630e-01 1.000811e+00 1.000979e+00 9.996718e-01 1.196293e+00 0 0 1.408302e-03 9.861464e-04 6.281530e-04 1.900277e-03 -3.579934e-04
-5.000000e+00 3.000000e+00 1.000579e+00 1.000587e+00 1.001384e+00 1.000800e+00 1.196274e+00 0 0 9.187562e-04 -1.907873e-03 -1.797009e-03 -1.503778e-03 1.108641e-04
-5.000000e+00 3.654654e+00 1.001103e+00 9.989389e-01 9.994907e-01 1.001525e+00 1.194038e+00 0 0 -1.276085e-04 -1.997740e-03 -1.419238e-03 -2.633523e-03 5.785019e-04
-5.000000e+00 4.000000e+00 1.000024e+00 9.987807e-01 9.993794e-01 1.000066e+00 1.194104e+00 0 0 -6.091729e-04 1.535671e-03 1.085951e-03 3.268994e-03 -4.497201e-04
-5.654654e+00 2.000000e+00 1.002283e+00 9.993198e-01 9.993658e-01 1.003165e+00 1.193918e+00 0 0 3.081264e-03 -2.024564e-03 5.595572e-04 2.405830e-03 2.584121e-03
-5.654654e+00 2.345346e+00 1.002147e+00 9.990335e-01 1.000593e+00 1.003014e+00 1.194489e+00 0 0 2.500722e-03 7.540196e-04 8.168511e-04 3.579093e-03 6.283149e-05
-5.654654e+00 3.000000e+00 9.992890e-01 1.000252e+00 1.001839e+00 9.990092e-01 1.196646e+00 0 0 -1.519630e-03 1.921069e-03 1.689965e-03 -4.076531e-04 -2.311041e-04
-5.654654e+00 3.654654e+00 9.981050e-01 1.000729e+00 1.000054e+00 9.973359e-01 1.196158e+00 0 0 -3.760169e-03 -5.261648e-04 -7.597289e-04 -4.428850e-03 -2.335640e-04
-5.654654e+00 4.000000e+00 9.991170e-01 1.000460e+00 9.985107e-01 9.987678e-01 1.194823e+00 0 0 -2.378048e-03 -6.284913e-04 5.856092e-05 -3.574306e-03 6.870522e-04
-6.000000e+00 2.000000e+00 1.003959e+00 9.978568e-01 1.000014e+00 1.005694e+00 1.192926e+00 0 0 7.608224e-03 2.230469e-03 -2.557927e-03 5.677151e-04 -4.788395e-03
-6.000000e+00 2.345346e+00 1.002372e+00 9.991161e-01 1.000068e+00 1.003395e+00 1.194132e+00 0 0 -4.839605e-03 4.644776e-03 3.099011e-03 -1.892395e-06 -1.545766e-03
-6.000000e+00 3.000000e+00 9.971988e-01 1.001716e+00 1.000375e+00 9.960699e-01 1.197157e+00 0 0 -9.545529e-03 2.130123e-03 5.877761e-03 9.451133e-04 3.747638e-03
-6.000000e+00 3.654654e+00 9.973679e-01 1.001392e+00 1.000567e+00 9.963201e-01 1.197029e+00 0 0 1.265699e-03 -2.649972e-03 -2.439429e-03 -1.410293e-03 2.105428e-04
-6.000000e+00 4.000000e+00 1.000263e+00 1.000415e+00 9.993977e-01 1.000378e+00 1.195048e+00 0 0 4.557169e-03 -2.252726e-03 -5.320947e-03 -5.297374e-03 -3.068221e-03
VARIABLES = "X", "Y", "ro", "u", "v", "pre", "Ma", "PART", "IMEX", "Ux", "Uy", "Vx", "Vy", "Vort" 
ZONE I=5, J=5, DATAPACKING=POINT
-4.000000e+00 4.000000e+00 1.000042e+00 1.001536e+00 9.994366e-01 1.000017e+00 1.195825e+00 0 0 -4.385357e-03 4.265980e-03 1.986820e-03 -3.384054e-03 -2.279160e-03
-4.000000e+00 4.345346e+00 9.983568e-01 1.001835e+00 9.999495e-01 9.976815e-01 1.196700e+00 0 0 6.598982e-03 -1.306158e-03 -4.338156e-03 3.451128e-03 -3.031998e-03
-4.000000e+00 5.000000e+00 9.979606e-01 1.000309e+00 1.001327e+00 9.971579e-01 1.196688e+00 0 0 1.648422e-03 -2.079467e-03 -9.726321e-04 -8.458617e-04 1.106835e-03
-4.000000e+00 5.654654e+00 1.000168e+00 9.997812e-01 9.991053e-01 1.000233e+00 1.194524e+00 0 0 -4.810582e-03 3.948924e-04 9.951388e-04 -4.306905e-03 6.002464e-04
-4.000000e+00 6.000000e+00 1.001055e+00 1.000042e+00 9.981107e-01 1.001471e+00 1.193877e+00 0 0 -3.869603e-04 1.672846e-03 -1.510643e-03 -1.448881e-03 -3.183489e-03
-4.345346e+00 4.000000e+00 1.000395e+00 1.000635e+00 9.991111e-01 1.000490e+00 1.195020e+00 0 0 4.596680e-03 -3.019785e-03 -5.721894e-04 8.852871e-04 2.447596e-03
-4.345346e+00 4.345346e+00 9.996463e-01 9.999773e-01 1.000332e+00 9.994829e-01 1.195511e+00 0 0 2.972730e-03 -1.553959e-04 6.726831e-04 3.709276e-03 8.280790e-04
-4.345346e+00 5.000000e+00 9.977052e-01 1.000797e+00 1.001298e+00 9.968094e-01 1.197018e+00 0 0 -2.431346e-03 1.452685e-03 1.257294e-03 -1.320616e-03 -1.953910e-04
-4.345346e+00 5.654654e+00 1.000040e+00 1.000763e+00 9.993618e-01 1.000047e+00 1.195300e+00 0 0 -1.342041e-03 -1.814512e-03 -2.143205e-03 -3.140264e-03 -3.286923e-04
-4.345346e+00 6.000000e+00 1.001873e+00 9.999294e-01 9.987589e-01 1.002614e+00 1.194004e+00 0 0 7.136513e-04 -2.210478e-03 -2.612689e-03 2.368456e-04 -4.022107e-04
-5.000000e+00 4.000000e+00 1.000192e+00 9.987609e-01 9.994234e-01 1.000308e+00 1.194074e+00 0 0 -4.368427e-04 1.051194e-03 6.430712e-04 -3.082114e-03 -4.081232e-04
-5.000000e+00 4.345346e+00 9.989809e-01 9.996975e-01 9.988606e-01 9.985873e-01 1.194602e+00 0 0 -9.597948e-04 3.593389e-03 2.747473e-03 -2.285385e-05 -8.459162e-04
-5.000000e+00 5.000000e+00 9.985974e-01 1.001491e+00 1.000171e+00 9.980281e-01 1.196564e+00 0 0 1.338520e-03 9.573573e-04 1.399614e-03 3.040792e-03 4.422567e-04
-5.000000e+00 5.654654e+00 1.000229e+00 1.000758e+00 1.001336e+00 1.000329e+00 1.196421e+00 0 0 6.674450e-04 -2.698094e-03 -2.790198e-03 -5.975915e-04 -9.210478e-05
-5.000000e+00 6.000000e+00 1.001379e+00 9.997783e-01 1.000447e+00 1.001936e+00 1.195031e+00 0 0 -7.202085e-04 -3.390594e-03 -1.891228e-03 -3.718764e-03 1.499366e-03
-5.654654e+00 4.000000e+00 9.990686e-01 1.000476e+00 9.986149e-01 9.987012e-01 1.194906e+00 0 0 -2.538841e-03 -5.929446e-04 1.970482e-04 -2.791418e-03 7.899928e-04
-5.654654e+00 4.345346e+00 1.000181e+00 9.999924e-01 9.980581e-01 1.000262e+00 1.194016e+00 0 0 7.832838e-04 -1.700291e-03 -1.291337e-03 7.836871e-05 4.089534e-04
-5.654654e+00 5.000000e+00 1.001252e+00 9.994790e-01 9.997374e-01 1.001745e+00 1.194466e+00 0 0 3.220523e-03 5.731459e-04 3.690997e-04 4.191894e-03 -2.040462e-04
-5.654654e+00 5.654654e+00 9.991272e-01 1.000496e+00 1.001856e+00 9.987808e-01 1.196842e+00 0 0 -2.253650e-04 1.757073e-03 1.777925e-03 6.130864e-04 2.085189e-05
-5.654654e+00 6.000000e+00 9.985857e-01 1.000809e+00 1.001063e+00 9.980267e-01 1.196682e+00 0 0 -1.788309e-03 -1.842668e-04 -5.079155e-04 -5.873594e-03 -3.236487e-04
-6.000000e+00 4.000000e+00 1.000076e+00 1.000459e+00 9.994984e-01 1.000117e+00 1.195179e+00 0 0 4.408860e-03 -3.016672e-03 -5.582129e-03 -1.427701e-04 -2.565458e-03
-6.000000e+00 4.345346e+00 1.002059e+00 9.993475e-01 9.992487e-01 1.002884e+00 1.193898e+00 0 0 4.567108e-03 -2.721280e-03 -5.165436e-03 -6.186517e-04 -2.444157e-03
-6.000000e+00 5.000000e+00 1.001773e+00 9.990211e-01 9.993832e-01 1.002480e+00 1.193854e+00 0 0 -1.986708e-03 1.794745e-03 2.062988e-03 1.211932e-03 2.682437e-04
-6.000000e+00 5.654654e+00 9.987339e-01 1.000798e+00 1.000706e+00 9.982297e-01 1.196429e+00 0 0 -2.326367e-03 2.379205e-03 4.211396e-03 2.457061e-03 1.832191e-03
-6.000000e+00 6.000000e+00 9.976665e-01 1.001141e+00 1.001475e+00 9.967357e-01 1.197351e+00 0 0 8.077921e-04 1.902466e-04 -2.469707e-03 1.372790e-03 -2.659953e-03
VARIABLES = "X", "Y", "ro", "u", "v", "pre", "Ma", "PART", "IMEX", "Ux", "Uy", "Vx", "Vy", "Vort" 
ZONE I=5, J=5, DATAPACKING=POINT
-4.000000e+00 6.000000e+00 1.000969e+00 1.000181e+00 9.979507e-01 1.001347e+00 1.193887e+00 0 0 -6.984337e-04 -2.049417e-03 -2.025725e-03 1.317293e-03 2.369247e-05
-4.000000e+00 6.345346e+00 1.001766e+00 9.994108e-01 9.987255e-01 1.002479e+00 1.193690e+00 0 0 3.687951e-03 -1.453145e-03 -1.179772e-03 2.374794e-03 2.733726e-04
-4.000000e+00 7.000000e+00 1.000054e+00 9.997704e-01 1.000312e+00 1.000072e+00 1.195268e+00 0 0 -1.235170e-03 2.315496e-03 3.621042e-03 2.159164e-03 1.305546e-03
-4.000000e+00 7.654654e+00 9.978027e-01 1.001166e+00 1.000738e+00 9.969280e-01 1.196891e+00 0 0 -1.380076e-03 2.542667e-04 -5.993693e-04 -1.842919e-03 -8.536360e-04
-4.000000e+00 8.000000e+00 9.993562e-01 1.000298e+00 9.992864e-01 9.991038e-01 1.195131e+00 0 0 1.017812e-03 -6.545871e-03 -6.584061e-03 -6.535036e-03 -3.819038e-05
-4.345346e+00 6.000000e+00 1.001722e+00 1.000023e+00 9.987605e-01 1.002399e+00 1.194099e+00 0 0 1.131186e-03 -4.632719e-03 -3.127707e-03 3.103423e-03 1.505012e-03
-4.345346e+00 6.345346e+00 1.002518e+00 9.990002e-01 9.991583e-01 1.003533e+00 1.193524e+00 0 0 -2.292764e-04 -1.013674e-03 -9.010238e-04 -7.665737e-05 1.126506e-04
-4.345346e+00 7.000000e+00 1.000073e+00 9.998666e-01 9.993112e-01 1.000097e+00 1.194723e+00 0 0 3.311512e-04 2.623253e-03 2.454830e-03 1.452388e-03 -1.684234e-04
-4.345346e+00 7.654654e+00 9.972843e-01 1.000984e+00 1.000879e+00 9.962030e-01 1.196991e+00 0 0 1.595289e-03 -2.772018e-04 -3.315585e-04 2.165897e-03 -5.435667e-05
-4.345346e+00 8.000000e+00 9.980452e-01 1.000271e+00 1.001045e+00 9.972700e-01 1.196480e+00 0 0 -2.673805e-04 -3.825341e-03 -3.900620e-03 -1.815831e-03 -7.527927e-05
-5.000000e+00 6.000000e+00 1.001342e+00 9.996320e-01 1.000645e+00 1.001885e+00 1.195070e+00 0 0 -6.334248e-04 2.279344e-04 -1.854739e-03 -2.215604e-03 -2.082674e-03
-5.000000e+00 6.345346e+00 1.001150e+00 9.997105e-01 9.994332e-01 1.001606e+00 1.194445e+00 0 0 -1.286767e-03 -3.719762e-04 -2.900959e-04 -3.315201e-03 8.188033e-05
-5.000000e+00 7.000000e+00 1.000411e+00 9.993060e-01 9.985541e-01 1.000578e+00 1.193850e+00 0 0 1.008893e-03 -2.679311e-04 -1.865473e-04 1.023881e-03 8.138382e-05
-5.000000e+00 7.654654e+00 9.990138e-01 9.999018e-01 1.000375e+00 9.986170e-01 1.195632e+00 0 0 1.016708e-03 2.162120e-03 2.150251e-03 3.662587e-03 -1.186926e-05
-5.000000e+00 8.000000e+00 9.981483e-01 1.000782e+00 1.001469e+00 9.974062e-01 1.197019e+00 0 0 -1.061917e-03 2.445433e-03 2.598090e-03 2.075142e-03 1.526564e-04
-5.654654e+00 6.000000e+00 9.985981e-01 1.000849e+00 1.001044e+00 9.980453e-01 1.196691e+00 0 0 -2.324076e-03 -5.802119e-04 -7.826348e-05 -3.633014e-03 5.019484e-04
-5.654654e+00 6.345346e+00 9.986664e-01 1.000265e+00 1.000143e+00 9.981328e-01 1.195792e+00 0 0 -1.190865e-04 -2.218502e-03 -2.297377e-03 -1.948119e-03 -7.887528e-05
-5.654654e+00 7.000000e+00 1.000154e+00 9.991412e-01 9.991047e-01 1.000218e+00 1.194143e+00 0 0 -1.149679e-03 -5.905890e-04 -7.187274e-04 -1.458958e-03 -1.281384e-04
-5.654654e+00 7.654654e+00 1.001655e+00 9.997946e-01 9.984635e-01 1.002320e+00 1.193792e+00 0 0 -3.626441e-04 2.491105e-03 2.699262e-03 5.360845e-05 2.081571e-04
-5.654654e+00 8.000000e+00 1.001390e+00 1.000849e+00 9.988956e-01 1.001947e+00 1.194744e+00 0 0 2.030065e-03 3.679603e-03 3.307058e-03 2.622201e-03 -3.725456e-04
-6.000000e+00 6.000000e+00 9.975885e-01 1.001348e+00 1.001392e+00 9.966280e-01 1.197443e+00 0 0 3.459946e-04 -5.184862e-03 -2.726423e-03 1.588956e-03 2.458439e-03
-6.000000e+00 6.345346e+00 9.982669e-01 1.000020e+00 1.001223e+00 9.975685e-01 1.196390e+00 0 0 3.133774e-03 -1.825296e-03 -3.366887e-03 -2.370217e-03 -1.541590e-03
-6.000000e+00 7.000000e+00 9.995621e-01 1.000042e+00 9.990104e-01 9.993848e-01 1.194768e+00 0 0 -4.861379e-03 6.995050e-04 1.542742e-03 -3.182565e-03 8.432367e-04
-6.000000e+00 7.654654e+00 1.001986e+00 9.998734e-01 9.980209e-01 1.002782e+00 1.193497e+00 0 0 -5.635529e-04 -1.443614e-03 -1.086995e-03 5.360096e-04 3.566188e-04
-6.000000e+00 8.000000e+00 1.002994e+00 9.992718e-01 9.986375e-01 1.004196e+00 1.193264e+00 0 0 8.238448e-03 -1.500477e-03 -2.588769e-03 4.172961e-03 -1.088292e-03
VARIABLES = "X", "Y", "ro", "u", "v", "pre", "Ma", "PART", "IMEX", "Ux", "Uy", "Vx", "Vy", "Vort" 
ZONE I=5, J=5, DATAPACKING=POINT
-2.000000e+00 0.000000e+00 9.882901e-01 1.000639e+00 6.304811e-01 9.825144e-01 1.002500e+00 0 0 1.729266e-02 -1.544459e-01 -4.740223e-01 -5.592915e-02 -3.195764e-01
-2.000000e+00 3.453460e-01 9.793652e-01 9.445002e-01 6.437036e-01 9.743359e-01 9.684960e-01 0 0 -5.222914e-02 -1.479972e-01 -4.954925e-01 1.152499e-01 -3.474953e-01
-2.000000e+00 1.000000e+00 9.900181e-01 8.895825e-01 7.702405e-01 9.877607e-01 9.956304e-01 0 0 -2.112109e-01 -1.098183e-02 -3.913008e-01 2.322846e-01 -3.803190e-01
-2.000000e+00 1.654654e+00 1.002718e+00 9.213402e-01 9.095439e-01 1.001518e+00 1.094840e+00 0 0 -1.910410e-01 8.974776e-02 -1.682826e-01 1.720720e-01 -2.580304e-01
-2.000000e+00 2.000000e+00 1.002225e+00 9.528832e-01 9.562036e-01 1.000942e+00 1.141631e+00 0 0 -1.208814e-01 8.132076e-02 -8.459190e-02 9.177440e-02 -1.659127e-01
-2.345346e+00 0.000000e+00 9.969134e-01 1.000833e+00 7.856375e-01 9.969855e-01 1.075299e+00 0 0 -2.115393e-03 -1.094078e-01 -3.935723e-01 -2.727427e-02 -2.841646e-01
-2.345346e+00 3.453460e-01 9.972176e-01 9.682841e-01 7.971008e-01 9.962918e-01 1.060460e+00 0 0 -7.007352e-02 -7.184522e-02 -3.792081e-01 8.178017e-02 -3.073629e-01
-2.345346e+00 1.000000e+00 1.000305e+00 9.486579e-01 8.775214e-01 9.992714e-01 1.092743e+00 0 0 -1.313451e-01 7.778215e-03 -2.481986e-01 1.374324e-01 -2.559768e-01
-2.345346e+00 1.654654e+00 1.000208e+00 9.684078e-01 9.538878e-01 9.988139e-01 1.149626e+00 0 0 -9.018311e-02 4.217472e-02 -9.978137e-02 8.627669e-02 -1.419561e-01
-2.345346e+00 2.000000e+00 9.989747e-01 9.818669e-01 9.769737e-01 9.976093e-01 1.171436e+00 0 0 -5.296941e-02 3.070417e-02 -4.756109e-02 4.636214e-02 -7.826527e-02
-3.000000e+00 0.000000e+00 9.977530e-01 1.002114e+00 9.607534e-01 9.958265e-01 1.174432e+00 0 0 -1.201764e-03 -1.629780e-03 -1.428408e-01 -5.382815e-04 -1.412110e-01
-3.000000e+00 3.453460e-01 9.983552e-01 1.000474e+00 9.638970e-01 9.976867e-01 1.174533e+00 0 0 -2.049900e-02 -7.486060e-03 -1.354008e-01 1.761254e-02 -1.279148e-01
-3.000000e+00 1.000000e+00 1.000438e+00 9.954803e-01 9.794764e-01 1.000393e+00 1.180328e+00 0 0 -2.194179e-02 -5.378392e-03 -7.666048e-02 2.493232e-02 -7.128208e-02
-3.000000e+00 1.654654e+00 1.000300e+00 9.949552e-01 9.925563e-01 1.000617e+00 1.187578e+00 0 0 -1.005018e-02 3.681932e-03 -2.596482e-02 1.406131e-02 -2.964675e-02
-3.000000e+00 2.000000e+00 9.993916e-01 9.967392e-01 9.965321e-01 9.996235e-01 1.191069e+00 0 0 -6.194344e-03 6.570349e-03 -1.474704e-02 9.239381e-03 -2.131739e-02
-3.654654e+00 0.000000e+00 1.002079e+00 1.001236e+00 9.990696e-01 1.003168e+00 1.194763e+00 0 0 6.798392e-03 -7.580426e-03 -8.057667e-03 1.145202e-03 -4.772410e-04
-3.654654e+00 3.453460e-01 1.003577e+00 9.981550e-01 9.991271e-01 1.005288e+00 1.192588e+00 0 0 1.578993e-02 -8.725630e-03 -3.669129e-03 -1.484186e-03 5.056500e-03
-3.654654e+00 1.000000e+00 1.003508e+00 9.949292e-01 9.974657e-01 1.005929e+00 1.189251e+00 0 0 6.621117e-03 6.335399e-05 3.381396e-03 -2.343672e-03 3.318042e-03
-3.654654e+00 1.654654e+00 1.000889e+00 9.978905e-01 9.974787e-01 1.001573e+00 1.192054e+00 0 0 -5.297356e-03 7.190775e-03 2.958800e-03 3.288861e-03 -4.231975e-03
-3.654654e+00 2.000000e+00 9.986943e-01 1.000015e+00 9.994190e-01 9.981521e-01 1.195215e+00 0 0 -5.895476e-03 2.879516e-03 2.242236e-03 9.062106e-03 -6.372792e-04
-4.000000e+00 0.000000e+00 9.995923e-01 9.961690e-01 1.003117e+00 1.001543e+00 1.193645e+00 0 0 2.140550e-02 -3.666884e-03 -9.907274e-03 -6.850524e-04 -6.240389e-03
-4.000000e+00 3.453460e-01 1.001462e+00 9.953853e-01 1.001419e+00 1.004062e+00 1.191778e+00 0 0 -8.124636e-03 -3.420548e-04 -6.740344e-03 -7.932149e-03 -6.398289e-03
-4.000000e+00 1.000000e+00 1.000583e+00 9.970693e-01 9.966285e-01 1.001468e+00 1.190936e+00 0 0 -2.979385e-02 4.816062e-03 -1.100522e-03 -4.089939e-03 -5.916584e-03
-4.000000e+00 1.654654e+00 9.968534e-01 1.000540e+00 9.971762e-01 9.962141e-01 1.194248e+00 0 0 -1.458167e-02 4.728632e-03 -3.650869e-03 5.000667e-03 -8.379501e-03
-4.000000e+00 2.000000e+00 9.959798e-01 1.001747e+00 9.991447e-01 9.946270e-01 1.196575e+00 0 0 -6.859950e-03 1.583275e-03 -3.055108e-03 7.062371e-03 -4.638383e-03
VARIABLES = "X", "Y", "ro", "u", "v", "pre", "Ma", "PART", "IMEX", "Ux", "Uy", "Vx", "Vy", "Vort" 
ZONE I=5, J=5, DATAPACKING=POINT
-2.000000e+00 2.000000e+00 1.003079e+00 9.523362e-01 9.560437e-01 1.002024e+00 1.141078e+00 0 0 -1.207520e-01 9.736381e-02 -8.109813e-02 8.374054e-02 -1.784619e-01
-2.000000e+00 2.345346e+00 1.000891e+00 9.788829e-01 9.771236e-01 1.000246e+00 1.169315e+00 0 0 -6.174013e-02 5.564361e-02 -3.938194e-02 4.183823e-02 -9.502556e-02
-2.000000e+00 3.000000e+00 9.997335e-01 9.966171e-01 9.924877e-01 9.999816e-01 1.188573e+00 0 0 1.647171e-03 6.340727e-03 -1.285936e-02 1.339710e-02 -1.920009e-02
-2.000000e+00 3.654654e+00 1.000186e+00 9.966178e-01 9.998360e-01 1.000289e+00 1.193050e+00 0 0 -1.989571e-03 -3.794261e-04 -3.090572e-03 8.867208e-03 -2.711146e-03
-2.000000e+00 4.000000e+00 1.000055e+00 9.976495e-01 1.001598e+00 9.998250e-01 1.194919e+00 0 0 -1.094788e-02 6.342251e-03 2.557778e-03 2.151532e-03 -3.784474e-03
-2.345346e+00 2.000000e+00 9.994982e-01 9.815765e-01 9.767203e-01 9.982882e-01 1.171019e+00 0 0 -5.400830e-02 4.080275e-02 -4.783740e-02 3.711183e-02 -8.864015e-02
-2.345346e+00 2.345346e+00 1.000147e+00 9.918462e-01 9.866777e-01 9.999205e-01 1.182532e+00 0 0 -2.084659e-02 1.907193e-02 -2.350184e-02 2.111238e-02 -4.257377e-02
-2.345346e+00 3.000000e+00 1.001241e+00 9.970203e-01 9.957165e-01 1.001952e+00 1.190466e+00 0 0 -2.916456e-03 1.717927e-03 -6.955956e-03 9.576018e-03 -8.673883e-03
-2.345346e+00 3.654654e+00 9.993279e-01 9.985017e-01 1.000433e+00 9.989907e-01 1.194794e+00 0 0 -6.079741e-03 4.272659e-03 2.083164e-04 3.712969e-03 -4.064343e-03
-2.345346e+00 4.000000e+00 9.986456e-01 1.000267e+00 1.000358e+00 9.979548e-01 1.196015e+00 0 0 -3.977768e-03 5.003076e-03 3.385651e-03 -3.260249e-03 -1.617425e-03
-3.000000e+00 2.000000e+00 9.993903e-01 9.968417e-01 9.964503e-01 9.996111e-01 1.191088e+00 0 0 -6.087069e-03 2.773198e-03 -1.491001e-02 6.120811e-03 -1.768321e-02
-3.000000e+00 2.345346e+00 9.998663e-01 9.976051e-01 9.976143e-01 1.000291e+00 1.192119e+00 0 0 -4.777164e-03 2.299810e-03 -9.872766e-03 1.163307e-03 -1.217258e-02
-3.000000e+00 3.000000e+00 1.000118e+00 9.993793e-01 9.980156e-01 1.000112e+00 1.193675e+00 0 0 -3.300260e-03 2.962454e-03 -9.366716e-04 1.423477e-03 -3.899126e-03
-3.000000e+00 3.654654e+00 9.992598e-01 1.000813e+00 9.995923e-01 9.989001e-01 1.195686e+00 0 0 2.778700e-06 5.994991e-04 1.059721e-03 2.248415e-03 4.602214e-04
-3.000000e+00 4.000000e+00 9.998617e-01 1.000452e+00 9.997705e-01 9.999163e-01 1.195329e+00 0 0 1.835161e-03 -3.202334e-03 -1.674108e-03 -1.336502e-03 1.528226e-03
-3.654654e+00 2.000000e+00 9.988002e-01 9.998094e-01 9.996094e-01 9.983252e-01 1.195165e+00 0 0 -5.597167e-03 8.131059e-03 1.587886e-03 6.716131e-03 -6.543172e-03
-3.654654e+00 2.345346e+00 9.972408e-01 1.001580e+00 1.000079e+00 9.959571e-01 1.196992e+00 0 0 -5.377492e-03 1.699901e-03 4.842747e-04 -1.741004e-03 -1.215626e-03
-3.654654e+00 3.000000e+00 1.000160e+00 1.000552e+00 9.984839e-01 1.000214e+00 1.194621e+00 0 0 3.758085e-04 -2.945430e-03 -2.046946e-03 -9.890115e-04 8.984839e-04
-3.654654e+00 3.654654e+00 1.002584e+00 9.994261e-01 9.996431e-01 1.003666e+00 1.194028e+00 0 0 2.031499e-03 -6.985467e-06 -5.821496e-04 3.837259e-03 -5.751641e-04
-3.654654e+00 4.000000e+00 1.001870e+00 9.996426e-01 1.000900e+00 1.002580e+00 1.195130e+00 0 0 -8.327657e-04 5.454215e-04 5.497811e-04 2.553583e-03 4.359611e-06
-4.000000e+00 2.000000e+00 9.960314e-01 1.001679e+00 9.994367e-01 9.946619e-01 1.196719e+00 0 0 -8.209712e-03 4.259691e-03 -2.121602e-03 5.716466e-03 -6.381293e-03
-4.000000e+00 2.345346e+00 9.958992e-01 1.001957e+00 1.000275e+00 9.942532e-01 1.197553e+00 0 0 3.000398e-03 -2.065865e-03 -3.654568e-03 9.129309e-04 -1.588703e-03
-4.000000e+00 3.000000e+00 1.001938e+00 9.997140e-01 9.999600e-01 1.002719e+00 1.194568e+00 0 0 7.484469e-03 -2.814461e-03 -6.578722e-03 -1.105711e-03 -3.764261e-03
-4.000000e+00 3.654654e+00 1.002982e+00 9.996173e-01 9.994649e-01 1.004179e+00 1.193967e+00 0 0 -4.835809e-03 2.601641e-03 2.831602e-03 -2.050068e-04 2.299611e-04
-4.000000e+00 4.000000e+00 1.000161e+00 1.000834e+00 9.994891e-01 1.000236e+00 1.195377e+00 0 0 -9.850038e-03 4.191460e-03 7.367075e-03 -1.240942e-03 3.175616e-03
VARIABLES = "X", "Y", "ro", "u", "v", "pre", "Ma", "PART", "IMEX", "Ux", "Uy", "Vx", "Vy", "Vort" 
ZONE I=5, J=5, DATAPACKING=POINT
-2.000000e+00 4.000000e+00 1.000075e+00 9.975048e-01 1.002092e+00 9.998037e-01 1.195152e+00 0 0 -1.154727e-02 8.971845e-03 2.545673e-03 1.688384e-03 -6.426172e-03
-2.000000e+00 4.345346e+00 9.990233e-01 9.992688e-01 1.000729e+00 9.985511e-01 1.195510e+00 0 0 -8.836194e-03 1.601481e-03 2.406790e-03 -5.531839e-03 8.053088e-04
-2.000000e+00 5.000000e+00 1.001640e+00 9.990826e-01 9.985779e-01 1.002390e+00 1.193384e+00 0 0 -2.140868e-03 6.074027e-05 -7.332250e-04 3.716623e-04 -7.939653e-04
-2.000000e+00 5.654654e+00 1.000850e+00 1.000545e+00 1.000295e+00 1.001147e+00 1.195553e+00 0 0 -1.769779e-03 3.898568e-03 1.962482e-03 2.463155e-03 -1.936086e-03
-2.000000e+00 6.000000e+00 9.993858e-01 1.001716e+00 1.000184e+00 9.990992e-01 1.196536e+00 0 0 -6.866910e-04 2.033004e-03 2.743222e-03 -4.235081e-03 7.102179e-04
-2.345346e+00 4.000000e+00 9.984800e-01 1.000200e+00 1.000757e+00 9.976915e-01 1.196273e+00 0 0 -4.099943e-03 6.551368e-03 3.815024e-03 2.998046e-03 -2.736344e-03
-2.345346e+00 4.345346e+00 9.978571e-01 1.000928e+00 1.000383e+00 9.970172e-01 1.196516e+00 0 0 -9.105582e-04 -1.339092e-03 -3.469942e-04 -2.438172e-03 9.920974e-04
-2.345346e+00 5.000000e+00 1.001470e+00 9.993443e-01 9.989127e-01 1.002095e+00 1.193814e+00 0 0 2.657533e-05 -1.187122e-03 -1.325192e-03 -1.015159e-03 -1.380690e-04
-2.345346e+00 5.654654e+00 1.001099e+00 1.000261e+00 9.992946e-01 1.001500e+00 1.194723e+00 0 0 1.572607e-03 3.051298e-03 2.936075e-03 1.628092e-03 -1.152225e-04
-2.345346e+00 6.000000e+00 9.994187e-01 1.001010e+00 9.997630e-01 9.991910e-01 1.195827e+00 0 0 2.880159e-03 6.685061e-04 1.114618e-04 -6.581209e-04 -5.570443e-04
-3.000000e+00 4.000000e+00 9.996287e-01 1.000413e+00 9.999085e-01 9.996110e-01 1.195432e+00 0 0 1.861647e-03 -1.399123e-03 -1.393964e-03 7.215785e-03 5.159287e-06
-3.000000e+00 4.345346e+00 9.997924e-01 1.000046e+00 1.001210e+00 9.997656e-01 1.195995e+00 0 0 1.305037e-03 -9.403065e-04 -1.125092e-03 1.137092e-03 -1.847858e-04
-3.000000e+00 5.000000e+00 1.000624e+00 9.995261e-01 9.997159e-01 1.000830e+00 1.194653e+00 0 0 -1.254612e-03 -6.800467e-04 -9.500281e-04 -4.204088e-03 -2.699814e-04
-3.000000e+00 5.654654e+00 1.000547e+00 9.992167e-01 9.981670e-01 1.000789e+00 1.193521e+00 0 0 1.130704e-03 -1.027927e-04 1.641392e-04 1.555369e-03 2.669319e-04
-3.000000e+00 6.000000e+00 9.992094e-01 9.993284e-01 9.999962e-01 9.989119e-01 1.195003e+00 0 0 1.570372e-03 1.289968e-03 4.585930e-05 7.768107e-03 -1.244109e-03
-3.654654e+00 4.000000e+00 1.002118e+00 9.995711e-01 1.000859e+00 1.002918e+00 1.195009e+00 0 0 -8.696846e-04 2.475279e-03 1.000379e-03 -1.306905e-03 -1.474900e-03
-3.654654e+00 4.345346e+00 9.999105e-01 1.000543e+00 1.000857e+00 9.998484e-01 1.196103e+00 0 0 -2.640612e-03 2.382877e-03 2.476019e-03 4.614648e-04 9.314171e-05
-3.654654e+00 5.000000e+00 9.978861e-01 1.000758e+00 1.000436e+00 9.970558e-01 1.196441e+00 0 0 -1.328446e-03 -1.851843e-03 -1.830873e-03 -2.155765e-03 2.097037e-05
-3.654654e+00 5.654654e+00 1.000181e+00 9.990884e-01 9.988044e-01 1.000245e+00 1.193931e+00 0 0 -9.676557e-04 -1.682894e-03 -1.424331e-03 -1.392911e-03 2.585628e-04
-3.654654e+00 6.000000e+00 1.000229e+00 9.992676e-01 9.990655e-01 1.000316e+00 1.194180e+00 0 0 -1.398058e-03 3.681085e-03 2.802590e-03 2.917234e-03 -8.784946e-04
-4.000000e+00 4.000000e+00 1.000319e+00 1.000863e+00 9.991857e-01 1.000459e+00 1.195174e+00 0 0 -1.080922e-02 4.495177e-03 8.465040e-03 -3.928987e-03 3.969864e-03
-4.000000e+00 4.345346e+00 9.984589e-01 1.001515e+00 9.997328e-01 9.978380e-01 1.196347e+00 0 0 -4.079063e-03 -3.927386e-05 2.671362e-03 3.934031e-03 2.710636e-03
-4.000000e+00 5.000000e+00 9.978737e-01 1.000531e+00 1.001433e+00 9.970217e-01 1.196913e+00 0 0 4.618500e-03 -1.955410e-03 -3.704241e-03 -6.182409e-04 -1.748831e-03
-4.000000e+00 5.654654e+00 1.000206e+00 9.997626e-01 9.991073e-01 1.000298e+00 1.194498e+00 0 0 -3.261895e-03 -3.626950e-05 1.757941e-05 -4.736737e-03 5.384891e-05
-4.000000e+00 6.000000e+00 1.001128e+00 1.000037e+00 9.979728e-01 1.001577e+00 1.193772e+00 0 0 -3.147326e-03 2.408552e-03 2.566130e-03 -1.916697e-03 1.575783e-04
VARIABLES = "X", "Y", "ro", "u", "v", "pre", "Ma", "PART", "IMEX", "Ux", "Uy", "Vx", "Vy", "Vort" 
ZONE I=5, J=5, DATAPACKING=POINT
-2.000000e+00 6.000000e+00 9.994620e-01 1.001714e+00 1.000185e+00 9.991847e-01 1.196530e+00 0 0 -9.285147e-04 2.719213e-03 3.614972e-03 -3.998946e-03 8.957596e-04
-2.000000e+00 6.345346e+00 9.981691e-01 1.001672e+00 9.999634e-01 9.974793e-01 1.196620e+00 0 0 1.986809e-03 -2.329790e-03 -1.185505e-03 1.254722e-03 1.144285e-03
-2.000000e+00 7.000000e+00 9.992172e-01 9.993048e-01 1.000028e+00 9.988688e-01 1.195039e+00 0 0 2.038486e-03 -3.416203e-03 -4.025892e-03 -2.183332e-03 -6.096890e-04
-2.000000e+00 7.654654e+00 1.001539e+00 9.984477e-01 9.984443e-01 1.002166e+00 1.192998e+00 0 0 7.142230e-04 1.237990e-03 1.895847e-03 1.511778e-04 6.578565e-04
-2.000000e+00 8.000000e+00 1.000044e+00 9.993619e-01 1.000035e+00 1.000098e+00 1.194836e+00 0 0 2.624362e-03 4.107987e-03 4.892706e-03 8.202013e-03 7.847189e-04
-2.345346e+00 6.000000e+00 9.995626e-01 1.001077e+00 9.994944e-01 9.993922e-01 1.195672e+00 0 0 2.726503e-03 -5.573260e-04 7.176747e-04 -1.024746e-03 1.275001e-03
-2.345346e+00 6.345346e+00 9.986674e-01 1.000690e+00 1.000460e+00 9.981565e-01 1.196222e+00 0 0 2.643830e-03 -1.329062e-03 -1.063720e-03 3.758935e-03 2.653412e-04
-2.345346e+00 7.000000e+00 9.986635e-01 9.996752e-01 1.001027e+00 9.981106e-01 1.195980e+00 0 0 -2.461223e-03 -1.609908e-03 -1.759389e-03 -2.983227e-03 -1.494810e-04
-2.345346e+00 7.654654e+00 1.001718e+00 9.988664e-01 9.982816e-01 1.002409e+00 1.193113e+00 0 0 -2.011716e-03 -5.938044e-04 -7.097931e-04 -2.246613e-03 -1.159887e-04
-2.345346e+00 8.000000e+00 1.001760e+00 9.988632e-01 9.990163e-01 1.002489e+00 1.193527e+00 0 0 2.763229e-04 3.307823e-04 1.457863e-03 6.652948e-03 1.127081e-03
-3.000000e+00 6.000000e+00 9.995714e-01 9.994122e-01 9.996323e-01 9.994209e-01 1.194748e+00 0 0 1.660227e-03 -1.111390e-03 -2.285133e-04 -2.879907e-03 8.828764e-04
-3.000000e+00 6.345346e+00 9.992613e-01 9.996966e-01 1.000099e+00 9.989523e-01 1.195291e+00 0 0 2.893071e-04 2.396664e-03 2.142406e-03 2.733342e-03 -2.542570e-04
-3.000000e+00 7.000000e+00 9.982917e-01 1.001116e+00 1.001218e+00 9.976142e-01 1.197030e+00 0 0 -8.323116e-04 5.841288e-04 6.999502e-04 -5.065436e-04 1.158214e-04
-3.000000e+00 7.654654e+00 1.001113e+00 1.000119e+00 9.995969e-01 1.001553e+00 1.194796e+00 0 0 -1.270373e-03 -2.719872e-03 -2.646205e-03 -3.220087e-03 7.366671e-05
-3.000000e+00 8.000000e+00 1.002082e+00 9.994807e-01 9.988650e-01 1.002913e+00 1.193745e+00 0 0 -1.632158e-03 -1.089514e-04 -2.200491e-04 1.649768e-04 -1.110977e-04
-3.654654e+00 6.000000e+00 1.000406e+00 9.993060e-01 9.989349e-01 1.000564e+00 1.194083e+00 0 0 -1.474788e-03 1.952435e-03 2.632262e-03 -4.737951e-03 6.798272e-04
-3.654654e+00 6.345346e+00 1.000396e+00 9.998515e-01 9.985764e-01 1.000562e+00 1.194190e+00 0 0 7.767412e-07 1.371486e-03 1.230329e-03 1.433382e-03 -1.411572e-04
-3.654654e+00 7.000000e+00 9.996383e-01 1.000470e+00 1.000645e+00 9.994955e-01 1.195980e+00 0 0 2.269009e-03 5.443616e-04 7.986584e-04 3.134789e-03 2.542968e-04
-3.654654e+00 7.654654e+00 9.992740e-01 1.000590e+00 1.000867e+00 9.989844e-01 1.196272e+00 0 0 -7.443868e-04 -2.159961e-04 -5.921185e-04 -3.376045e-03 -3.761224e-04
-3.654654e+00 8.000000e+00 1.000109e+00 1.000406e+00 9.988962e-01 1.000152e+00 1.194786e+00 0 0 -7.573531e-04 -1.437357e-03 -1.149599e-04 -6.751565e-03 1.322397e-03
-4.000000e+00 6.000000e+00 1.001030e+00 1.000177e+00 9.977797e-01 1.001435e+00 1.193767e+00 0 0 -3.713872e-03 -1.287629e-03 3.028432e-03 2.194146e-03 4.316061e-03
-4.000000e+00 6.345346e+00 1.001742e+00 9.995197e-01 9.987997e-01 1.002440e+00 1.193808e+00 0 0 2.821682e-03 -1.458850e-03 -2.676133e-03 2.778915e-03 -1.217284e-03
-4.000000e+00 7.000000e+00 9.999982e-01 9.997297e-01 1.000398e+00 9.999937e-01 1.195307e+00 0 0 1.432264e-03 2.059576e-03 1.116501e-03 1.929282e-03 -9.430757e-04
-4.000000e+00 7.654654e+00 9.978481e-01 1.001108e+00 1.000665e+00 9.969901e-01 1.196803e+00 0 0 -2.888230e-03 5.395977e-04 1.531867e-03 -2.030924e-03 9.922695e-04
-4.000000e+00 8.000000e+00 9.993992e-01 1.000414e+00 9.991565e-01 9.991634e-01 1.195113e+00 0 0 1.448008e-03 -5.676875e-03 -2.406412e-03 -6.745725e-03 3.270463e-03
VARIABLES = "X", "Y", "ro", "u", "v", "pre", "Ma", "PART", "IMEX", "Ux", "Uy", "Vx", "Vy", "Vort" 
ZONE I=5, J=5, DATAPACKING=POINT
0.000000e+00 0.000000e+00 4.307854e-01 1.023640e+00 1.015974e+00 3.173894e-01 1.420059e+00 0 0 3.964671e-02 -2.061019e+00 2.074208e+00 2.092183e-01 4.135227e+00
0.000000e+00 3.453460e-01 5.201388e-01 4.410474e-01 1.044178e+00 4.062260e-01 1.084013e+00 0 0 -7.691001e-03 -1.091159e+00 1.703123e+00 -2.526402e-02 2.794282e+00
0.000000e+00 1.000000e+00 8.119895e-01 2.303099e-01 1.011210e+00 7.406299e-01 9.177698e-01 0 0 2.509420e-02 1.420928e-01 6.638060e-01 -3.484261e-02 5.217131e-01
0.000000e+00 1.654654e+00 9.552593e-01 4.514011e-01 1.002581e+00 9.403249e-01 9.366095e-01 0 0 5.319241e-02 4.768113e-01 2.597629e-01 -3.236343e-03 -2.170483e-01
0.000000e+00 2.000000e+00 9.856445e-01 6.193342e-01 9.975920e-01 9.833467e-01 9.935458e-01 0 0 2.252883e-02 4.132908e-01 1.862149e-01 -2.541725e-02 -2.270759e-01
-3.453460e-01 0.000000e+00 5.077991e-01 1.012798e+00 4.542969e-01 3.919686e-01 1.067793e+00 0 0 4.215012e-02 -1.479666e+00 1.044082e+00 8.115006e-02 2.523748e+00
-3.453460e-01 3.453460e-01 5.639884e-01 5.339551e-01 5.448770e-01 4.547269e-01 7.180536e-01 0 0 -3.903344e-01 -1.043410e+00 1.054694e+00 3.713290e-01 2.098104e+00
-3.453460e-01 1.000000e+00 8.239488e-01 2.814285e-01 7.634530e-01 7.569254e-01 7.174788e-01 0 0 -2.657017e-01 6.686503e-02 6.573742e-01 2.664437e-01 5.905092e-01
-3.453460e-01 1.654654e+00 9.589056e-01 4.707510e-01 8.991554e-01 9.463282e-01 8.634555e-01 0 0 -1.501329e-01 4.559293e-01 2.870597e-01 1.452802e-01 -1.688696e-01
-3.453460e-01 2.000000e+00 9.906997e-01 6.374892e-01 9.333666e-01 9.912858e-01 9.549908e-01 0 0 -1.221772e-01 4.354925e-01 1.667065e-01 6.316455e-02 -2.687860e-01
-1.000000e+00 0.000000e+00 8.088904e-01 9.958651e-01 2.456650e-01 7.356428e-01 9.090244e-01 0 0 5.140575e-03 -6.556065e-01 -9.471504e-02 3.338693e-02 5.608915e-01
-1.000000e+00 3.453460e-01 8.155772e-01 7.520528e-01 2.916193e-01 7.501742e-01 7.108090e-01 0 0 -2.458107e-01 -6.460291e-01 -5.446100e-02 2.502813e-01 5.915681e-01
-1.000000e+00 1.000000e+00 9.185053e-01 5.232942e-01 5.294747e-01 8.876697e-01 6.399951e-01 0 0 -4.177561e-01 -4.399013e-02 4.323168e-02 4.200318e-01 8.722181e-02
-1.000000e+00 1.654654e+00 9.772508e-01 6.434515e-01 7.900610e-01 9.733046e-01 8.629003e-01 0 0 -3.342952e-01 3.478108e-01 2.051049e-02 3.360587e-01 -3.273003e-01
-1.000000e+00 2.000000e+00 9.966647e-01 7.676693e-01 8.799265e-01 9.976845e-01 9.864051e-01 0 0 -2.407672e-01 3.126039e-01 -1.334556e-02 1.785502e-01 -3.259495e-01
-1.654654e+00 0.000000e+00 9.560735e-01 1.002422e+00 4.341372e-01 9.427583e-01 9.297388e-01 0 0 -1.617243e-02 -3.584094e-01 -4.801695e-01 -2.889029e-02 -1.217601e-01
-1.654654e+00 3.453460e-01 9.611557e-01 8.856135e-01 4.624870e-01 9.470975e-01 8.506394e-01 0 0 -1.839883e-01 -2.893652e-01 -4.424508e-01 1.808224e-01 -1.530856e-01
-1.654654e+00 1.000000e+00 9.819748e-01 7.861873e-01 6.474433e-01 9.785316e-01 8.622741e-01 0 0 -3.583151e-01 -7.980157e-03 -3.342913e-01 3.362241e-01 -3.263111e-01
-1.654654e+00 1.654654e+00 9.960675e-01 8.525374e-01 8.541072e-01 9.951927e-01 1.020364e+00 0 0 -2.625755e-01 1.731168e-01 -1.699832e-01 2.665664e-01 -3.431000e-01
-1.654654e+00 2.000000e+00 1.000140e+00 9.108287e-01 9.301966e-01 9.967062e-01 1.102177e+00 0 0 -1.683118e-01 1.395533e-01 -1.010056e-01 1.610089e-01 -2.405589e-01
-2.000000e+00 0.000000e+00 9.870632e-01 1.003649e+00 6.352593e-01 9.771160e-01 1.008970e+00 0 0 3.352602e-02 -1.548391e-01 -6.455703e-01 -5.708199e-02 -4.907312e-01
-2.000000e+00 3.453460e-01 9.781622e-01 9.463185e-01 6.464671e-01 9.736407e-01 9.708383e-01 0 0 -1.514965e-01 -1.509117e-01 -6.017714e-01 1.059466e-01 -4.508597e-01
-2.000000e+00 1.000000e+00 9.877045e-01 8.902351e-01 7.680691e-01 9.849480e-01 9.951015e-01 0 0 -2.217686e-01 -1.194827e-02 -3.466350e-01 2.292451e-01 -3.346868e-01
-2.000000e+00 1.654654e+00 1.001154e+00 9.213293e-01 9.079035e-01 9.990064e-01 1.094380e+00 0 0 -1.242988e-01 8.886268e-02 -1.272677e-01 1.739793e-01 -2.161304e-01
-2.000000e+00 2.000000e+00 1.001034e+00 9.529904e-01 9.541797e-01 9.998500e-01 1.140427e+00 0 0 -6.978408e-02 8.406298e-02 -2.865259e-02 8.813483e-02 -1.127156e-01
VARIABLES = "X", "Y", "ro", "u", "v", "pre", "Ma", "PART", "IMEX", "Ux", "Uy", "Vx", "Vy", "Vort" 
ZONE I=5, J=5, DATAPACKING=POINT
0.000000e+00 2.000000e+00 9.855242e-01 6.106723e-01 9.992988e-01 9.832040e-01 9.909430e-01 0 0 1.931539e-02 6.227761e-01 1.781675e-01 -1.115822e-02 -4.446086e-01
0.000000e+00 2.345346e+00 9.969291e-01 8.027901e-01 9.946581e-01 9.953118e-01 1.081161e+00 0 0 1.763939e-02 4.455725e-01 6.973961e-02 -6.665592e-03 -3.758329e-01
0.000000e+00 3.000000e+00 1.000902e+00 9.709397e-01 9.975694e-01 9.995189e-01 1.177331e+00 0 0 -8.418710e-03 9.672277e-02 5.651589e-03 1.216104e-02 -9.107118e-02
0.000000e+00 3.654654e+00 9.976759e-01 9.840961e-01 1.004227e+00 9.996613e-01 1.187131e+00 0 0 1.651034e-03 -7.458802e-03 3.489248e-03 3.156655e-03 1.094805e-02
0.000000e+00 4.000000e+00 9.983183e-01 9.897905e-01 1.002985e+00 9.986385e-01 1.190746e+00 0 0 1.137928e-02 4.549088e-02 -1.532632e-03 -1.067220e-02 -4.702352e-02
-3.453460e-01 2.000000e+00 9.878683e-01 6.300682e-01 9.369278e-01 9.871405e-01 9.545978e-01 0 0 -1.256069e-01 5.988983e-01 1.632919e-01 1.493997e-01 -4.356064e-01
-3.453460e-01 2.345346e+00 9.979360e-01 8.136963e-01 9.700688e-01 9.959440e-01 1.071161e+00 0 0 -7.373025e-02 4.259492e-01 6.354503e-02 6.759428e-02 -3.624041e-01
-3.453460e-01 3.000000e+00 1.001412e+00 9.743167e-01 9.956709e-01 9.996875e-01 1.178377e+00 0 0 -1.077106e-02 9.158128e-02 3.594287e-03 1.999159e-02 -8.798699e-02
-3.453460e-01 3.654654e+00 9.983106e-01 9.848749e-01 1.001881e+00 1.000720e+00 1.185927e+00 0 0 -6.247309e-03 -1.207963e-02 7.864758e-03 1.451973e-03 1.994439e-02
-3.453460e-01 4.000000e+00 9.983331e-01 9.889602e-01 1.002052e+00 9.989196e-01 1.189534e+00 0 0 -5.472206e-03 4.171462e-02 5.434153e-03 1.637287e-03 -3.628046e-02
-1.000000e+00 2.000000e+00 9.932700e-01 7.633659e-01 8.825049e-01 9.931293e-01 9.862394e-01 0 0 -2.464791e-01 4.335341e-01 -7.609487e-03 2.835104e-01 -4.411435e-01
-1.000000e+00 2.345346e+00 1.001504e+00 8.874975e-01 9.503899e-01 9.981830e-01 1.100818e+00 0 0 -1.282847e-01 2.706065e-01 -6.380547e-03 1.345506e-01 -2.769870e-01
-1.000000e+00 3.000000e+00 1.002538e+00 9.827473e-01 9.936918e-01 1.002212e+00 1.181358e+00 0 0 -1.481712e-02 5.017260e-02 3.748054e-03 2.077614e-02 -4.642455e-02
-1.000000e+00 3.654654e+00 9.977529e-01 9.912250e-01 9.974900e-01 9.992115e-01 1.187623e+00 0 0 -1.088433e-02 1.952324e-03 4.039614e-03 1.118728e-03 2.087290e-03
-1.000000e+00 4.000000e+00 9.978135e-01 9.958026e-01 9.995226e-01 9.969531e-01 1.192951e+00 0 0 -1.050330e-02 2.588509e-02 -5.485578e-05 1.332534e-02 -2.593995e-02
-1.654654e+00 2.000000e+00 1.001539e+00 9.096173e-01 9.288871e-01 9.983386e-01 1.100536e+00 0 0 -1.714508e-01 1.804682e-01 -9.880414e-02 1.570073e-01 -2.792724e-01
-1.654654e+00 2.345346e+00 1.003914e+00 9.585746e-01 9.687690e-01 1.001979e+00 1.152936e+00 0 0 -7.791229e-02 1.021760e-01 -3.389276e-02 7.535615e-02 -1.360688e-01
-1.654654e+00 3.000000e+00 1.000022e+00 9.926959e-01 9.911484e-01 1.000595e+00 1.185234e+00 0 0 -1.401623e-02 1.683825e-02 1.586795e-03 1.091849e-02 -1.525145e-02
-1.654654e+00 3.654654e+00 9.983514e-01 9.966767e-01 9.976695e-01 9.981366e-01 1.191978e+00 0 0 -4.188987e-03 4.051033e-03 -4.766918e-03 1.260728e-02 -8.817951e-03
-1.654654e+00 4.000000e+00 9.990084e-01 9.990603e-01 1.001667e+00 9.980232e-01 1.196254e+00 0 0 1.155198e-03 9.307113e-03 -3.476362e-03 9.494734e-03 -1.278347e-02
-2.000000e+00 2.000000e+00 1.001511e+00 9.525036e-01 9.544719e-01 1.000485e+00 1.140221e+00 0 0 -7.036192e-02 9.363134e-02 -4.003913e-02 8.581836e-02 -1.336705e-01
-2.000000e+00 2.345346e+00 9.996544e-01 9.783828e-01 9.757302e-01 9.989813e-01 1.168200e+00 0 0 -3.934989e-02 5.533163e-02 -6.359531e-03 4.303391e-02 -6.169116e-02
-2.000000e+00 3.000000e+00 9.997876e-01 9.966784e-01 9.922992e-01 9.999254e-01 1.188562e+00 0 0 -7.870364e-03 7.473731e-03 -1.115431e-02 1.521389e-02 -1.862804e-02
-2.000000e+00 3.654654e+00 1.000031e+00 9.969637e-01 1.000060e+00 1.000081e+00 1.193422e+00 0 0 4.644023e-03 -6.881460e-04 -7.768286e-03 8.182704e-03 -7.080140e-03
-2.000000e+00 4.000000e+00 9.995042e-01 9.978462e-01 1.001506e+00 9.991572e-01 1.195051e+00 0 0 6.086306e-03 5.778150e-03 5.897366e-03 1.394401e-03 1.192164e-04
VARIABLES = "X", "Y", "ro", "u", "v", "pre", "Ma", "PART", "IMEX", "Ux", "Uy", "Vx", "Vy", "Vort" 
ZONE I=5, J=5, DATAPACKING=POINT
0.000000e+00 4.000000e+00 9.986144e-01 9.884899e-01 1.003014e+00 9.993314e-01 1.189756e+00 0 0 1.264743e-02 6.252405e-02 -1.604709e-03 -2.463485e-02 -6.412876e-02
0.000000e+00 4.345346e+00 1.001006e+00 1.003142e+00 9.974536e-01 9.997535e-01 1.196339e+00 0 0 4.093234e-03 2.005500e-02 -1.728738e-03 -8.353325e-03 -2.178374e-02
0.000000e+00 5.000000e+00 1.000202e+00 1.001720e+00 9.981431e-01 1.000404e+00 1.195028e+00 0 0 1.029108e-03 -1.311517e-02 8.818945e-04 6.891328e-03 1.399706e-02
0.000000e+00 5.654654e+00 1.000333e+00 9.969845e-01 1.001776e+00 1.001076e+00 1.194048e+00 0 0 -4.015556e-03 3.736764e-03 2.430526e-03 7.597751e-04 -1.306238e-03
0.000000e+00 6.000000e+00 1.001198e+00 1.000858e+00 1.000286e+00 1.001014e+00 1.196022e+00 0 0 -8.206193e-03 2.219625e-02 8.610549e-06 -9.307011e-03 -2.218764e-02
-3.453460e-01 4.000000e+00 9.984650e-01 9.876368e-01 1.002059e+00 9.993410e-01 1.188580e+00 0 0 -6.193500e-03 6.379366e-02 5.561049e-03 -1.497672e-02 -5.823261e-02
-3.453460e-01 4.345346e+00 1.000667e+00 1.002642e+00 9.981571e-01 9.992172e-01 1.196576e+00 0 0 -3.369430e-04 2.080272e-02 -2.332469e-03 -7.358284e-03 -2.313519e-02
-3.453460e-01 5.000000e+00 1.000023e+00 1.001772e+00 9.978350e-01 1.000156e+00 1.194917e+00 0 0 1.780250e-04 -1.189398e-02 7.686762e-04 4.925290e-03 1.266265e-02
-3.453460e-01 5.654654e+00 9.986403e-01 9.979728e-01 1.001334e+00 9.987231e-01 1.194767e+00 0 0 -1.057656e-03 4.810794e-03 1.146041e-03 2.497482e-03 -3.664753e-03
-3.453460e-01 6.000000e+00 9.997502e-01 1.001849e+00 1.000690e+00 9.989719e-01 1.197212e+00 0 0 1.405968e-03 1.984556e-02 -1.597264e-03 -5.410677e-03 -2.144282e-02
-1.000000e+00 4.000000e+00 9.977743e-01 9.952774e-01 9.995545e-01 9.968861e-01 1.192674e+00 0 0 -1.171842e-02 3.427058e-02 -3.512811e-04 8.885899e-03 -3.462187e-02
-1.000000e+00 4.345346e+00 9.990494e-01 1.002637e+00 9.998605e-01 9.974092e-01 1.197706e+00 0 0 1.665085e-03 8.451689e-03 -2.561999e-03 -4.050621e-03 -1.101369e-02
-1.000000e+00 5.000000e+00 9.993333e-01 1.000553e+00 9.978297e-01 9.993826e-01 1.194234e+00 0 0 3.446918e-03 -8.035201e-03 -7.998489e-04 1.245447e-03 7.235353e-03
-1.000000e+00 5.654654e+00 1.000027e+00 9.979631e-01 1.001089e+00 1.000241e+00 1.194535e+00 0 0 -5.488125e-05 2.006550e-03 -4.339656e-04 5.217667e-03 -2.440516e-03
-1.000000e+00 6.000000e+00 1.001923e+00 9.996427e-01 1.001431e+00 1.002229e+00 1.195688e+00 0 0 2.616837e-03 7.940889e-03 -2.035177e-04 -2.053000e-03 -8.144407e-03
-1.654654e+00 4.000000e+00 9.993218e-01 9.989543e-01 1.002021e+00 9.983662e-01 1.196385e+00 0 0 1.147314e-03 9.996040e-03 -4.018489e-03 4.289578e-03 -1.401453e-02
-1.654654e+00 4.345346e+00 9.989076e-01 1.000436e+00 1.000965e+00 9.981266e-01 1.196534e+00 0 0 3.936544e-03 -4.397862e-04 -3.241558e-04 -6.186360e-03 1.156304e-04
-1.654654e+00 5.000000e+00 1.001220e+00 9.985121e-01 9.985132e-01 1.001943e+00 1.193021e+00 0 0 1.131365e-03 -2.447554e-03 -7.286631e-04 1.129699e-03 1.718891e-03
-1.654654e+00 5.654654e+00 1.002000e+00 9.989144e-01 1.001261e+00 1.002715e+00 1.194908e+00 0 0 -3.080811e-03 3.215723e-03 1.028533e-03 3.537409e-03 -2.187190e-03
-1.654654e+00 6.000000e+00 1.001576e+00 9.999845e-01 1.000854e+00 1.002077e+00 1.195431e+00 0 0 -3.499731e-03 2.240389e-03 1.743449e-03 -6.494655e-03 -4.969403e-04
-2.000000e+00 4.000000e+00 9.994397e-01 9.976590e-01 1.001994e+00 9.990370e-01 1.195265e+00 0 0 6.274978e-03 9.221919e-03 5.722590e-03 1.896293e-03 -3.499329e-03
-2.000000e+00 4.345346e+00 9.986765e-01 9.994867e-01 1.000687e+00 9.980732e-01 1.195694e+00 0 0 1.958038e-03 1.525743e-03 1.866857e-03 -5.450053e-03 3.411134e-04
-2.000000e+00 5.000000e+00 1.001860e+00 9.990510e-01 9.985067e-01 1.002672e+00 1.193286e+00 0 0 -5.064746e-03 -4.730831e-04 6.487152e-04 2.453265e-04 1.121798e-03
-2.000000e+00 5.654654e+00 1.000894e+00 1.000259e+00 1.000193e+00 1.001238e+00 1.195294e+00 0 0 -6.048889e-03 3.765674e-03 5.312873e-03 2.606809e-03 1.547199e-03
-2.000000e+00 6.000000e+00 9.994400e-01 1.001444e+00 1.000200e+00 9.991732e-01 1.196371e+00 0 0 -5.795439e-03 2.224405e-03 1.986401e-03 -3.678914e-03 -2.380041e-04
VARIABLES = "X", "Y", "ro", "u", "v", "pre", "Ma", "PART", "IMEX", "Ux", "Uy", "Vx", "Vy", "Vort" 
ZONE I=5, J=5, DATAPACKING=POINT
0.000000e+00 6.000000e+00 1.000796e+00 1.001621e+00 1.000457e+00 1.000364e+00 1.196729e+00 0 0 -8.271840e-03 2.699736e-03 -4.194703e-04 4.721704e-03 -3.119206e-03
0.000000e+00 6.345346e+00 9.995126e-01 1.001118e+00 1.000180e+00 9.987658e-01 1.196451e+00 0 0 -4.208792e-03 -9.753863e-04 7.542837e-04 -3.953738e-03 1.729670e-03
0.000000e+00 7.000000e+00 9.976825e-01 1.001843e+00 9.980127e-01 9.972080e-01 1.195429e+00 0 0 7.412860e-03 2.372956e-03 1.707392e-03 2.161763e-04 -6.655640e-04
0.000000e+00 7.654654e+00 9.981834e-01 1.002128e+00 1.000846e+00 9.973127e-01 1.197529e+00 0 0 3.747245e-03 -2.856475e-03 -3.033837e-03 5.604398e-03 -1.773618e-04
0.000000e+00 8.000000e+00 9.995649e-01 1.000496e+00 1.001422e+00 9.991494e-01 1.196624e+00 0 0 -3.213561e-03 -3.579848e-03 -4.294890e-03 -8.903433e-03 -7.150420e-04
-3.453460e-01 6.000000e+00 9.993866e-01 1.002451e+00 1.001056e+00 9.983200e-01 1.197964e+00 0 0 2.063089e-03 3.965580e-03 -2.267225e-03 6.294340e-03 -6.232805e-03
-3.453460e-01 6.345346e+00 9.992468e-01 1.001456e+00 1.000514e+00 9.984809e-01 1.196865e+00 0 0 1.667186e-03 -4.894419e-03 -2.305698e-03 -5.527127e-03 2.588721e-03
-3.453460e-01 7.000000e+00 1.000080e+00 9.994299e-01 9.975187e-01 1.000463e+00 1.193177e+00 0 0 4.717568e-03 3.242137e-05 6.778396e-04 -1.731317e-04 6.454182e-04
-3.453460e-01 7.654654e+00 1.000048e+00 1.000716e+00 1.000815e+00 9.999390e-01 1.196209e+00 0 0 3.280820e-03 2.280548e-03 2.446509e-03 7.347221e-03 1.659616e-04
-3.453460e-01 8.000000e+00 9.996100e-01 1.001137e+00 1.002195e+00 9.993031e-01 1.197403e+00 0 0 -4.087904e-04 2.513279e-03 -2.051252e-04 -5.207563e-03 -2.718404e-03
-1.000000e+00 6.000000e+00 1.001716e+00 9.998399e-01 1.002056e+00 1.001828e+00 1.196295e+00 0 0 3.064210e-03 4.051481e-03 -1.365010e-04 6.483662e-03 -4.187982e-03
-1.000000e+00 6.345346e+00 9.999254e-01 9.998878e-01 1.001543e+00 9.997678e-01 1.196178e+00 0 0 1.294316e-03 -1.704450e-03 3.453824e-04 -5.016482e-03 2.049832e-03
-1.000000e+00 7.000000e+00 1.000678e+00 9.988278e-01 9.977473e-01 1.001065e+00 1.192951e+00 0 0 -2.016384e-03 -4.497132e-04 -1.155510e-03 -3.660696e-03 -7.057970e-04
-1.000000e+00 7.654654e+00 1.001823e+00 9.994303e-01 9.986757e-01 1.002494e+00 1.193697e+00 0 0 9.318913e-04 1.945349e-03 2.483234e-03 6.397519e-03 5.378849e-04
-1.000000e+00 8.000000e+00 9.994987e-01 1.000242e+00 1.001401e+00 9.993049e-01 1.196327e+00 0 0 2.437215e-03 5.164394e-03 1.504220e-03 4.589539e-03 -3.660174e-03
-1.654654e+00 6.000000e+00 1.001559e+00 1.000019e+00 1.001115e+00 1.002025e+00 1.195628e+00 0 0 -3.385150e-03 2.709892e-03 2.612905e-03 -3.359194e-03 -9.698727e-05
-1.654654e+00 6.345346e+00 9.991445e-01 1.000573e+00 1.000196e+00 9.988556e-01 1.195861e+00 0 0 -2.857906e-03 7.616090e-04 2.348460e-03 -1.548423e-03 1.586851e-03
-1.654654e+00 7.000000e+00 9.988370e-01 1.000228e+00 9.989246e-01 9.983533e-01 1.195012e+00 0 0 -4.259395e-04 -1.619650e-03 -2.566879e-03 -2.586045e-03 -9.472286e-04
-1.654654e+00 7.654654e+00 1.001054e+00 9.989936e-01 9.983010e-01 1.001480e+00 1.193358e+00 0 0 8.145420e-04 -1.346127e-03 -8.290221e-04 2.862112e-03 5.171046e-04
-1.654654e+00 8.000000e+00 9.993018e-01 9.989843e-01 1.000729e+00 9.990607e-01 1.195202e+00 0 0 5.253447e-04 2.794353e-03 1.003523e-03 8.632679e-03 -1.790830e-03
-2.000000e+00 6.000000e+00 9.995175e-01 1.001439e+00 1.000197e+00 9.992526e-01 1.196365e+00 0 0 -5.675069e-03 2.673410e-03 2.485397e-03 -3.746668e-03 -1.880128e-04
-2.000000e+00 6.345346e+00 9.983288e-01 1.001511e+00 1.000018e+00 9.976958e-01 1.196522e+00 0 0 -2.775561e-03 -1.759496e-03 -2.025810e-03 1.263183e-03 -2.663132e-04
-2.000000e+00 7.000000e+00 9.990938e-01 9.994964e-01 1.000049e+00 9.986928e-01 1.195197e+00 0 0 6.218843e-03 -3.115335e-03 -4.011958e-03 -2.232401e-03 -8.966231e-04
-2.000000e+00 7.654654e+00 1.001470e+00 9.985838e-01 9.984628e-01 1.002069e+00 1.193107e+00 0 0 2.315725e-03 8.096547e-04 6.074091e-04 1.769048e-04 -2.022455e-04
-2.000000e+00 8.000000e+00 1.000188e+00 9.993194e-01 1.000054e+00 1.000301e+00 1.194786e+00 0 0 -2.955361e-03 3.481561e-03 3.553887e-03 8.191540e-03 7.232657e-05
