VARIABLES = "X", "Y", "ro", "u", "v", "pre", "Ma", "PART", "IMEX", "Ux", "Uy", "Vx", "Vy", "Vort" 
ZONE I=5, J=5, DATAPACKING=POINT
2.000000e+00 -8.000000e+00 9.991839e-01 1.001343e+00 1.000708e+00 9.988293e-01 1.196667e+00 2 0 4.251084e-03 6.193192e-03 3.533442e-03 1.169466e-02 -2.659750e-03
2.000000e+00 -7.654654e+00 9.968870e-01 1.002926e+00 1.001405e+00 9.956948e-01 1.198534e+00 2 0 9.711837e-03 1.417132e-03 6.778522e-04 -3.080627e-03 -7.392794e-04
2.000000e+00 -7.000000e+00 9.997509e-01 1.001489e+00 9.981565e-01 9.996284e-01 1.195092e+00 2 0 -3.268292e-03 -3.658328e-03 -2.307677e-03 -3.139312e-03 1.350651e-03
2.000000e+00 -6.345346e+00 1.001045e+00 1.000146e+00 9.995924e-01 1.001418e+00 1.194851e+00 2 0 -1.000441e-02 -5.657954e-04 -4.121977e-03 7.285083e-03 -3.556181e-03
2.000000e+00 -6.000000e+00 9.989084e-01 9.995538e-01 1.002527e+00 9.983865e-01 1.196786e+00 2 0 -7.439528e-03 -9.282137e-03 -1.015106e-04 5.375870e-03 9.180627e-03
1.654654e+00 -8.000000e+00 9.997312e-01 9.997930e-01 1.000385e+00 9.996665e-01 1.195374e+00 2 0 3.635975e-03 -4.044104e-04 -8.449579e-04 8.128407e-03 -4.405475e-04
1.654654e+00 -7.654654e+00 9.993796e-01 1.000222e+00 1.000879e+00 9.991134e-01 1.196046e+00 2 0 4.867511e-03 1.489865e-03 1.809753e-03 -2.903867e-03 3.198876e-04
1.654654e+00 -7.000000e+00 9.998996e-01 1.001166e+00 9.982891e-01 9.997716e-01 1.194981e+00 2 0 3.573170e-03 1.711522e-03 1.208806e-03 -1.587392e-03 -5.027158e-04
1.654654e+00 -6.345346e+00 9.985522e-01 1.002535e+00 1.000354e+00 9.981254e-01 1.197212e+00 2 0 -2.222701e-03 1.376799e-03 -1.048415e-03 6.387625e-03 -2.425214e-03
1.654654e+00 -6.000000e+00 9.979154e-01 1.002092e+00 1.002027e+00 9.971378e-01 1.198157e+00 2 0 -4.380031e-03 -9.898113e-03 1.484317e-03 -2.292696e-03 1.138243e-02
1.000000e+00 -8.000000e+00 9.993151e-01 9.988726e-01 1.000836e+00 9.989524e-01 1.195272e+00 2 0 -7.799997e-04 1.475665e-03 6.437718e-04 -5.584160e-04 -8.318935e-04
1.000000e+00 -7.654654e+00 1.000334e+00 9.992209e-01 1.000063e+00 1.000210e+00 1.194875e+00 2 0 -5.538005e-04 -8.612873e-04 2.862198e-04 -4.310379e-03 1.147507e-03
1.000000e+00 -7.000000e+00 1.001112e+00 9.986077e-01 9.976858e-01 1.001426e+00 1.192827e+00 2 0 2.131608e-03 9.658266e-04 -5.931739e-04 -6.748375e-04 -1.559001e-03
1.000000e+00 -6.345346e+00 1.000258e+00 1.001087e+00 9.998878e-01 1.001219e+00 1.195237e+00 2 0 4.077069e-03 4.642745e-03 2.092825e-03 5.591182e-03 -2.549920e-03
1.000000e+00 -6.000000e+00 9.999812e-01 1.001538e+00 1.001052e+00 1.000224e+00 1.196631e+00 2 0 4.999140e-03 -7.908810e-03 1.480605e-03 -3.287916e-03 9.389415e-03
3.453460e-01 -8.000000e+00 9.992915e-01 1.000218e+00 9.999028e-01 9.986949e-01 1.195658e+00 2 0 -2.603801e-03 -3.726690e-03 5.108909e-04 -1.394692e-03 4.237581e-03
3.453460e-01 -7.654654e+00 9.999864e-01 9.994226e-01 1.000549e+00 9.997008e-01 1.195383e+00 2 0 1.168954e-03 -1.442710e-03 -1.488057e-03 8.708249e-04 -4.534753e-05
3.453460e-01 -7.000000e+00 1.000481e+00 9.993185e-01 9.990810e-01 1.000645e+00 1.194174e+00 2 0 -3.509600e-03 9.613232e-04 -2.469661e-03 -4.028786e-03 -3.430985e-03
3.453460e-01 -6.345346e+00 1.002397e+00 9.997811e-01 9.982828e-01 1.004262e+00 1.192963e+00 2 0 -1.400577e-03 -1.231437e-03 2.160195e-03 3.423943e-03 3.391632e-03
3.453460e-01 -6.000000e+00 1.000138e+00 9.981904e-01 1.000349e+00 1.000248e+00 1.194291e+00 2 0 2.323876e-03 -1.180306e-02 1.028878e-04 2.237448e-03 1.190595e-02
0.000000e+00 -8.000000e+00 9.994923e-01 1.000997e+00 1.000658e+00 9.990997e-01 1.196452e+00 2 0 -1.750040e-03 -1.261853e-02 -5.600142e-03 -4.952915e-03 7.018387e-03
0.000000e+00 -7.654654e+00 1.001307e+00 9.983529e-01 1.001065e+00 1.001732e+00 1.194628e+00 2 0 8.033193e-03 -1.763945e-03 -1.375772e-03 1.139122e-03 3.881732e-04
0.000000e+00 -7.000000e+00 1.000042e+00 1.000392e+00 9.994034e-01 1.000023e+00 1.195118e+00 2 0 -4.552230e-04 4.539185e-03 9.004105e-04 -5.383375e-03 -3.638775e-03
0.000000e+00 -6.345346e+00 1.000646e+00 1.001097e+00 9.978058e-01 1.001277e+00 1.194198e+00 2 0 -8.345312e-03 -3.667324e-03 9.563982e-04 3.759424e-03 4.623722e-03
0.000000e+00 -6.000000e+00 9.975059e-01 9.988851e-01 1.000775e+00 9.966633e-01 1.195531e+00 2 0 -9.863116e-03 -1.037796e-02 -2.663588e-03 7.248402e-03 7.714371e-03
VARIABLES = "X", "Y", "ro", "u", "v", "pre", "Ma", "PART", "IMEX", "Ux", "Uy", "Vx", "Vy", "Vort" 
ZONE I=5, J=5, DATAPACKING=POINT
2.000000e+00 -6.000000e+00 9.992914e-01 9.985668e-01 1.001855e+00 9.988492e-01 1.195747e+00 2 0 -7.860161e-03 1.396025e-02 1.501326e-03 -1.215224e-02 -1.245893e-02
2.000000e+00 -5.654654e+00 9.998404e-01 1.001548e+00 1.000884e+00 9.998695e-01 1.196665e+00 2 0 1.491372e-03 6.526381e-04 1.306474e-03 9.554804e-04 6.538358e-04
2.000000e+00 -5.000000e+00 9.976970e-01 9.991625e-01 1.000603e+00 9.968253e-01 1.195611e+00 2 0 6.185849e-03 -2.463512e-03 7.338701e-04 -4.791026e-03 3.197382e-03
2.000000e+00 -4.345346e+00 1.002518e+00 1.000892e+00 9.959434e-01 1.003389e+00 1.192823e+00 2 0 -6.321900e-03 5.091559e-03 4.388774e-04 -4.050103e-03 -4.652682e-03
2.000000e+00 -4.000000e+00 1.002665e+00 1.001106e+00 9.976306e-01 1.003602e+00 1.193917e+00 2 0 -6.068157e-03 -9.083601e-03 -1.038177e-02 2.350462e-02 -1.298171e-03
1.654654e+00 -6.000000e+00 9.982605e-01 1.001184e+00 1.001289e+00 9.974731e-01 1.197179e+00 2 0 -4.586496e-03 7.038170e-03 9.544593e-04 -1.130840e-02 -6.083710e-03
1.654654e+00 -5.654654e+00 9.997658e-01 1.001919e+00 1.001120e+00 9.998066e-01 1.197020e+00 2 0 -1.659141e-03 -5.042309e-03 -2.247981e-03 3.242127e-03 2.794328e-03
1.654654e+00 -5.000000e+00 9.993859e-01 9.976576e-01 1.000690e+00 9.987905e-01 1.194598e+00 2 0 6.062427e-04 -1.495865e-03 5.251286e-04 -7.061596e-03 2.020994e-03
1.654654e+00 -4.345346e+00 1.001679e+00 1.002205e+00 9.957737e-01 1.002570e+00 1.193496e+00 2 0 -1.610047e-03 1.014370e-02 -7.670866e-04 -7.177018e-05 -1.091078e-02
1.654654e+00 -4.000000e+00 9.974538e-01 1.002770e+00 1.000222e+00 9.967785e-01 1.197423e+00 2 0 -2.515889e-03 -2.221055e-02 -5.373121e-03 3.036134e-02 1.683743e-02
1.000000e+00 -6.000000e+00 1.000069e+00 1.000805e+00 1.000553e+00 9.999074e-01 1.196137e+00 2 0 4.685517e-03 1.971066e-03 1.817549e-03 7.243600e-03 -1.535169e-04
1.000000e+00 -5.654654e+00 9.995602e-01 1.001532e+00 1.002247e+00 9.992531e-01 1.197671e+00 2 0 3.707745e-03 -1.340584e-03 8.914322e-05 3.217208e-04 1.429727e-03
1.000000e+00 -5.000000e+00 1.000412e+00 9.993422e-01 9.993410e-01 9.991825e-01 1.195177e+00 2 0 -3.401686e-03 -1.331831e-03 2.945813e-03 -5.747832e-03 4.277644e-03
1.000000e+00 -4.345346e+00 9.993812e-01 1.002365e+00 9.985092e-01 1.001012e+00 1.194778e+00 2 0 -4.497984e-04 7.782156e-03 -6.760008e-03 4.210087e-03 -1.454216e-02
1.000000e+00 -4.000000e+00 9.972920e-01 1.003107e+00 1.000480e+00 9.981951e-01 1.196831e+00 2 0 4.077557e-04 -2.149497e-02 4.419222e-03 -1.547403e-04 2.591420e-02
3.453460e-01 -6.000000e+00 9.999262e-01 9.976759e-01 9.992189e-01 9.994174e-01 1.193677e+00 2 0 1.896435e-03 -3.266021e-03 1.119086e-03 1.229253e-02 4.385108e-03
3.453460e-01 -5.654654e+00 1.000787e+00 9.980436e-01 1.001036e+00 1.000768e+00 1.194691e+00 2 0 4.703281e-03 1.889377e-03 2.284663e-03 -3.473929e-03 3.952856e-04
3.453460e-01 -5.000000e+00 1.000833e+00 9.997851e-01 9.983631e-01 9.997693e-01 1.194758e+00 2 0 3.019279e-03 4.386796e-03 -1.340338e-03 1.387807e-03 -5.727134e-03
3.453460e-01 -4.345346e+00 9.991885e-01 1.003709e+00 1.001670e+00 1.001216e+00 1.197230e+00 2 0 -3.049206e-03 4.177794e-03 3.414634e-04 -2.667901e-04 -3.836331e-03
3.453460e-01 -4.000000e+00 1.003259e+00 1.002541e+00 9.961366e-01 1.006339e+00 1.192615e+00 2 0 2.095533e-03 -2.665815e-02 6.351008e-03 -3.918508e-02 3.300916e-02
0.000000e+00 -6.000000e+00 9.971690e-01 9.985976e-01 9.995507e-01 9.960385e-01 1.194800e+00 2 0 -1.128933e-02 -4.716030e-03 -3.583996e-03 3.984030e-03 1.132034e-03
0.000000e+00 -5.654654e+00 1.000212e+00 9.974470e-01 1.000811e+00 1.000156e+00 1.194222e+00 2 0 -2.770014e-03 -3.073784e-03 -1.376521e-03 -8.133432e-04 1.697263e-03
0.000000e+00 -5.000000e+00 1.001421e+00 9.980336e-01 9.996895e-01 1.001287e+00 1.193948e+00 2 0 8.091523e-03 6.859048e-03 -6.205218e-03 -3.342461e-05 -1.306427e-02
0.000000e+00 -4.345346e+00 1.001708e+00 1.004383e+00 9.996290e-01 1.003293e+00 1.196683e+00 2 0 2.613772e-03 4.886830e-03 1.036112e-02 -4.777572e-03 5.474287e-03
0.000000e+00 -4.000000e+00 1.004230e+00 1.001120e+00 9.949687e-01 1.006734e+00 1.191413e+00 2 0 6.307444e-03 -4.426815e-02 -4.804174e-04 -2.114602e-02 4.378773e-02
VARIABLES = "X", "Y", "ro", "u", "v", "pre", "Ma", "PART", "IMEX", "Ux", "Uy", "Vx", "Vy", "Vort" 
ZONE I=5, J=5, DATAPACKING=POINT
2.000000e+00 -4.000000e+00 1.001671e+00 1.000745e+00 9.988359e-01 1.002225e+00 1.194648e+00 2 0 -7.422191e-05 5.857347e-04 -6.244882e-03 2.735256e-02 -6.830617e-03
2.000000e+00 -3.654654e+00 9.993130e-01 1.001278e+00 1.003230e+00 9.990102e-01 1.198105e+00 2 0 -2.119124e-02 1.395734e-03 3.248291e-03 6.329580e-03 1.852557e-03
2.000000e+00 -3.000000e+00 1.000910e+00 1.004281e+00 1.005690e+00 1.001367e+00 1.200914e+00 2 0 -9.895563e-03 1.051805e-02 -4.146198e-03 6.625282e-03 -1.466425e-02
2.000000e+00 -2.345346e+00 1.003816e+00 1.021457e+00 1.020276e+00 1.003932e+00 1.220099e+00 2 0 -5.048080e-02 5.021076e-02 -3.168729e-02 4.690414e-02 -8.189805e-02
2.000000e+00 -2.000000e+00 1.006114e+00 1.046487e+00 1.044423e+00 1.006714e+00 1.249186e+00 2 0 -7.885443e-02 1.086362e-01 -7.307400e-02 1.017113e-01 -1.817102e-01
1.654654e+00 -4.000000e+00 9.971477e-01 1.000904e+00 1.000316e+00 9.960265e-01 1.196631e+00 2 0 6.457917e-04 2.432940e-02 -2.269006e-03 9.671897e-03 -2.659841e-02
1.654654e+00 -3.654654e+00 9.973275e-01 1.006589e+00 1.002351e+00 9.970982e-01 1.200711e+00 2 0 -1.000647e-02 3.939614e-03 1.955646e-03 3.631313e-03 -1.983968e-03
1.654654e+00 -3.000000e+00 1.001484e+00 1.009472e+00 1.006590e+00 1.000445e+00 1.205454e+00 2 0 -1.765788e-02 1.910232e-02 -1.932475e-03 1.540991e-02 -2.103479e-02
1.654654e+00 -2.345346e+00 1.003718e+00 1.046104e+00 1.034502e+00 1.002208e+00 1.244355e+00 2 0 -9.100015e-02 1.000123e-01 -4.485490e-02 8.307055e-02 -1.448672e-01
1.654654e+00 -2.000000e+00 1.002866e+00 1.089659e+00 1.075385e+00 1.002947e+00 1.293837e+00 2 0 -1.645601e-01 1.561115e-01 -9.390736e-02 1.653154e-01 -2.500189e-01
1.000000e+00 -4.000000e+00 9.975817e-01 1.000451e+00 9.993022e-01 9.974889e-01 1.195137e+00 2 0 1.074634e-04 3.554494e-02 4.719752e-03 1.516671e-02 -3.082519e-02
1.000000e+00 -3.654654e+00 9.978293e-01 1.008121e+00 1.002705e+00 9.990479e-01 1.200970e+00 2 0 3.499974e-03 5.721328e-03 -2.745270e-03 1.648365e-03 -8.466598e-03
1.000000e+00 -3.000000e+00 1.002068e+00 1.023747e+00 1.006973e+00 9.984239e-01 1.215842e+00 2 0 -2.464260e-02 6.922961e-02 9.638790e-04 2.587669e-02 -6.826573e-02
1.000000e+00 -2.345346e+00 9.985622e-01 1.123617e+00 1.053820e+00 9.971067e-01 1.302886e+00 2 0 -1.344638e-01 2.451989e-01 -3.027893e-03 1.268740e-01 -2.482268e-01
1.000000e+00 -2.000000e+00 9.954446e-01 1.224954e+00 1.108857e+00 9.973234e-01 1.395127e+00 2 0 -2.225123e-01 3.399405e-01 1.306693e-02 1.812417e-01 -3.268736e-01
3.453460e-01 -4.000000e+00 1.001437e+00 1.000180e+00 9.959591e-01 1.002186e+00 1.192478e+00 2 0 2.338996e-03 1.979480e-02 3.419732e-03 4.679946e-02 -1.637506e-02
3.453460e-01 -3.654654e+00 1.000078e+00 1.004616e+00 1.003543e+00 1.001842e+00 1.199048e+00 2 0 5.076496e-03 5.750221e-03 3.541718e-03 3.831772e-03 -2.208503e-03
3.453460e-01 -3.000000e+00 9.997396e-01 1.038148e+00 1.004842e+00 9.964304e-01 1.223108e+00 2 0 -1.481350e-02 1.293374e-01 6.055076e-03 1.492377e-02 -1.232823e-01
3.453460e-01 -2.345346e+00 9.946080e-01 1.199641e+00 1.030833e+00 9.957972e-01 1.335977e+00 2 0 -7.539818e-02 3.657375e-01 7.311651e-02 6.111828e-02 -2.926210e-01
3.453460e-01 -2.000000e+00 9.929741e-01 1.342927e+00 1.052792e+00 9.925393e-01 1.442493e+00 2 0 -1.085517e-01 4.400423e-01 1.452978e-01 5.995320e-02 -2.947446e-01
0.000000e+00 -4.000000e+00 1.002023e+00 9.982945e-01 9.957965e-01 1.002844e+00 1.191210e+00 2 0 8.206121e-03 2.040112e-02 -2.925211e-03 2.400524e-02 -2.332634e-02
0.000000e+00 -3.654654e+00 1.001241e+00 1.003532e+00 1.000187e+00 1.002878e+00 1.196475e+00 2 0 6.986898e-04 7.746305e-03 1.672290e-02 7.430107e-03 8.976598e-03
0.000000e+00 -3.000000e+00 9.992980e-01 1.040216e+00 1.002084e+00 9.980160e-01 1.221504e+00 2 0 4.482007e-03 1.392110e-01 1.068871e-02 -3.011598e-04 -1.285223e-01
0.000000e+00 -2.345346e+00 9.944433e-01 1.211140e+00 1.000122e+00 9.945155e-01 1.327437e+00 2 0 1.204143e-02 3.815883e-01 9.802431e-02 -5.040098e-03 -2.835640e-01
0.000000e+00 -2.000000e+00 9.841138e-01 1.359312e+00 9.986755e-01 9.785701e-01 1.429585e+00 2 0 1.552141e-02 4.423166e-01 1.552360e-01 3.221612e-03 -2.870807e-01
VARIABLES = "X", "Y", "ro", "u", "v", "pre", "Ma", "PART", "IMEX", "Ux", "Uy", "Vx", "Vy", "Vort" 
ZONE I=5, J=5, DATAPACKING=POINT
2.000000e+00 -2.000000e+00 1.006515e+00 1.048361e+00 1.045243e+00 1.007240e+00 1.250719e+00 2 0 -6.920680e-02 5.365236e-02 -8.050370e-02 1.078882e-01 -1.341561e-01
2.000000e+00 -1.654654e+00 9.980693e-01 1.072625e+00 1.094537e+00 9.967085e-01 1.296077e+00 2 0 -1.622816e-01 8.430509e-02 -1.365504e-01 1.756312e-01 -2.208555e-01
2.000000e+00 -1.000000e+00 9.897219e-01 1.108934e+00 1.228498e+00 9.892098e-01 1.399071e+00 2 0 -2.270642e-01 -8.390139e-04 -2.945874e-01 2.114343e-01 -2.937484e-01
2.000000e+00 -3.453460e-01 9.882260e-01 1.056630e+00 1.340822e+00 9.886868e-01 1.442447e+00 2 0 -1.104068e-01 -1.510783e-01 -4.439229e-01 1.066471e-01 -2.928446e-01
2.000000e+00 0.000000e+00 9.884379e-01 9.985224e-01 1.358274e+00 9.893558e-01 1.424108e+00 2 0 -2.178439e-02 -1.639905e-01 -5.067126e-01 -2.300196e-02 -3.427221e-01
1.654654e+00 -2.000000e+00 1.002781e+00 1.090464e+00 1.076474e+00 1.002593e+00 1.295142e+00 2 0 -1.643947e-01 1.366621e-01 -9.010904e-02 1.507435e-01 -2.267712e-01
1.654654e+00 -1.654654e+00 9.947865e-01 1.144712e+00 1.147729e+00 9.958261e-01 1.369281e+00 2 0 -2.529367e-01 1.626845e-01 -1.523089e-01 2.574507e-01 -3.149933e-01
1.654654e+00 -1.000000e+00 9.774858e-01 1.204706e+00 1.345050e+00 9.740269e-01 1.528784e+00 2 0 -3.218925e-01 -1.692914e-02 -3.349783e-01 3.110930e-01 -3.180492e-01
1.654654e+00 -3.453460e-01 9.650997e-01 1.106499e+00 1.510413e+00 9.539583e-01 1.591637e+00 2 0 -1.665711e-01 -2.666963e-01 -4.770406e-01 1.603966e-01 -2.103443e-01
1.654654e+00 0.000000e+00 9.616211e-01 1.004513e+00 1.539787e+00 9.484170e-01 1.564574e+00 2 0 -4.396659e-03 -2.970193e-01 -4.916410e-01 -9.262299e-03 -1.946217e-01
1.000000e+00 -2.000000e+00 9.966292e-01 1.225375e+00 1.106951e+00 9.987476e-01 1.394146e+00 2 0 -2.197103e-01 3.144821e-01 1.485772e-02 1.978726e-01 -2.996244e-01
1.000000e+00 -1.654654e+00 9.823493e-01 1.340154e+00 1.205279e+00 9.804473e-01 1.524798e+00 2 0 -3.163297e-01 3.228529e-01 6.805122e-03 3.472353e-01 -3.160477e-01
1.000000e+00 -1.000000e+00 9.161606e-01 1.455821e+00 1.468784e+00 8.821966e-01 1.781130e+00 2 0 -4.253661e-01 -3.551185e-02 2.702676e-02 4.226150e-01 6.253862e-02
1.000000e+00 -3.453460e-01 8.315490e-01 1.242495e+00 1.706465e+00 7.687902e-01 1.855409e+00 2 0 -2.566570e-01 -6.110583e-01 -4.678633e-02 2.500009e-01 5.642720e-01
1.000000e+00 0.000000e+00 8.084933e-01 9.990918e-01 1.753799e+00 7.400570e-01 1.783003e+00 2 0 1.163823e-02 -7.542612e-01 -1.145638e-01 3.198951e-03 6.396974e-01
3.453460e-01 -2.000000e+00 9.921170e-01 1.340230e+00 1.052614e+00 9.888254e-01 1.442686e+00 2 0 -1.027527e-01 4.929087e-01 1.402103e-01 1.724914e-01 -3.526985e-01
3.453460e-01 -1.654654e+00 9.613888e-01 1.515649e+00 1.115529e+00 9.495110e-01 1.600424e+00 2 0 -1.803784e-01 4.753041e-01 2.706515e-01 1.886724e-01 -2.046526e-01
3.453460e-01 -1.000000e+00 8.266066e-01 1.708660e+00 1.251961e+00 7.621062e-01 1.864456e+00 2 0 -2.709117e-01 4.989259e-02 6.370846e-01 2.416392e-01 5.871920e-01
3.453460e-01 -3.453460e-01 5.951297e-01 1.448285e+00 1.447011e+00 4.907224e-01 1.905469e+00 2 0 -3.398142e-01 -9.826237e-01 9.524272e-01 3.368454e-01 1.935051e+00
3.453460e-01 0.000000e+00 5.215273e-01 1.004265e+00 1.542668e+00 4.104514e-01 1.753635e+00 2 0 -3.975429e-02 -1.478247e+00 9.989027e-01 1.755669e-01 2.477149e+00
0.000000e+00 -2.000000e+00 9.827720e-01 1.354614e+00 9.997067e-01 9.737768e-01 1.429430e+00 2 0 2.192682e-02 6.013212e-01 1.547562e-01 3.380279e-02 -4.465651e-01
0.000000e+00 -1.654654e+00 9.569510e-01 1.549830e+00 1.001187e+00 9.440986e-01 1.569962e+00 2 0 -1.004719e-02 4.877133e-01 3.734635e-01 -1.174254e-02 -1.142499e-01
0.000000e+00 -1.000000e+00 8.060902e-01 1.750537e+00 9.964010e-01 7.356280e-01 1.782016e+00 2 0 6.188006e-02 1.003974e-01 7.794991e-01 1.343201e-02 6.791017e-01
0.000000e+00 -3.453460e-01 5.157283e-01 1.532954e+00 1.029448e+00 4.030370e-01 1.765358e+00 2 0 -7.170592e-02 -1.017224e+00 1.338723e+00 7.061233e-02 2.355947e+00
0.000000e+00 0.000000e+00 4.333325e-01 1.021466e+00 1.032846e+00 3.197224e-01 1.429283e+00 2 0 -8.317753e-03 -1.725277e+00 1.862089e+00 -1.358429e-01 3.587366e+00
VARIABLES = "X", "Y", "ro", "u", "v", "pre", "Ma", "PART", "IMEX", "Ux", "Uy", "Vx", "Vy", "Vort" 
ZONE I=5, J=5, DATAPACKING=POINT
4.000000e+00 -8.000000e+00 9.978309e-01 9.990037e-01 1.001070e+00 9.969600e-01 1.195795e+00 2 0 7.742283e-03 -2.531322e-03 -3.086495e-04 -2.914838e-03 2.222672e-03
4.000000e+00 -7.654654e+00 1.000055e+00 9.983759e-01 1.000727e+00 1.000076e+00 1.194681e+00 2 0 -2.074144e-03 -8.103484e-04 1.969814e-04 -1.179976e-03 1.007330e-03
4.000000e+00 -7.000000e+00 1.001400e+00 9.992558e-01 1.000070e+00 1.001973e+00 1.194484e+00 2 0 4.164949e-03 3.216691e-03 4.361066e-04 -4.676937e-04 -2.780585e-03
4.000000e+00 -6.345346e+00 9.993404e-01 1.001750e+00 1.000152e+00 9.990574e-01 1.196535e+00 2 0 5.624404e-03 3.571882e-03 5.494458e-03 1.357232e-04 1.922575e-03
4.000000e+00 -6.000000e+00 9.990292e-01 1.002714e+00 9.998338e-01 9.986272e-01 1.196993e+00 2 0 3.651132e-03 2.838317e-03 9.126202e-04 -2.161478e-03 -1.925696e-03
3.654654e+00 -8.000000e+00 9.995363e-01 9.973374e-01 1.001121e+00 9.993450e-01 1.194424e+00 2 0 1.110474e-03 4.975743e-03 6.962571e-04 -6.668415e-03 -4.279486e-03
3.654654e+00 -7.654654e+00 1.000366e+00 9.985339e-01 1.000383e+00 1.000516e+00 1.194492e+00 2 0 6.208054e-04 1.107125e-03 1.556135e-03 -6.521611e-04 4.490094e-04
3.654654e+00 -7.000000e+00 1.001270e+00 9.985348e-01 9.998326e-01 1.001772e+00 1.193954e+00 2 0 4.115572e-04 5.871850e-04 4.077906e-04 -1.837341e-03 -1.793944e-04
3.654654e+00 -6.345346e+00 1.001415e+00 1.000155e+00 9.986194e-01 1.001980e+00 1.194160e+00 2 0 2.228561e-03 3.680397e-03 3.516124e-03 -2.516435e-04 -1.642732e-04
3.654654e+00 -6.000000e+00 9.998448e-01 1.001093e+00 9.994706e-01 9.997776e-01 1.195606e+00 2 0 4.553095e-03 4.774198e-04 5.026128e-04 7.089881e-03 2.519301e-05
3.000000e+00 -8.000000e+00 1.000352e+00 9.995173e-01 1.000727e+00 1.000514e+00 1.195278e+00 2 0 -5.732963e-03 -2.996878e-03 -1.580471e-04 -5.321124e-03 2.838831e-03
3.000000e+00 -7.654654e+00 1.000370e+00 9.987698e-01 9.999737e-01 1.000521e+00 1.194388e+00 2 0 -2.292396e-03 -6.760595e-04 -9.357298e-04 -4.423520e-04 -2.596703e-04
3.000000e+00 -7.000000e+00 1.000700e+00 9.995315e-01 9.990584e-01 1.000967e+00 1.194227e+00 2 0 -2.664981e-03 2.133791e-03 2.237367e-03 -3.079868e-03 1.035757e-04
3.000000e+00 -6.345346e+00 1.001479e+00 1.000232e+00 9.978702e-01 1.002090e+00 1.193731e+00 2 0 -1.370132e-03 -1.042137e-03 -1.151395e-03 2.730236e-03 -1.092585e-04
3.000000e+00 -6.000000e+00 9.988090e-01 9.992156e-01 1.000845e+00 9.983687e-01 1.195529e+00 2 0 5.843282e-04 -5.131644e-03 -4.505969e-03 1.354040e-02 6.256749e-04
2.345346e+00 -8.000000e+00 9.995108e-01 1.002102e+00 1.001197e+00 9.993086e-01 1.197321e+00 2 0 -3.208732e-04 -2.571495e-03 -2.560569e-04 1.020874e-02 2.315438e-03
2.345346e+00 -7.654654e+00 9.980467e-01 1.001351e+00 1.001265e+00 9.972927e-01 1.197245e+00 2 0 -4.555804e-03 -1.246318e-03 -1.841032e-03 -4.232961e-03 -5.947131e-04
2.345346e+00 -7.000000e+00 1.000322e+00 1.001107e+00 9.976243e-01 1.000465e+00 1.194387e+00 2 0 -1.588380e-03 8.207025e-05 7.002250e-04 -3.458102e-03 6.181548e-04
2.345346e+00 -6.345346e+00 1.000425e+00 1.000914e+00 9.992648e-01 1.000534e+00 1.195271e+00 2 0 -1.259149e-04 -1.261357e-03 -1.912084e-03 8.985255e-03 -6.507275e-04
2.345346e+00 -6.000000e+00 9.974221e-01 1.000052e+00 1.003413e+00 9.963684e-01 1.197934e+00 2 0 -1.819922e-03 -5.938182e-03 -7.751566e-04 1.098100e-02 5.163026e-03
2.000000e+00 -8.000000e+00 9.991052e-01 1.001177e+00 1.000679e+00 9.987065e-01 1.196577e+00 2 0 5.035974e-03 5.529699e-03 3.893936e-03 1.092298e-02 -1.635763e-03
2.000000e+00 -7.654654e+00 9.972037e-01 1.002608e+00 1.001354e+00 9.961446e-01 1.198233e+00 2 0 -3.774572e-03 1.226714e-03 1.795695e-03 -2.828737e-03 5.689807e-04
2.000000e+00 -7.000000e+00 9.997037e-01 1.001394e+00 9.982629e-01 9.995610e-01 1.195110e+00 2 0 -4.866777e-04 -2.843736e-03 -4.693927e-03 -3.162145e-03 -1.850190e-03
2.000000e+00 -6.345346e+00 1.000700e+00 1.000645e+00 9.994511e-01 1.000928e+00 1.195150e+00 2 0 4.320378e-03 8.791687e-05 6.519181e-04 6.704699e-03 5.640013e-04
2.000000e+00 -6.000000e+00 9.986224e-01 1.000096e+00 1.002234e+00 9.979732e-01 1.197011e+00 2 0 5.321361e-03 -9.971435e-03 7.123018e-03 5.495418e-03 1.709445e-02
VARIABLES = "X", "Y", "ro", "u", "v", "pre", "Ma", "PART", "IMEX", "Ux", "Uy", "Vx", "Vy", "Vort" 
ZONE I=5, J=5, DATAPACKING=POINT
4.000000e+00 -6.000000e+00 9.989313e-01 1.002917e+00 9.999198e-01 9.985005e-01 1.197184e+00 2 0 5.167416e-03 -3.760394e-03 -4.348927e-04 3.020263e-03 3.325501e-03
4.000000e+00 -5.654654e+00 9.985090e-01 1.000847e+00 1.000456e+00 9.979117e-01 1.196365e+00 2 0 -7.215464e-03 -6.268428e-03 -4.291177e-03 6.840061e-04 1.977251e-03
4.000000e+00 -5.000000e+00 9.987906e-01 9.985141e-01 1.000256e+00 9.983475e-01 1.194759e+00 2 0 -1.014993e-02 1.282336e-04 -3.547007e-03 -1.035259e-03 -3.675241e-03
4.000000e+00 -4.345346e+00 1.000298e+00 1.000826e+00 9.991743e-01 1.000373e+00 1.195185e+00 2 0 2.420191e-03 5.927159e-03 4.492382e-03 -2.399405e-03 -1.434777e-03
4.000000e+00 -4.000000e+00 1.001515e+00 1.002918e+00 9.981383e-01 1.002068e+00 1.195534e+00 2 0 1.035598e-02 6.379076e-03 5.733620e-03 -4.030896e-03 -6.454562e-04
3.654654e+00 -6.000000e+00 9.997632e-01 1.001032e+00 9.996884e-01 9.996526e-01 1.195725e+00 2 0 4.803800e-03 2.136304e-03 1.006294e-03 8.039092e-03 -1.130009e-03
3.654654e+00 -5.654654e+00 9.972263e-01 1.001330e+00 1.001164e+00 9.961324e-01 1.197376e+00 2 0 2.902968e-03 -2.476917e-04 2.062891e-04 2.028078e-03 4.539808e-04
3.654654e+00 -5.000000e+00 9.975649e-01 1.000978e+00 1.000677e+00 9.965852e-01 1.196805e+00 2 0 -2.636340e-03 -1.396880e-04 8.204756e-06 -2.887722e-03 1.478928e-04
3.654654e+00 -4.345346e+00 1.001656e+00 1.001198e+00 9.983230e-01 1.002313e+00 1.194552e+00 2 0 -1.964256e-03 2.185230e-04 1.735036e-04 -3.070129e-03 -4.501936e-05
3.654654e+00 -4.000000e+00 1.002492e+00 1.000957e+00 9.979264e-01 1.003489e+00 1.193969e+00 2 0 2.541739e-03 -1.669613e-03 -2.935021e-03 3.277277e-03 -1.265408e-03
3.000000e+00 -6.000000e+00 9.992196e-01 9.992059e-01 1.000363e+00 9.989475e-01 1.195134e+00 2 0 5.392297e-04 -3.982156e-03 -3.461362e-03 -1.845198e-03 5.207939e-04
3.000000e+00 -5.654654e+00 9.992283e-01 9.987427e-01 1.000524e+00 9.989234e-01 1.194973e+00 2 0 1.822155e-03 6.216816e-04 3.155273e-04 -3.186815e-05 -3.061543e-04
3.000000e+00 -5.000000e+00 1.000592e+00 1.000036e+00 9.995914e-01 1.000783e+00 1.194892e+00 2 0 3.257299e-03 2.339021e-03 2.486225e-03 -2.258423e-03 1.472031e-04
3.000000e+00 -4.345346e+00 1.000906e+00 1.001035e+00 9.989131e-01 1.001300e+00 1.194963e+00 2 0 3.148751e-03 2.569215e-04 -2.338215e-04 1.177582e-03 -4.907429e-04
3.000000e+00 -4.000000e+00 9.998470e-01 1.000720e+00 9.998565e-01 9.998605e-01 1.195565e+00 2 0 -4.362634e-04 -3.952910e-03 -2.105769e-04 3.434268e-03 3.742334e-03
2.345346e+00 -6.000000e+00 9.979049e-01 9.996840e-01 1.002683e+00 9.970768e-01 1.197141e+00 2 0 -4.829837e-04 3.435359e-03 -1.044361e-03 -1.016474e-02 -4.479720e-03
2.345346e+00 -5.654654e+00 9.997368e-01 1.000291e+00 1.001045e+00 9.996263e-01 1.196094e+00 2 0 -5.272699e-03 -1.007904e-03 -8.702706e-04 -3.540558e-03 1.376335e-04
2.345346e+00 -5.000000e+00 1.000354e+00 9.985562e-01 9.990234e-01 1.000609e+00 1.193630e+00 2 0 6.594043e-04 -2.321130e-03 -2.321475e-03 -3.077971e-03 -3.450617e-07
2.345346e+00 -4.345346e+00 1.001880e+00 9.989798e-01 9.974443e-01 1.002480e+00 1.192735e+00 2 0 -2.162447e-04 4.155747e-03 4.529478e-03 -8.168968e-04 3.737312e-04
2.345346e+00 -4.000000e+00 1.003153e+00 1.001007e+00 9.977942e-01 1.004351e+00 1.193801e+00 2 0 -7.011690e-04 8.401882e-03 4.186020e-03 5.849945e-03 -4.215862e-03
2.000000e+00 -6.000000e+00 9.989090e-01 9.990867e-01 1.001619e+00 9.982921e-01 1.196020e+00 2 0 7.601337e-03 1.398105e-02 7.213403e-03 -1.191691e-02 -6.767642e-03
2.000000e+00 -5.654654e+00 9.997680e-01 1.001744e+00 1.000785e+00 9.997735e-01 1.196737e+00 2 0 -6.893576e-04 -9.076882e-04 2.748669e-03 1.679110e-03 3.656357e-03
2.000000e+00 -5.000000e+00 9.978220e-01 9.986289e-01 1.000905e+00 9.970122e-01 1.195436e+00 2 0 -3.603126e-03 -2.564484e-03 -7.615078e-03 -4.716712e-03 -5.050594e-03
2.000000e+00 -4.345346e+00 1.002848e+00 1.000929e+00 9.958161e-01 1.003840e+00 1.192697e+00 2 0 -1.244257e-02 6.385269e-03 3.573973e-03 -4.999942e-03 -2.811296e-03
2.000000e+00 -4.000000e+00 1.002714e+00 1.001422e+00 9.974072e-01 1.003656e+00 1.193970e+00 2 0 -2.500085e-04 -8.627008e-03 -4.948769e-03 2.536959e-02 3.678239e-03
VARIABLES = "X", "Y", "ro", "u", "v", "pre", "Ma", "PART", "IMEX", "Ux", "Uy", "Vx", "Vy", "Vort" 
ZONE I=5, J=5, DATAPACKING=POINT
4.000000e+00 -4.000000e+00 1.001554e+00 1.003048e+00 9.980729e-01 1.002146e+00 1.195549e+00 2 0 9.538055e-03 5.453214e-04 2.760725e-03 2.773851e-03 2.215403e-03
4.000000e+00 -3.654654e+00 1.000380e+00 1.002336e+00 9.993596e-01 1.000469e+00 1.196189e+00 2 0 9.631597e-03 -3.439787e-03 -1.137361e-03 3.663235e-03 2.302426e-03
4.000000e+00 -3.000000e+00 9.982444e-01 9.999148e-01 1.000398e+00 9.976902e-01 1.195748e+00 2 0 -8.578039e-03 -2.980921e-03 1.504673e-03 -7.252031e-04 4.485595e-03
4.000000e+00 -2.345346e+00 9.991803e-01 9.986771e-01 9.994840e-01 9.990186e-01 1.194226e+00 2 0 -1.365861e-03 -1.434902e-03 -6.558773e-03 -4.585876e-04 -5.123871e-03
4.000000e+00 -2.000000e+00 9.994415e-01 9.979067e-01 1.000040e+00 9.991195e-01 1.194194e+00 2 0 -2.205945e-03 -4.379560e-03 -5.827277e-03 2.971313e-03 -1.447717e-03
3.654654e+00 -4.000000e+00 1.002298e+00 1.001031e+00 9.982540e-01 1.003213e+00 1.194257e+00 2 0 3.429476e-03 -3.754719e-03 -2.802588e-03 8.294043e-03 9.521309e-04
3.654654e+00 -3.654654e+00 1.000169e+00 1.000349e+00 9.997850e-01 1.000229e+00 1.195273e+00 2 0 1.424687e-03 -4.345501e-04 -3.385993e-04 2.649101e-03 9.595087e-05
3.654654e+00 -3.000000e+00 9.982129e-01 1.000343e+00 1.000442e+00 9.974499e-01 1.196155e+00 2 0 1.723192e-03 -5.886817e-04 -5.580122e-04 1.382576e-04 3.066953e-05
3.654654e+00 -2.345346e+00 9.979938e-01 9.995314e-01 1.000613e+00 9.969751e-01 1.195925e+00 2 0 -1.820259e-03 -8.419805e-04 -1.943645e-03 7.367084e-04 -1.101664e-03
3.654654e+00 -2.000000e+00 9.984207e-01 9.998647e-01 1.001062e+00 9.975331e-01 1.196315e+00 2 0 -5.774094e-03 3.920036e-03 -2.066701e-03 1.292979e-03 -5.986738e-03
3.000000e+00 -4.000000e+00 9.999754e-01 1.000398e+00 9.997044e-01 1.000034e+00 1.195255e+00 2 0 -7.159876e-04 4.891835e-03 1.556098e-04 -2.960267e-03 -4.736226e-03
3.000000e+00 -3.654654e+00 9.995224e-01 1.000990e+00 1.000209e+00 9.994191e-01 1.196007e+00 2 0 -7.799804e-04 -1.884597e-03 -1.941539e-03 3.651898e-03 -5.694182e-05
3.000000e+00 -3.000000e+00 9.981815e-01 9.990081e-01 1.002015e+00 9.973512e-01 1.196339e+00 2 0 -1.701369e-06 -1.210380e-03 -4.372459e-03 4.580372e-04 -3.162080e-03
3.000000e+00 -2.345346e+00 9.994875e-01 1.001339e+00 1.002022e+00 9.992833e-01 1.197360e+00 2 0 -5.861278e-03 7.948732e-03 -4.427601e-03 2.692716e-03 -1.237633e-02
3.000000e+00 -2.000000e+00 9.995935e-01 1.004288e+00 1.004743e+00 9.997943e-01 1.200505e+00 2 0 -1.108080e-02 7.279879e-03 -1.278500e-02 1.472505e-02 -2.006488e-02
2.345346e+00 -4.000000e+00 1.002961e+00 1.001223e+00 9.983162e-01 1.004255e+00 1.194184e+00 2 0 -1.020892e-03 -1.226846e-03 1.833941e-03 1.628597e-02 3.060787e-03
2.345346e+00 -3.654654e+00 9.998207e-01 1.000503e+00 1.002507e+00 9.995574e-01 1.197186e+00 2 0 6.901039e-04 -1.371805e-03 -4.038517e-03 9.712494e-03 -2.666712e-03
2.345346e+00 -3.000000e+00 9.983848e-01 1.001675e+00 1.005202e+00 9.982921e-01 1.199396e+00 2 0 -7.902617e-03 5.968910e-03 -3.646773e-03 3.991191e-04 -9.615684e-03
2.345346e+00 -2.345346e+00 1.001475e+00 1.010554e+00 1.009767e+00 1.002268e+00 1.206895e+00 2 0 -2.480113e-02 2.428917e-02 -2.239737e-02 2.188811e-02 -4.668654e-02
2.345346e+00 -2.000000e+00 1.002917e+00 1.022269e+00 1.023034e+00 1.003790e+00 1.221770e+00 2 0 -5.174526e-02 4.886357e-02 -4.759401e-02 5.571848e-02 -9.645758e-02
2.000000e+00 -4.000000e+00 1.001558e+00 1.001154e+00 9.988093e-01 1.002072e+00 1.194901e+00 2 0 4.082953e-03 -1.761630e-03 -6.371646e-03 3.027253e-02 -4.610016e-03
2.000000e+00 -3.654654e+00 9.989423e-01 1.001269e+00 1.003369e+00 9.984408e-01 1.198302e+00 2 0 -6.776070e-03 1.491384e-03 7.670151e-04 5.862051e-03 -7.243693e-04
2.000000e+00 -3.000000e+00 1.000793e+00 1.004785e+00 1.005524e+00 1.001255e+00 1.201113e+00 2 0 -7.037884e-03 1.097092e-02 1.914951e-03 6.729162e-03 -9.055972e-03
2.000000e+00 -2.345346e+00 1.003350e+00 1.021634e+00 1.020454e+00 1.003175e+00 1.220488e+00 2 0 -3.881823e-02 4.952636e-02 -3.977944e-02 4.725663e-02 -8.930580e-02
2.000000e+00 -2.000000e+00 1.006335e+00 1.046919e+00 1.044431e+00 1.006805e+00 1.249530e+00 2 0 -9.121167e-02 1.135991e-01 -7.779933e-02 9.978793e-02 -1.913985e-01
VARIABLES = "X", "Y", "ro", "u", "v", "pre", "Ma", "PART", "IMEX", "Ux", "Uy", "Vx", "Vy", "Vort" 
ZONE I=5, J=5, DATAPACKING=POINT
4.000000e+00 -2.000000e+00 9.994615e-01 9.977450e-01 9.997790e-01 9.991342e-01 1.193945e+00 2 0 -3.426407e-03 5.841099e-04 -4.998219e-03 -1.641435e-03 -5.582329e-03
4.000000e+00 -1.654654e+00 1.000751e+00 9.981920e-01 1.000011e+00 1.000686e+00 1.194194e+00 2 0 -2.736296e-03 1.240306e-03 -1.194905e-02 1.261426e-03 -1.318936e-02
4.000000e+00 -1.000000e+00 9.998947e-01 9.990376e-01 1.000926e+00 9.995844e-01 1.195393e+00 2 0 -5.869882e-03 1.383356e-03 -1.607967e-02 1.566740e-03 -1.746302e-02
4.000000e+00 -3.453460e-01 9.995623e-01 9.999425e-01 1.002724e+00 9.998641e-01 1.196643e+00 2 0 -1.576759e-02 1.241494e-03 -1.777841e-02 4.583375e-03 -1.901991e-02
4.000000e+00 0.000000e+00 9.997298e-01 1.000285e+00 1.004770e+00 1.000415e+00 1.197843e+00 2 0 -1.479960e-02 1.420092e-03 -2.609807e-02 6.572701e-03 -2.751816e-02
3.654654e+00 -2.000000e+00 9.986318e-01 9.999286e-01 1.000919e+00 9.978012e-01 1.196233e+00 2 0 -5.989181e-03 1.596891e-03 -2.990140e-03 2.815239e-03 -4.587032e-03
3.654654e+00 -1.654654e+00 9.983581e-01 1.000702e+00 1.002149e+00 9.977216e-01 1.197315e+00 2 0 -8.430697e-03 3.048257e-03 -3.485091e-03 3.522295e-03 -6.533348e-03
3.654654e+00 -1.000000e+00 9.992587e-01 1.003177e+00 1.004518e+00 9.998943e-01 1.199446e+00 2 0 -1.455349e-02 3.969867e-03 -8.207159e-03 4.101937e-03 -1.217703e-02
3.654654e+00 -3.453460e-01 1.000680e+00 1.005023e+00 1.008252e+00 1.002792e+00 1.201896e+00 2 0 -1.315990e-02 7.831746e-04 -1.492773e-02 7.891007e-03 -1.571090e-02
3.654654e+00 0.000000e+00 9.995812e-01 1.004603e+00 1.011505e+00 1.001570e+00 1.203665e+00 2 0 -9.718070e-03 -4.505204e-03 -1.515316e-02 1.077668e-02 -1.064795e-02
3.000000e+00 -2.000000e+00 9.997741e-01 1.004146e+00 1.004731e+00 1.000112e+00 1.200331e+00 2 0 -1.082006e-02 1.119144e-02 -1.184053e-02 8.675027e-04 -2.303196e-02
3.000000e+00 -1.654654e+00 1.001003e+00 1.008465e+00 1.008293e+00 1.001900e+00 1.204704e+00 2 0 -1.889108e-02 1.197835e-02 -2.409008e-02 1.805395e-02 -3.606843e-02
3.000000e+00 -1.000000e+00 1.001831e+00 1.013017e+00 1.024643e+00 1.002853e+00 1.217134e+00 2 0 -2.049738e-02 5.671834e-04 -7.216644e-02 2.752796e-02 -7.273363e-02
3.000000e+00 -3.453460e-01 1.000252e+00 1.009138e+00 1.039406e+00 9.998279e-01 1.224632e+00 2 0 -3.399580e-03 -1.143514e-02 -1.072462e-01 1.414906e-02 -9.581108e-02
3.000000e+00 0.000000e+00 9.992905e-01 1.004612e+00 1.041815e+00 9.980508e-01 1.223935e+00 2 0 8.794835e-03 -1.522367e-02 -1.073073e-01 -2.518357e-03 -9.208365e-02
2.345346e+00 -2.000000e+00 1.003947e+00 1.022931e+00 1.022457e+00 1.005426e+00 1.221454e+00 2 0 -5.504302e-02 3.253266e-02 -4.849549e-02 3.684285e-02 -8.102815e-02
2.345346e+00 -1.654654e+00 1.002808e+00 1.035330e+00 1.047088e+00 1.002909e+00 1.244440e+00 2 0 -7.504363e-02 3.809899e-02 -1.058386e-01 9.690111e-02 -1.439376e-01
2.345346e+00 -1.000000e+00 9.956806e-01 1.049517e+00 1.123732e+00 9.940260e-01 1.300603e+00 2 0 -1.157360e-01 -4.797638e-03 -2.479159e-01 1.208713e-01 -2.431183e-01
2.345346e+00 -3.453460e-01 9.941276e-01 1.024336e+00 1.185873e+00 9.932048e-01 1.324991e+00 2 0 -6.089223e-02 -6.794429e-02 -3.667673e-01 5.455989e-02 -2.988230e-01
2.345346e+00 0.000000e+00 9.954660e-01 9.986225e-01 1.193085e+00 9.946614e-01 1.315473e+00 2 0 3.227859e-03 -7.151800e-02 -3.853120e-01 -2.437741e-02 -3.137940e-01
2.000000e+00 -2.000000e+00 1.006881e+00 1.049181e+00 1.045208e+00 1.007547e+00 1.251225e+00 2 0 -9.524524e-02 4.642126e-02 -8.596234e-02 1.123246e-01 -1.323836e-01
2.000000e+00 -1.654654e+00 9.976934e-01 1.071841e+00 1.095573e+00 9.958891e-01 1.296528e+00 2 0 -1.460217e-01 8.327447e-02 -1.735665e-01 1.777306e-01 -2.568410e-01
2.000000e+00 -1.000000e+00 9.891699e-01 1.109338e+00 1.230803e+00 9.883984e-01 1.400931e+00 2 0 -2.394743e-01 1.963555e-03 -3.628609e-01 2.136703e-01 -3.648245e-01
2.000000e+00 -3.453460e-01 9.883395e-01 1.058372e+00 1.344608e+00 9.891797e-01 1.445593e+00 2 0 -1.346830e-01 -1.499948e-01 -5.374983e-01 1.082074e-01 -3.875035e-01
2.000000e+00 0.000000e+00 9.879709e-01 1.000455e+00 1.362056e+00 9.890038e-01 1.427566e+00 2 0 -5.997020e-03 -1.668188e-01 -5.811933e-01 -2.603780e-02 -4.143745e-01
VARIABLES = "X", "Y", "ro", "u", "v", "pre", "Ma", "PART", "IMEX", "Ux", "Uy", "Vx", "Vy", "Vort" 
ZONE I=5, J=5, DATAPACKING=POINT
6.000000e+00 -8.000000e+00 1.001170e+00 9.992403e-01 9.991345e-01 1.001633e+00 1.193981e+00 2 0 -1.104269e-02 -2.933597e-03 -4.335782e-03 -6.260122e-03 -1.402185e-03
6.000000e+00 -7.654654e+00 1.001934e+00 9.987981e-01 9.987602e-01 1.002711e+00 1.193307e+00 2 0 2.264073e-04 3.175439e-05 -2.602821e-03 1.080667e-03 -2.634575e-03
6.000000e+00 -7.000000e+00 9.998992e-01 9.992594e-01 9.999687e-01 9.998701e-01 1.194785e+00 2 0 5.575556e-03 6.049346e-04 2.131950e-03 1.490876e-03 1.527015e-03
6.000000e+00 -6.345346e+00 9.988499e-01 9.993207e-01 1.000115e+00 9.983870e-01 1.195169e+00 2 0 -3.724950e-03 -3.342468e-05 1.822766e-03 -1.406227e-03 1.856191e-03
6.000000e+00 -6.000000e+00 1.000050e+00 9.995235e-01 9.990980e-01 1.000066e+00 1.194395e+00 2 0 -6.124904e-03 1.594164e-03 1.601361e-03 -6.521553e-03 7.197024e-06
5.654654e+00 -8.000000e+00 9.997626e-01 1.001051e+00 1.000061e+00 9.996652e-01 1.195952e+00 2 0 -2.516165e-03 -2.467261e-03 -1.431800e-03 -4.119143e-03 1.035461e-03
5.654654e+00 -7.654654e+00 1.000695e+00 9.998652e-01 9.996279e-01 1.000978e+00 1.194757e+00 2 0 -4.542776e-03 -3.373159e-03 -2.930063e-03 -2.177228e-04 4.430958e-04
5.654654e+00 -7.000000e+00 9.993030e-01 9.986653e-01 9.997747e-01 9.990296e-01 1.194460e+00 2 0 -8.265917e-04 -1.908568e-05 -5.358323e-04 1.594992e-04 -5.167466e-04
5.654654e+00 -6.345346e+00 9.994652e-01 9.994634e-01 9.995241e-01 9.992463e-01 1.194754e+00 2 0 7.058883e-04 1.852534e-03 2.022063e-03 -1.190442e-03 1.695291e-04
5.654654e+00 -6.000000e+00 1.001286e+00 1.000050e+00 9.988076e-01 1.001801e+00 1.194239e+00 2 0 8.721477e-04 2.430162e-03 1.719966e-04 -3.731431e-03 -2.258165e-03
5.000000e+00 -8.000000e+00 9.991923e-01 1.001285e+00 9.998305e-01 9.988693e-01 1.196089e+00 2 0 9.145290e-04 2.620598e-03 1.384584e-03 5.757673e-03 -1.236014e-03
5.000000e+00 -7.654654e+00 9.971713e-01 1.001675e+00 1.001059e+00 9.960404e-01 1.197542e+00 2 0 5.413278e-04 -5.810197e-04 -8.344163e-04 2.185003e-03 -2.533966e-04
5.000000e+00 -7.000000e+00 9.981315e-01 1.000409e+00 1.000843e+00 9.973759e-01 1.196430e+00 2 0 -2.934141e-03 -2.229585e-03 -1.930406e-03 -2.522732e-03 2.991787e-04
5.000000e+00 -6.345346e+00 1.002048e+00 9.994709e-01 9.989352e-01 1.002875e+00 1.193783e+00 2 0 -1.365378e-03 -8.043848e-04 -8.433197e-04 -1.649842e-03 -3.893489e-05
5.000000e+00 -6.000000e+00 1.002193e+00 9.990563e-01 9.992682e-01 1.003082e+00 1.193698e+00 2 0 5.665281e-04 -2.779984e-03 -1.268632e-03 4.848051e-03 1.511352e-03
4.345346e+00 -8.000000e+00 9.982547e-01 1.000007e+00 9.996775e-01 9.975523e-01 1.195461e+00 2 0 3.112473e-03 -4.476397e-03 -2.239207e-03 2.462524e-03 2.237190e-03
4.345346e+00 -7.654654e+00 9.982304e-01 9.994241e-01 1.000779e+00 9.975229e-01 1.195774e+00 2 0 4.543403e-03 9.691802e-04 8.938022e-04 2.472617e-03 -7.537804e-05
4.345346e+00 -7.000000e+00 1.000203e+00 1.000923e+00 1.001153e+00 1.000290e+00 1.196417e+00 2 0 2.338430e-03 1.837229e-03 1.840019e-03 -1.024037e-03 2.790382e-06
4.345346e+00 -6.345346e+00 1.000797e+00 1.000840e+00 1.000274e+00 1.001113e+00 1.195706e+00 2 0 -2.057443e-03 -1.719781e-03 -1.887381e-03 -1.105266e-03 -1.675993e-04
4.345346e+00 -6.000000e+00 1.000085e+00 1.000328e+00 9.999638e-01 1.000115e+00 1.195386e+00 2 0 -4.741108e-03 -5.703310e-04 -3.903826e-04 -2.328170e-03 1.799484e-04
4.000000e+00 -8.000000e+00 9.978493e-01 9.987779e-01 1.001289e+00 9.969856e-01 1.195787e+00 2 0 2.645016e-03 -1.864773e-03 -6.384792e-03 -3.091556e-03 -4.520019e-03
4.000000e+00 -7.654654e+00 1.000145e+00 9.984423e-01 1.000789e+00 1.000202e+00 1.194736e+00 2 0 4.245471e-04 -2.035728e-04 -1.238508e-03 -1.838053e-03 -1.034935e-03
4.000000e+00 -7.000000e+00 1.001337e+00 9.992909e-01 9.998863e-01 1.001886e+00 1.194409e+00 2 0 7.550722e-03 2.584834e-03 4.749468e-03 -3.585183e-04 2.164634e-03
4.000000e+00 -6.345346e+00 9.994132e-01 1.001371e+00 1.000230e+00 9.991568e-01 1.196339e+00 2 0 -2.855068e-03 3.422135e-03 3.522996e-03 4.375710e-04 1.008607e-04
4.000000e+00 -6.000000e+00 9.994252e-01 1.002537e+00 9.998286e-01 9.991802e-01 1.196790e+00 2 0 -9.031986e-03 4.453094e-03 1.312264e-03 -3.028683e-03 -3.140830e-03
VARIABLES = "X", "Y", "ro", "u", "v", "pre", "Ma", "PART", "IMEX", "Ux", "Uy", "Vx", "Vy", "Vort" 
ZONE I=5, J=5, DATAPACKING=POINT
6.000000e+00 -6.000000e+00 1.000193e+00 9.995268e-01 9.987826e-01 1.000268e+00 1.194174e+00 2 0 -8.220572e-03 1.870312e-03 8.209306e-04 -6.402670e-03 -1.049381e-03
6.000000e+00 -5.654654e+00 1.001467e+00 1.000449e+00 9.985792e-01 1.002055e+00 1.194298e+00 2 0 9.004460e-03 2.998362e-03 -7.649916e-04 2.408927e-03 -3.763353e-03
6.000000e+00 -5.000000e+00 9.995543e-01 1.001602e+00 1.000836e+00 9.993809e-01 1.196790e+00 2 0 9.743785e-03 -1.743974e-04 3.789173e-03 2.618496e-03 3.963570e-03
6.000000e+00 -4.345346e+00 9.982680e-01 1.000170e+00 1.000986e+00 9.975761e-01 1.196334e+00 2 0 -1.087204e-02 -3.589797e-03 -1.919102e-03 -2.198801e-03 1.670695e-03
6.000000e+00 -4.000000e+00 9.988620e-01 9.989784e-01 9.998373e-01 9.984241e-01 1.194783e+00 2 0 -1.460415e-02 -3.016621e-03 -5.851209e-03 -5.025094e-03 -2.834589e-03
5.654654e+00 -6.000000e+00 1.001165e+00 1.000252e+00 9.987110e-01 1.001632e+00 1.194331e+00 2 0 1.095994e-03 -3.346121e-03 -5.642105e-04 -1.496983e-04 2.781911e-03
5.654654e+00 -5.654654e+00 1.002977e+00 9.990292e-01 9.990148e-01 1.004175e+00 1.193347e+00 2 0 1.272953e-03 -2.482730e-03 -2.251467e-03 1.314265e-03 2.312623e-04
5.654654e+00 -5.000000e+00 1.001329e+00 9.989582e-01 1.000116e+00 1.001868e+00 1.194354e+00 2 0 3.877336e-03 1.985347e-03 1.509159e-03 1.784411e-03 -4.761882e-04
5.654654e+00 -4.345346e+00 9.972574e-01 1.000690e+00 1.000859e+00 9.961580e-01 1.196814e+00 2 0 3.747938e-03 2.344855e-03 2.114599e-03 -1.193247e-04 -2.302560e-04
5.654654e+00 -4.000000e+00 9.970145e-01 1.001180e+00 1.000343e+00 9.958137e-01 1.196860e+00 2 0 1.154922e-03 5.317836e-04 7.489333e-04 -3.444262e-03 2.171497e-04
5.000000e+00 -6.000000e+00 1.002165e+00 9.989176e-01 9.993379e-01 1.003041e+00 1.193665e+00 2 0 8.862011e-04 1.268014e-03 -8.711093e-04 2.830948e-03 -2.139124e-03
5.000000e+00 -5.654654e+00 1.001275e+00 9.994008e-01 9.998291e-01 1.001785e+00 1.194464e+00 2 0 -1.076841e-03 7.314723e-04 5.880963e-04 7.142625e-04 -1.433760e-04
5.000000e+00 -5.000000e+00 9.999150e-01 9.990258e-01 1.000066e+00 9.998723e-01 1.194712e+00 2 0 -2.266334e-03 -1.595609e-03 -1.211393e-03 1.804269e-04 3.842161e-04
5.000000e+00 -4.345346e+00 9.996534e-01 9.980782e-01 9.998657e-01 9.995269e-01 1.194076e+00 2 0 4.930738e-04 -4.884583e-04 -2.504143e-04 -1.026306e-03 2.380440e-04
5.000000e+00 -4.000000e+00 1.000235e+00 9.983360e-01 9.993631e-01 1.000331e+00 1.193796e+00 2 0 2.355674e-03 2.453091e-03 1.073311e-03 -6.615514e-04 -1.379780e-03
4.345346e+00 -6.000000e+00 1.000359e+00 1.000331e+00 9.996697e-01 1.000501e+00 1.195144e+00 2 0 -5.381346e-03 -9.200438e-04 -3.882094e-04 -7.402334e-03 5.318344e-04
4.345346e+00 -5.654654e+00 9.997333e-01 1.000040e+00 9.991170e-01 9.996238e-01 1.194791e+00 2 0 -1.405156e-03 -6.992485e-04 -6.464536e-04 1.472726e-03 5.279489e-05
4.345346e+00 -5.000000e+00 9.976794e-01 9.999353e-01 1.000814e+00 9.967656e-01 1.196224e+00 2 0 7.314000e-04 4.927073e-04 1.771586e-04 1.828402e-03 -3.155487e-04
4.345346e+00 -4.345346e+00 9.989584e-01 1.000557e+00 1.000458e+00 9.985310e-01 1.196091e+00 2 0 -5.168764e-03 9.952408e-04 6.632736e-04 -3.032646e-03 -3.319672e-04
4.345346e+00 -4.000000e+00 1.000755e+00 1.000702e+00 9.989629e-01 1.001048e+00 1.194854e+00 2 0 -8.053116e-03 -1.121306e-03 1.061666e-03 -6.661480e-03 2.182973e-03
4.000000e+00 -6.000000e+00 9.993056e-01 1.002762e+00 9.999448e-01 9.990247e-01 1.197015e+00 2 0 -9.453846e-03 -3.605189e-03 -1.344745e-03 4.549857e-03 2.260444e-03
4.000000e+00 -5.654654e+00 9.985795e-01 1.000875e+00 1.000631e+00 9.980099e-01 1.196470e+00 2 0 -3.656734e-03 -5.423540e-03 -8.590267e-03 4.120471e-04 -3.166727e-03
4.000000e+00 -5.000000e+00 9.983331e-01 9.990070e-01 1.000036e+00 9.977125e-01 1.195028e+00 2 0 7.342219e-03 3.804125e-04 3.831416e-03 -1.507082e-03 3.451004e-03
4.000000e+00 -4.345346e+00 9.999958e-01 1.001094e+00 9.989871e-01 9.999448e-01 1.195308e+00 2 0 5.579251e-03 5.216821e-03 8.189887e-03 -1.907158e-03 2.973067e-03
4.000000e+00 -4.000000e+00 1.001670e+00 1.003014e+00 9.981200e-01 1.002272e+00 1.195550e+00 2 0 -2.667580e-03 6.488511e-03 4.224816e-03 -3.875402e-03 -2.263695e-03
VARIABLES = "X", "Y", "ro", "u", "v", "pre", "Ma", "PART", "IMEX", "Ux", "Uy", "Vx", "Vy", "Vort" 
ZONE I=5, J=5, DATAPACKING=POINT
6.000000e+00 -4.000000e+00 9.988538e-01 9.989507e-01 9.997108e-01 9.984242e-01 1.194686e+00 2 0 -1.502245e-02 -1.616162e-03 -5.346088e-03 -7.539708e-03 -3.729926e-03
6.000000e+00 -3.654654e+00 1.000210e+00 9.984892e-01 9.987300e-01 1.000286e+00 1.193521e+00 2 0 -5.828902e-03 -9.171648e-04 -6.951478e-03 2.995418e-04 -6.034313e-03
6.000000e+00 -3.000000e+00 9.992897e-01 9.989858e-01 1.000202e+00 9.990185e-01 1.194905e+00 2 0 5.859697e-03 2.608362e-03 -1.192170e-03 2.252682e-03 -3.800532e-03
6.000000e+00 -2.345346e+00 9.985124e-01 1.001481e+00 1.000243e+00 9.979585e-01 1.196591e+00 2 0 -1.914849e-03 4.219132e-03 9.200204e-03 -2.391245e-03 4.981073e-03
6.000000e+00 -2.000000e+00 9.994036e-01 1.002699e+00 9.990692e-01 9.991565e-01 1.196435e+00 2 0 -3.369125e-03 2.760190e-03 5.896129e-03 -3.640266e-03 3.135938e-03
5.654654e+00 -4.000000e+00 9.970397e-01 1.001233e+00 1.000296e+00 9.958581e-01 1.196852e+00 2 0 9.161324e-04 -1.138792e-03 7.799575e-05 -2.540411e-03 1.216788e-03
5.654654e+00 -3.654654e+00 9.978020e-01 1.000390e+00 1.000003e+00 9.968929e-01 1.196009e+00 2 0 -1.057014e-03 -2.785955e-03 -2.240029e-03 6.234314e-05 5.459256e-04
5.654654e+00 -3.000000e+00 9.995001e-01 9.997310e-01 9.998139e-01 9.993350e-01 1.195055e+00 2 0 -4.931795e-03 1.484085e-03 2.059415e-03 -1.356619e-03 5.753301e-04
5.654654e+00 -2.345346e+00 1.001741e+00 1.001795e+00 9.985004e-01 1.002481e+00 1.194965e+00 2 0 -1.398302e-03 3.317072e-03 2.611422e-03 -1.459557e-03 -7.056507e-04
5.654654e+00 -2.000000e+00 1.001706e+00 1.002327e+00 9.986564e-01 1.002384e+00 1.195413e+00 2 0 2.306503e-03 -1.238644e-03 -1.425107e-03 3.824936e-03 -1.864630e-04
5.000000e+00 -4.000000e+00 1.000146e+00 9.983775e-01 9.995937e-01 1.000196e+00 1.193987e+00 2 0 2.662676e-03 1.250451e-03 1.274866e-03 2.278368e-03 2.441444e-05
5.000000e+00 -3.654654e+00 1.000134e+00 9.993736e-01 9.994439e-01 1.000200e+00 1.194483e+00 2 0 1.077645e-03 4.044258e-03 3.420848e-03 -1.534665e-03 -6.234099e-04
5.000000e+00 -3.000000e+00 1.001823e+00 1.001622e+00 9.983102e-01 1.002504e+00 1.194784e+00 2 0 1.522698e-03 1.621409e-03 1.579141e-03 -1.042893e-03 -4.226770e-05
5.000000e+00 -2.345346e+00 1.001394e+00 1.001054e+00 9.988156e-01 1.001886e+00 1.194858e+00 2 0 4.429011e-03 -2.805331e-03 -2.460027e-03 2.938618e-03 3.453039e-04
5.000000e+00 -2.000000e+00 9.994865e-01 1.000084e+00 1.000308e+00 9.992854e-01 1.195583e+00 2 0 3.824919e-03 -2.241845e-03 -1.912537e-03 5.291605e-03 3.293078e-04
4.345346e+00 -4.000000e+00 1.000736e+00 1.000572e+00 9.987599e-01 1.001028e+00 1.194656e+00 2 0 -8.221920e-03 2.993020e-03 1.614170e-03 -7.929848e-03 -1.378850e-03
4.345346e+00 -3.654654e+00 1.002869e+00 1.000801e+00 9.976536e-01 1.004019e+00 1.193622e+00 2 0 -4.598423e-03 -1.679921e-03 -7.731656e-04 -3.553343e-04 9.067556e-04
4.345346e+00 -3.000000e+00 1.001569e+00 9.986947e-01 9.987982e-01 1.002252e+00 1.193324e+00 2 0 3.634083e-03 -3.248991e-03 -3.664827e-03 2.478225e-03 -4.158367e-04
4.345346e+00 -2.345346e+00 9.989508e-01 9.977483e-01 1.000041e+00 9.986373e-01 1.194096e+00 2 0 2.100554e-03 6.109039e-04 1.681166e-04 1.155481e-03 -4.427873e-04
4.345346e+00 -2.000000e+00 9.982973e-01 9.982422e-01 1.000304e+00 9.976819e-01 1.194729e+00 2 0 1.059098e-03 2.195138e-03 1.526538e-03 -3.190132e-05 -6.686001e-04
4.000000e+00 -4.000000e+00 1.001745e+00 1.003178e+00 9.980169e-01 1.002403e+00 1.195554e+00 2 0 -4.233358e-03 -4.598514e-04 2.519747e-03 3.565888e-03 2.979599e-03
4.000000e+00 -3.654654e+00 1.000651e+00 1.001976e+00 9.996374e-01 1.000837e+00 1.196083e+00 2 0 -2.432288e-03 -4.824868e-03 -1.073311e-02 4.460915e-03 -5.908240e-03
4.000000e+00 -3.000000e+00 9.983888e-01 9.992978e-01 1.000703e+00 9.979177e-01 1.195511e+00 2 0 -1.258383e-02 -2.147268e-03 -5.881084e-03 -1.465237e-03 -3.733816e-03
4.000000e+00 -2.345346e+00 9.995138e-01 9.990532e-01 9.991769e-01 9.995250e-01 1.194164e+00 2 0 -9.776341e-03 -2.017408e-05 3.758791e-03 -1.004412e-03 3.778966e-03
4.000000e+00 -2.000000e+00 9.994742e-01 9.984242e-01 9.998315e-01 9.991749e-01 1.194365e+00 2 0 2.173950e-04 -5.643684e-03 -3.800420e-04 4.400019e-03 5.263642e-03
VARIABLES = "X", "Y", "ro", "u", "v", "pre", "Ma", "PART", "IMEX", "Ux", "Uy", "Vx", "Vy", "Vort" 
ZONE I=5, J=5, DATAPACKING=POINT
6.000000e+00 -2.000000e+00 9.992253e-01 1.002764e+00 9.991691e-01 9.989083e-01 1.196576e+00 2 0 -3.241997e-03 5.389782e-04 5.013425e-03 1.879762e-03 4.474447e-03
6.000000e+00 -1.654654e+00 9.998301e-01 1.002503e+00 9.993848e-01 9.996366e-01 1.196474e+00 2 0 -3.150544e-03 -1.373722e-03 -8.503561e-04 -3.343337e-05 5.233656e-04
6.000000e+00 -1.000000e+00 1.000570e+00 1.001691e+00 9.988861e-01 1.000393e+00 1.195680e+00 2 0 -3.642553e-03 -6.424018e-04 -5.490795e-03 -1.152801e-03 -4.848393e-03
6.000000e+00 -3.453460e-01 1.000766e+00 1.001675e+00 9.983362e-01 1.000573e+00 1.195352e+00 2 0 -1.104317e-04 1.904938e-04 -1.236229e-02 -1.462890e-04 -1.255278e-02
6.000000e+00 0.000000e+00 1.001174e+00 1.001591e+00 9.985279e-01 1.001162e+00 1.195308e+00 2 0 -1.003776e-03 -1.002854e-03 -1.464139e-02 9.714529e-04 -1.363853e-02
5.654654e+00 -2.000000e+00 1.001621e+00 1.002300e+00 9.987884e-01 1.002270e+00 1.195494e+00 2 0 2.509131e-03 -7.372281e-06 -1.110611e-03 4.955168e-03 -1.103239e-03
5.654654e+00 -1.654654e+00 1.000201e+00 1.002259e+00 9.997740e-01 1.000224e+00 1.196431e+00 2 0 2.928094e-03 -3.729430e-04 -1.569453e-03 1.741933e-03 -1.196510e-03
5.654654e+00 -1.000000e+00 9.985338e-01 1.001764e+00 1.000319e+00 9.980414e-01 1.196769e+00 2 0 2.738554e-03 -9.788847e-04 -3.534146e-03 3.923677e-04 -2.555261e-03
5.654654e+00 -3.453460e-01 9.988331e-01 1.001335e+00 1.000592e+00 9.988078e-01 1.196395e+00 2 0 2.218733e-03 3.361478e-05 -2.776894e-03 5.800028e-04 -2.810509e-03
5.654654e+00 0.000000e+00 9.994304e-01 1.001589e+00 1.000879e+00 9.997350e-01 1.196521e+00 2 0 1.677102e-03 1.605658e-03 -1.775181e-03 1.399679e-03 -3.380839e-03
5.000000e+00 -2.000000e+00 9.996513e-01 1.000086e+00 1.000209e+00 9.995067e-01 1.195491e+00 2 0 3.597271e-03 -1.919154e-03 -1.771614e-03 6.060272e-04 1.475398e-04
5.000000e+00 -1.654654e+00 9.982358e-01 9.995654e-01 1.000589e+00 9.976954e-01 1.195645e+00 2 0 3.643428e-03 -1.047467e-03 -2.508962e-04 8.432176e-04 7.965710e-04
5.000000e+00 -1.000000e+00 9.981758e-01 9.994650e-01 1.000262e+00 9.977391e-01 1.195327e+00 2 0 2.184854e-03 6.273117e-04 3.804865e-03 -2.007330e-03 3.177554e-03
5.000000e+00 -3.453460e-01 1.000649e+00 1.000028e+00 9.984704e-01 1.001017e+00 1.194113e+00 2 0 9.876125e-04 6.686219e-04 6.901049e-03 -2.495356e-03 6.232427e-03
5.000000e+00 0.000000e+00 1.001243e+00 1.000076e+00 9.980545e-01 1.001781e+00 1.193791e+00 2 0 1.843006e-03 -5.448104e-04 7.068954e-03 1.334356e-03 7.613765e-03
4.345346e+00 -2.000000e+00 9.982109e-01 9.982846e-01 1.000223e+00 9.975786e-01 1.194715e+00 2 0 1.394120e-03 8.895732e-04 1.606564e-03 -2.006259e-04 7.169906e-04
4.345346e+00 -1.654654e+00 9.990851e-01 9.986162e-01 9.999103e-01 9.985256e-01 1.194683e+00 2 0 -4.989169e-04 1.207635e-03 1.630511e-03 -1.917222e-03 4.228756e-04
4.345346e+00 -1.000000e+00 1.000954e+00 9.994936e-01 9.980280e-01 1.000514e+00 1.194010e+00 2 0 -8.946166e-04 1.204503e-03 -1.298376e-03 -3.031348e-03 -2.502878e-03
4.345346e+00 -3.453460e-01 1.001993e+00 9.998892e-01 9.969778e-01 1.001607e+00 1.193587e+00 2 0 2.312752e-04 -1.133014e-04 -8.025625e-03 4.191253e-04 -7.912324e-03
4.345346e+00 0.000000e+00 1.002007e+00 9.997322e-01 9.975660e-01 1.001531e+00 1.193898e+00 2 0 -5.967205e-04 -4.427522e-04 -1.122126e-02 2.185214e-03 -1.077851e-02
4.000000e+00 -2.000000e+00 9.994778e-01 9.982172e-01 9.995788e-01 9.991694e-01 1.194096e+00 2 0 1.148453e-03 1.022369e-03 7.393516e-04 -2.319928e-03 -2.830173e-04
4.000000e+00 -1.654654e+00 1.000695e+00 9.987615e-01 9.996930e-01 1.000577e+00 1.194376e+00 2 0 3.245715e-03 1.124563e-03 -2.724722e-03 1.312969e-03 -3.849285e-03
4.000000e+00 -1.000000e+00 9.995052e-01 9.991384e-01 1.001062e+00 9.991090e-01 1.195586e+00 2 0 4.749309e-03 2.909090e-04 -1.790014e-02 2.718600e-03 -1.819105e-02
4.000000e+00 -3.453460e-01 9.988495e-01 9.994978e-01 1.003500e+00 9.991204e-01 1.196860e+00 2 0 1.750502e-04 1.024116e-03 -2.802622e-02 4.952946e-03 -2.905033e-02
4.000000e+00 0.000000e+00 9.991472e-01 9.999700e-01 1.005422e+00 9.998764e-01 1.198018e+00 2 0 -2.073354e-03 2.351047e-03 -3.304846e-02 5.382270e-03 -3.539950e-02
VARIABLES = "X", "Y", "ro", "u", "v", "pre", "Ma", "PART", "IMEX", "Ux", "Uy", "Vx", "Vy", "Vort" 
ZONE I=5, J=5, DATAPACKING=POINT
8.000000e+00 -8.000000e+00 9.978798e-01 9.993838e-01 1.000895e+00 9.970334e-01 1.195903e+00 2 0 -6.640624e-03 1.677243e-03 1.460792e-03 -5.141326e-04 -2.164516e-04
8.000000e+00 -7.654654e+00 9.978336e-01 1.000833e+00 1.000260e+00 9.969707e-01 1.196400e+00 2 0 -4.919371e-03 4.304866e-03 3.191681e-03 -1.864278e-03 -1.113184e-03
8.000000e+00 -7.000000e+00 1.000414e+00 1.001394e+00 9.993050e-01 1.000582e+00 1.195547e+00 2 0 -1.451885e-03 -3.161916e-03 -2.909950e-03 -1.162919e-03 2.519657e-04
8.000000e+00 -6.345346e+00 1.003245e+00 9.982039e-01 9.987456e-01 1.004544e+00 1.192634e+00 2 0 -1.958164e-03 -4.233698e-03 -4.737619e-03 8.336204e-05 -5.039211e-04
8.000000e+00 -6.000000e+00 1.002384e+00 9.976314e-01 9.993908e-01 1.003343e+00 1.192879e+00 2 0 3.332531e-03 -2.515836e-04 4.117378e-03 6.618813e-03 4.368962e-03
7.654654e+00 -8.000000e+00 9.975327e-01 1.001023e+00 1.000379e+00 9.965407e-01 1.196661e+00 2 0 -2.647793e-03 1.866013e-03 1.869734e-03 -6.171772e-03 3.720540e-06
7.654654e+00 -7.654654e+00 9.987516e-01 1.001598e+00 9.994853e-01 9.982526e-01 1.196176e+00 2 0 8.405310e-05 1.137360e-03 8.389132e-04 -4.839647e-04 -2.984467e-04
7.654654e+00 -7.000000e+00 1.000459e+00 1.001312e+00 1.000144e+00 1.000644e+00 1.195988e+00 2 0 1.465250e-03 -2.016110e-03 -1.793441e-03 1.349872e-03 2.226691e-04
7.654654e+00 -6.345346e+00 1.000419e+00 9.993615e-01 1.000237e+00 1.000591e+00 1.194886e+00 2 0 -3.534937e-03 -3.451904e-03 -3.391555e-03 -1.682336e-03 6.034909e-05
7.654654e+00 -6.000000e+00 1.000530e+00 9.982256e-01 9.991292e-01 1.000750e+00 1.193517e+00 2 0 -4.340198e-03 -3.714320e-03 -1.765612e-03 -5.440019e-03 1.948709e-03
7.000000e+00 -8.000000e+00 1.001332e+00 1.000469e+00 9.993091e-01 1.001867e+00 1.194777e+00 2 0 3.719966e-03 2.516079e-05 1.014702e-03 1.944335e-03 9.895412e-04
7.000000e+00 -7.654654e+00 1.001597e+00 1.000134e+00 9.998293e-01 1.002235e+00 1.194826e+00 2 0 3.104640e-03 -1.082894e-03 -9.150447e-04 1.200948e-03 1.678491e-04
7.000000e+00 -7.000000e+00 9.999720e-01 9.999948e-01 1.000483e+00 9.999567e-01 1.195524e+00 2 0 1.705808e-03 8.030208e-04 5.642014e-04 8.992886e-04 -2.388194e-04
7.000000e+00 -6.345346e+00 9.974219e-01 1.000774e+00 1.000907e+00 9.963947e-01 1.196850e+00 2 0 -1.342330e-04 1.023292e-03 1.108464e-03 1.517217e-04 8.517181e-05
7.000000e+00 -6.000000e+00 9.971635e-01 1.000952e+00 1.000768e+00 9.960308e-01 1.196937e+00 2 0 -1.867378e-03 8.165431e-04 -1.426083e-03 -1.050651e-03 -2.242626e-03
6.345346e+00 -8.000000e+00 1.003291e+00 9.979478e-01 9.991119e-01 1.004618e+00 1.192684e+00 2 0 1.560837e-03 1.555676e-03 -1.020962e-04 3.162018e-03 -1.657772e-03
6.345346e+00 -7.654654e+00 1.001966e+00 9.987802e-01 9.995958e-01 1.002751e+00 1.193790e+00 2 0 5.039047e-04 2.168073e-03 2.079331e-03 8.707363e-04 -8.874273e-05
6.345346e+00 -7.000000e+00 9.997447e-01 9.995128e-01 9.999564e-01 9.996431e-01 1.194972e+00 2 0 5.067640e-05 2.163896e-04 4.616320e-04 2.714409e-04 2.452424e-04
6.345346e+00 -6.345346e+00 9.990322e-01 9.996729e-01 9.999158e-01 9.986437e-01 1.195215e+00 2 0 2.573012e-03 7.547168e-04 6.101095e-04 -1.188992e-04 -1.446073e-04
6.345346e+00 -6.000000e+00 9.988350e-01 1.000083e+00 1.000106e+00 9.983618e-01 1.195624e+00 2 0 3.286479e-03 4.620249e-04 2.969537e-03 3.057503e-03 2.507512e-03
6.000000e+00 -8.000000e+00 1.001311e+00 9.988114e-01 9.990518e-01 1.001826e+00 1.193645e+00 2 0 -1.006413e-02 -9.536409e-04 2.937324e-04 -7.606336e-03 1.247373e-03
6.000000e+00 -7.654654e+00 1.001896e+00 9.989208e-01 9.985838e-01 1.002658e+00 1.193284e+00 2 0 -6.004989e-04 9.854743e-04 2.693335e-03 1.269054e-03 1.707861e-03
6.000000e+00 -7.000000e+00 9.999701e-01 9.993857e-01 1.000039e+00 9.999710e-01 1.194884e+00 2 0 1.721447e-03 -2.956945e-05 -7.726576e-04 1.838526e-03 -7.430881e-04
6.000000e+00 -6.345346e+00 9.988590e-01 9.990700e-01 1.000283e+00 9.984014e-01 1.195116e+00 2 0 -9.870655e-04 -2.681175e-04 -2.336569e-03 -1.542333e-03 -2.068451e-03
6.000000e+00 -6.000000e+00 1.000028e+00 9.992892e-01 9.991050e-01 1.000037e+00 1.194264e+00 2 0 -9.125988e-04 1.490391e-03 2.231821e-03 -7.881019e-03 7.414299e-04
VARIABLES = "X", "Y", "ro", "u", "v", "pre", "Ma", "PART", "IMEX", "Ux", "Uy", "Vx", "Vy", "Vort" 
ZONE I=5, J=5, DATAPACKING=POINT
8.000000e+00 -6.000000e+00 1.002370e+00 9.972341e-01 9.998233e-01 1.003324e+00 1.192904e+00 2 0 3.612702e-03 9.691439e-03 6.772270e-03 5.637411e-03 -2.919169e-03
8.000000e+00 -5.654654e+00 9.992907e-01 9.996840e-01 1.000046e+00 9.990057e-01 1.195238e+00 2 0 3.512958e-03 2.956199e-03 5.380055e-03 -1.132160e-03 2.423856e-03
8.000000e+00 -5.000000e+00 9.992549e-01 9.987436e-01 9.993635e-01 9.989500e-01 1.194280e+00 2 0 1.466997e-03 -3.271988e-03 -4.923397e-03 6.622690e-05 -1.651410e-03
8.000000e+00 -4.345346e+00 9.998197e-01 9.983103e-01 1.000165e+00 9.997581e-01 1.194355e+00 2 0 6.211409e-03 3.296761e-03 2.664014e-03 1.923701e-03 -6.327474e-04
8.000000e+00 -4.000000e+00 9.988402e-01 1.000218e+00 1.000863e+00 9.983847e-01 1.196147e+00 2 0 9.091426e-03 6.010515e-03 8.052984e-03 3.129533e-03 2.042469e-03
7.654654e+00 -6.000000e+00 1.000586e+00 9.980826e-01 9.990384e-01 1.000830e+00 1.193363e+00 2 0 -5.305590e-03 1.064529e-03 -9.270135e-04 -2.161966e-03 -1.991543e-03
7.654654e+00 -5.654654e+00 9.998715e-01 9.985603e-01 9.991796e-01 9.998204e-01 1.193908e+00 2 0 1.188750e-03 8.963951e-04 4.502765e-04 1.752112e-03 -4.461186e-04
7.654654e+00 -5.000000e+00 9.991451e-01 9.985381e-01 1.000173e+00 9.987990e-01 1.194666e+00 2 0 -2.536245e-04 -6.952562e-04 -3.567722e-04 3.190687e-04 3.384840e-04
7.654654e+00 -4.345346e+00 1.001226e+00 9.983256e-01 9.995132e-01 1.001721e+00 1.193643e+00 2 0 -3.852632e-03 7.171910e-04 1.056037e-03 -1.681763e-03 3.388464e-04
7.654654e+00 -4.000000e+00 1.002117e+00 9.989589e-01 9.990936e-01 1.002960e+00 1.193563e+00 2 0 -8.449073e-04 3.306723e-03 2.058667e-03 -1.065544e-03 -1.248055e-03
7.000000e+00 -6.000000e+00 9.971424e-01 1.001133e+00 1.000776e+00 9.959992e-01 1.197056e+00 2 0 -1.636971e-03 -4.598346e-03 -2.230398e-03 -1.781598e-03 2.367948e-03
7.000000e+00 -5.654654e+00 9.982781e-01 9.997966e-01 1.000161e+00 9.975910e-01 1.195615e+00 2 0 -3.941767e-03 -2.255827e-03 -2.088013e-03 -1.693401e-03 1.678140e-04
7.000000e+00 -5.000000e+00 1.000808e+00 9.998660e-01 9.993236e-01 1.001133e+00 1.194550e+00 2 0 -3.251564e-03 1.710734e-03 1.592854e-03 -7.171276e-04 -1.178797e-04
7.000000e+00 -4.345346e+00 1.001760e+00 1.000768e+00 9.993662e-01 1.002459e+00 1.194892e+00 2 0 -7.717683e-04 2.332990e-06 -3.799852e-04 9.033025e-04 -3.823182e-04
7.000000e+00 -4.000000e+00 1.001432e+00 1.000249e+00 9.998308e-01 1.002002e+00 1.194936e+00 2 0 -3.167092e-04 -3.253321e-03 -2.561318e-03 1.626927e-03 6.920029e-04
6.345346e+00 -6.000000e+00 9.988374e-01 9.998655e-01 1.000380e+00 9.983642e-01 1.195659e+00 2 0 3.690448e-03 6.332557e-03 3.667910e-03 2.282752e-03 -2.664646e-03
6.345346e+00 -5.654654e+00 9.984088e-01 1.001734e+00 1.000196e+00 9.977680e-01 1.196767e+00 2 0 -8.249513e-05 3.270470e-03 3.103312e-03 -1.375428e-03 -1.671573e-04
6.345346e+00 -5.000000e+00 1.000978e+00 1.001497e+00 9.995394e-01 1.001368e+00 1.195615e+00 2 0 -6.281140e-04 -3.138459e-03 -2.945645e-03 -5.921596e-05 1.928140e-04
6.345346e+00 -4.345346e+00 1.000803e+00 9.992608e-01 1.000079e+00 1.001131e+00 1.194638e+00 2 0 2.488467e-03 -2.317352e-03 -2.084520e-03 1.340015e-03 2.328318e-04
6.345346e+00 -4.000000e+00 9.990619e-01 9.990022e-01 1.000531e+00 9.986994e-01 1.195167e+00 2 0 2.026643e-03 4.865685e-04 1.317074e-03 1.451716e-03 8.305053e-04
6.000000e+00 -6.000000e+00 1.000297e+00 9.992110e-01 9.987013e-01 1.000416e+00 1.193910e+00 2 0 -2.845704e-03 4.977328e-03 5.295762e-03 -8.719919e-03 3.184335e-04
6.000000e+00 -5.654654e+00 1.001444e+00 1.000668e+00 9.983177e-01 1.002021e+00 1.194279e+00 2 0 7.940939e-03 2.981605e-03 6.595339e-03 2.856854e-03 3.613734e-03
6.000000e+00 -5.000000e+00 9.996768e-01 1.001131e+00 1.001094e+00 9.995517e-01 1.196633e+00 2 0 5.191934e-04 -1.220443e-03 -4.667762e-03 3.140050e-03 -3.447319e-03
6.000000e+00 -4.345346e+00 9.984513e-01 9.998457e-01 1.001099e+00 9.978318e-01 1.196164e+00 2 0 -9.688845e-03 -1.994672e-03 -3.405099e-03 -3.085588e-03 -1.410426e-03
6.000000e+00 -4.000000e+00 9.988059e-01 9.993387e-01 9.995932e-01 9.983507e-01 1.194863e+00 2 0 -3.683587e-03 -1.198735e-03 2.689888e-03 -6.086373e-03 3.888622e-03
VARIABLES = "X", "Y", "ro", "u", "v", "pre", "Ma", "PART", "IMEX", "Ux", "Uy", "Vx", "Vy", "Vort" 
ZONE I=5, J=5, DATAPACKING=POINT
8.000000e+00 -4.000000e+00 9.988927e-01 9.999434e-01 1.001061e+00 9.984582e-01 1.196089e+00 2 0 8.011806e-03 1.332951e-02 1.008335e-02 5.136793e-03 -3.246165e-03
8.000000e+00 -3.654654e+00 9.972081e-01 1.003184e+00 1.001434e+00 9.960806e-01 1.198667e+00 2 0 8.655655e-03 4.531664e-03 9.438292e-03 -1.378567e-03 4.906628e-03
8.000000e+00 -3.000000e+00 1.000578e+00 1.002193e+00 9.993841e-01 1.000804e+00 1.196037e+00 2 0 -9.444945e-03 -5.294627e-03 -4.929477e-03 -3.319937e-03 3.651500e-04
8.000000e+00 -2.345346e+00 1.002492e+00 9.990980e-01 9.984834e-01 1.003529e+00 1.193167e+00 2 0 -1.070919e-02 -2.312198e-03 -6.762585e-03 1.124956e-03 -4.450387e-03
8.000000e+00 -2.000000e+00 1.000793e+00 9.991289e-01 9.993711e-01 1.001122e+00 1.194135e+00 2 0 -4.677796e-03 2.638195e-03 2.001794e-03 2.782778e-03 -6.364008e-04
7.654654e+00 -4.000000e+00 1.002058e+00 9.989918e-01 9.989590e-01 1.002878e+00 1.193516e+00 2 0 -1.255809e-03 2.505245e-03 2.392827e-03 1.250323e-03 -1.124177e-04
7.654654e+00 -3.654654e+00 1.002071e+00 1.000180e+00 9.995478e-01 1.002890e+00 1.194578e+00 2 0 5.340942e-03 3.987420e-03 3.028146e-03 1.338913e-03 -9.592732e-04
7.654654e+00 -3.000000e+00 9.997704e-01 1.002074e+00 9.998683e-01 9.996996e-01 1.196433e+00 2 0 6.405117e-03 9.833229e-04 1.029740e-03 -1.818119e-04 4.641669e-05
7.654654e+00 -2.345346e+00 9.984142e-01 1.001393e+00 9.995903e-01 9.977783e-01 1.196198e+00 2 0 3.751360e-04 -2.352361e-03 -1.585162e-03 -6.807054e-04 7.671985e-04
7.654654e+00 -2.000000e+00 9.990664e-01 1.000703e+00 9.991855e-01 9.986660e-01 1.195402e+00 2 0 -8.646729e-04 -1.308302e-03 -4.287260e-04 -2.919430e-03 8.795755e-04
7.000000e+00 -4.000000e+00 1.001442e+00 1.000245e+00 9.998024e-01 1.002015e+00 1.194915e+00 2 0 -3.315722e-05 -3.020733e-03 -2.901365e-03 2.441134e-04 1.193680e-04
7.000000e+00 -3.654654e+00 1.001321e+00 9.992164e-01 9.995941e-01 1.001869e+00 1.194191e+00 2 0 -1.100284e-03 -2.773681e-03 -1.907215e-03 -1.160662e-03 8.664665e-04
7.000000e+00 -3.000000e+00 1.000528e+00 9.980912e-01 9.991434e-01 1.000747e+00 1.193445e+00 2 0 1.146849e-03 -4.497193e-04 -3.740706e-04 2.544537e-04 7.564864e-05
7.000000e+00 -2.345346e+00 1.000447e+00 9.985165e-01 9.996872e-01 1.000572e+00 1.194081e+00 2 0 3.791700e-03 1.360671e-03 4.175209e-04 6.014677e-04 -9.431503e-04
7.000000e+00 -2.000000e+00 1.001155e+00 9.989425e-01 9.995062e-01 1.001595e+00 1.194040e+00 2 0 3.836048e-03 8.698783e-04 -9.073819e-06 -1.764964e-03 -8.789521e-04
6.345346e+00 -4.000000e+00 9.992226e-01 9.988839e-01 1.000580e+00 9.989183e-01 1.195090e+00 2 0 2.013827e-03 3.136024e-03 1.545712e-03 -2.530019e-03 -1.590312e-03
6.345346e+00 -3.654654e+00 9.976458e-01 1.000082e+00 1.000054e+00 9.967203e-01 1.195864e+00 2 0 -2.611344e-04 2.886120e-03 2.180642e-03 -4.737820e-04 -7.054783e-04
6.345346e+00 -3.000000e+00 9.981452e-01 1.000674e+00 1.000251e+00 9.973605e-01 1.196251e+00 2 0 -4.169839e-03 -1.129806e-03 -1.434114e-03 3.209365e-04 -3.043085e-04
6.345346e+00 -2.345346e+00 1.000334e+00 9.992462e-01 9.998460e-01 1.000473e+00 1.194603e+00 2 0 -5.351234e-03 -2.308492e-03 -1.279092e-03 -1.590957e-03 1.029400e-03
6.345346e+00 -2.000000e+00 1.000901e+00 9.987444e-01 9.992496e-01 1.001286e+00 1.193800e+00 2 0 -5.338578e-03 -3.058099e-04 3.525074e-04 -7.481601e-04 6.583173e-04
6.000000e+00 -4.000000e+00 9.987985e-01 9.992561e-01 9.994690e-01 9.983551e-01 1.194732e+00 2 0 -4.122739e-03 1.478446e-03 3.510771e-03 -8.282863e-03 2.032326e-03
6.000000e+00 -3.654654e+00 9.998468e-01 9.995456e-01 9.983142e-01 9.997795e-01 1.193990e+00 2 0 9.183370e-03 1.097974e-04 6.237862e-03 6.840056e-05 6.128064e-03
6.000000e+00 -3.000000e+00 9.988301e-01 9.996343e-01 9.999822e-01 9.983800e-01 1.195269e+00 2 0 1.716238e-02 8.198531e-04 2.854849e-03 3.010422e-03 2.034995e-03
6.000000e+00 -2.345346e+00 9.983676e-01 1.000975e+00 1.000537e+00 9.977473e-01 1.196504e+00 2 0 -5.521334e-03 3.122640e-03 -1.271970e-03 -1.965082e-03 -4.394610e-03
6.000000e+00 -2.000000e+00 9.996573e-01 1.002106e+00 9.992956e-01 9.994945e-01 1.196165e+00 2 0 -1.745071e-02 3.380087e-03 3.431550e-04 -4.832321e-03 -3.036932e-03
VARIABLES = "X", "Y", "ro", "u", "v", "pre", "Ma", "PART", "IMEX", "Ux", "Uy", "Vx", "Vy", "Vort" 
ZONE I=5, J=5, DATAPACKING=POINT
8.000000e+00 -2.000000e+00 1.000888e+00 9.991120e-01 9.991387e-01 1.001246e+00 1.193970e+00 2 0 -4.424322e-03 2.690999e-03 1.866280e-03 -1.930308e-03 -8.247182e-04
8.000000e+00 -1.654654e+00 1.000458e+00 9.999887e-01 9.992707e-01 1.000622e+00 1.194688e+00 2 0 -1.619805e-03 2.240161e-03 5.367448e-03 1.325930e-03 3.127287e-03
8.000000e+00 -1.000000e+00 9.990181e-01 1.000955e+00 1.000689e+00 9.984490e-01 1.196552e+00 2 0 -7.142261e-04 7.107378e-04 7.783864e-03 2.416868e-03 7.073126e-03
8.000000e+00 -3.453460e-01 9.972062e-01 1.001249e+00 1.001434e+00 9.957414e-01 1.197712e+00 2 0 -6.542129e-03 7.617562e-04 4.084029e-03 -1.247315e-03 3.322272e-03
8.000000e+00 0.000000e+00 9.975841e-01 1.001814e+00 1.000147e+00 9.962885e-01 1.197179e+00 2 0 -6.772387e-03 3.350989e-03 4.467061e-04 -6.620073e-03 -2.904282e-03
7.654654e+00 -2.000000e+00 9.990770e-01 1.000666e+00 9.989914e-01 9.986794e-01 1.195262e+00 2 0 -9.013015e-04 -3.792366e-04 -6.922857e-04 -3.424328e-03 -3.130491e-04
7.654654e+00 -1.654654e+00 1.000585e+00 1.000453e+00 9.986944e-01 1.000802e+00 1.194590e+00 2 0 4.537870e-04 -8.285884e-04 -5.452041e-04 4.649185e-04 2.833843e-04
7.654654e+00 -1.000000e+00 9.996684e-01 1.000150e+00 9.998040e-01 9.995580e-01 1.195267e+00 2 0 3.130882e-03 1.653714e-04 -9.044810e-05 2.165568e-03 -2.558195e-04
7.654654e+00 -3.453460e-01 9.982947e-01 1.000620e+00 1.000546e+00 9.975661e-01 1.196362e+00 2 0 4.090915e-03 9.441859e-04 1.185817e-03 -7.092843e-04 2.416314e-04
7.654654e+00 0.000000e+00 9.992507e-01 1.000839e+00 9.997105e-01 9.988524e-01 1.195796e+00 2 0 5.025673e-03 3.879639e-04 3.575673e-04 -3.882039e-03 -3.039662e-05
7.000000e+00 -2.000000e+00 1.001138e+00 9.989430e-01 9.995759e-01 1.001580e+00 1.194080e+00 2 0 3.821987e-03 2.518936e-04 -4.089087e-04 1.699410e-04 -6.608023e-04
7.000000e+00 -1.654654e+00 1.000699e+00 9.988342e-01 9.998331e-01 1.001018e+00 1.194242e+00 2 0 3.117076e-03 -6.733698e-04 -1.576133e-03 1.418969e-03 -9.027630e-04
7.000000e+00 -1.000000e+00 9.988974e-01 9.984949e-01 1.000768e+00 9.987485e-01 1.194878e+00 2 0 9.870844e-04 -2.881286e-05 -1.111371e-03 7.550691e-04 -1.082558e-03
7.000000e+00 -3.453460e-01 9.990564e-01 9.988163e-01 1.000436e+00 9.991737e-01 1.194712e+00 2 0 -2.829659e-04 6.743003e-04 2.947960e-04 -1.525512e-03 -3.795043e-04
7.000000e+00 0.000000e+00 9.997745e-01 9.989065e-01 9.999446e-01 1.000156e+00 1.194314e+00 2 0 -8.254773e-04 -6.098387e-04 -3.308531e-05 -3.555597e-04 5.767534e-04
6.345346e+00 -2.000000e+00 1.000782e+00 9.987299e-01 9.994131e-01 1.001110e+00 1.193923e+00 2 0 -5.356839e-03 -2.775575e-04 5.206019e-04 2.508670e-03 7.981594e-04
6.345346e+00 -1.654654e+00 1.000138e+00 9.988098e-01 9.999145e-01 1.000194e+00 1.194433e+00 2 0 -5.298973e-03 6.207823e-04 1.324834e-03 1.127801e-03 7.040512e-04
6.345346e+00 -1.000000e+00 1.000032e+00 9.995832e-01 1.000051e+00 9.997739e-01 1.195164e+00 2 0 -4.643547e-03 1.642316e-03 3.423298e-03 -7.729450e-04 1.780982e-03
6.345346e+00 -3.453460e-01 1.000571e+00 1.000752e+00 9.991529e-01 1.000231e+00 1.195375e+00 2 0 -4.132674e-03 1.645269e-03 3.628269e-03 -1.470186e-03 1.982999e-03
6.345346e+00 0.000000e+00 1.000671e+00 1.001172e+00 9.988471e-01 1.000364e+00 1.195424e+00 2 0 -3.921944e-03 2.813227e-04 3.057871e-03 -4.536215e-04 2.776548e-03
6.000000e+00 -2.000000e+00 9.995273e-01 1.002146e+00 9.993597e-01 9.993154e-01 1.196256e+00 2 0 -1.793281e-02 1.855937e-03 5.156076e-04 6.622086e-04 -1.340329e-03
6.000000e+00 -1.654654e+00 1.000268e+00 1.002296e+00 9.993142e-01 1.000234e+00 1.196213e+00 2 0 -1.664329e-02 -4.372689e-04 1.567104e-03 -5.731224e-04 2.004373e-03
6.000000e+00 -1.000000e+00 1.000778e+00 1.001822e+00 9.985734e-01 1.000687e+00 1.195520e+00 2 0 -7.786756e-03 -4.664375e-04 3.283144e-03 -1.442222e-03 3.749582e-03
6.000000e+00 -3.453460e-01 1.000797e+00 1.001851e+00 9.978618e-01 1.000626e+00 1.195162e+00 2 0 -7.771176e-04 2.918089e-04 8.818866e-04 -3.146263e-04 5.900777e-04
6.000000e+00 0.000000e+00 1.001094e+00 1.001847e+00 9.980273e-01 1.001044e+00 1.195185e+00 2 0 2.108392e-03 -5.684799e-04 -1.806340e-03 1.094642e-03 -1.237860e-03
