VARIABLES = "X", "Y", "ro", "u", "v", "pre", "Ma", "PART", "IMEX", "Ux", "Uy", "Vx", "Vy", "Vort" 
ZONE I=2, J=2, DATAPACKING=POINT
2.000000e+00 -7.600000e+00 1.016101e+00 1.011249e+00 -2.186008e-03 1.022770e+00 8.518723e-01 2 0 -1.327508e-02 -4.538202e-03 7.105239e-04 -9.714828e-03 5.248726e-03
2.400000e+00 -5.619577e+00 9.974031e-01 1.002873e+00 -2.302927e-02 9.962897e-01 8.482793e-01 2 0 -2.883906e-03 -1.104989e-03 -8.689174e-03 -9.715249e-03 -7.584184e-03
4.287183e-08 -8.000000e+00 9.666811e-01 1.045194e+00 -1.880970e-03 9.535367e-01 8.894196e-01 2 0 -2.143231e-02 -8.480806e-03 3.198349e-03 -5.480107e-03 1.167915e-02
4.000000e-01 -5.876393e+00 9.867112e-01 1.017493e+00 -5.469210e-03 9.815399e-01 8.622131e-01 2 0 -1.191496e-02 -1.264329e-02 -9.445453e-03 1.027615e-03 3.197840e-03
VARIABLES = "X", "Y", "ro", "u", "v", "pre", "Ma", "PART", "IMEX", "Ux", "Uy", "Vx", "Vy", "Vort" 
ZONE I=2, J=2, DATAPACKING=POINT
2.400000e+00 -5.619577e+00 9.952560e-01 1.004227e+00 -2.350437e-02 9.934053e-01 8.497500e-01 2 0 1.306965e-03 -9.962411e-03 -9.924900e-03 -3.560633e-03 3.751124e-05
2.000000e+00 -3.600000e+00 9.863605e-01 9.844971e-01 -3.023525e-02 9.811829e-01 8.346377e-01 2 0 8.942383e-03 -4.898458e-03 -4.107474e-03 -8.238093e-03 7.909844e-04
4.000000e-01 -5.876393e+00 9.903617e-01 1.015020e+00 -6.330449e-03 9.866614e-01 8.594724e-01 2 0 -8.740240e-03 -2.720916e-02 -7.914228e-03 -8.345903e-03 1.929493e-02
-2.143592e-08 -4.000000e+00 1.003191e+00 9.797756e-01 -1.612935e-02 1.004685e+00 8.275576e-01 2 0 1.289960e-04 -1.019652e-02 -8.050706e-03 -5.637734e-03 2.145816e-03
VARIABLES = "X", "Y", "ro", "u", "v", "pre", "Ma", "PART", "IMEX", "Ux", "Uy", "Vx", "Vy", "Vort" 
ZONE I=2, J=2, DATAPACKING=POINT
2.000000e+00 -3.600000e+00 9.863316e-01 9.883582e-01 -3.459482e-02 9.812065e-01 8.380067e-01 2 0 2.197182e-03 9.898927e-03 -9.487554e-03 1.160140e-03 -1.938648e-02
1.600000e+00 -1.619577e+00 1.008389e+00 9.930584e-01 -1.588632e-02 1.012175e+00 8.378237e-01 2 0 -1.325549e-02 -8.271001e-03 -2.840733e-02 9.884593e-03 -2.013633e-02
-2.143592e-08 -4.000000e+00 9.990392e-01 9.864391e-01 -1.537223e-02 9.991931e-01 8.337302e-01 2 0 -8.225001e-03 3.252088e-02 -1.468739e-02 1.816249e-02 -4.720827e-02
-4.000000e-01 -2.123607e+00 9.981969e-01 1.033798e+00 2.640501e-02 1.000331e+00 8.730713e-01 2 0 -2.942490e-02 1.172052e-02 -2.422991e-02 2.019687e-02 -3.595043e-02
VARIABLES = "X", "Y", "ro", "u", "v", "pre", "Ma", "PART", "IMEX", "Ux", "Uy", "Vx", "Vy", "Vort" 
ZONE I=2, J=2, DATAPACKING=POINT
1.600000e+00 -1.619577e+00 1.007865e+00 9.870673e-01 -1.167746e-02 1.011324e+00 8.328545e-01 2 0 -1.335320e-02 -1.018510e-02 -2.900598e-02 1.543851e-02 -1.882089e-02
2.000000e+00 4.000000e-01 1.002183e+00 9.786109e-01 -2.130542e-04 1.002257e+00 8.270469e-01 2 0 -4.717378e-03 5.162112e-03 -4.185116e-02 1.221862e-02 -4.701327e-02
-4.000000e-01 -2.123607e+00 9.956388e-01 1.030365e+00 2.979185e-02 9.968460e-01 8.706533e-01 2 0 -2.282754e-02 -2.354386e-02 -2.716675e-02 2.725747e-02 -3.622894e-03
0.000000e+00 0.000000e+00 9.902154e-01 9.836715e-01 6.972409e-02 9.868055e-01 8.348787e-01 2 0 1.898822e-03 -1.506449e-02 -4.325068e-02 2.461310e-02 -2.818619e-02
VARIABLES = "X", "Y", "ro", "u", "v", "pre", "Ma", "PART", "IMEX", "Ux", "Uy", "Vx", "Vy", "Vort" 
ZONE I=2, J=2, DATAPACKING=POINT
4.000000e+00 -8.000000e+00 1.044200e+00 9.893602e-01 1.789194e-03 1.062352e+00 8.289887e-01 2 0 -2.364168e-03 3.555171e-03 1.366370e-03 2.445577e-03 -2.188801e-03
4.400000e+00 -6.123607e+00 1.009173e+00 9.987297e-01 -1.109915e-02 1.013181e+00 8.424613e-01 2 0 -7.237164e-04 7.850303e-03 4.558407e-03 -1.453406e-02 -3.291897e-03
2.000000e+00 -7.600000e+00 1.021922e+00 1.010273e+00 -2.135453e-03 1.030946e+00 8.500936e-01 2 0 -1.559370e-02 -2.835853e-03 8.321466e-04 -8.881094e-03 3.667999e-03
2.400000e+00 -5.619577e+00 9.965907e-01 1.004314e+00 -2.487719e-02 9.950994e-01 8.496970e-01 2 0 -1.624036e-03 7.824288e-04 1.479768e-03 -1.415461e-02 6.973396e-04
VARIABLES = "X", "Y", "ro", "u", "v", "pre", "Ma", "PART", "IMEX", "Ux", "Uy", "Vx", "Vy", "Vort" 
ZONE I=2, J=2, DATAPACKING=POINT
4.400000e+00 -6.123607e+00 1.006405e+00 1.000766e+00 -1.318427e-02 1.009265e+00 8.446760e-01 2 0 -3.279823e-03 3.835513e-03 7.171092e-03 -2.036562e-03 3.335578e-03
4.000000e+00 -4.000000e+00 9.729365e-01 1.006551e+00 -2.256425e-02 9.621224e-01 8.556730e-01 2 0 1.929182e-03 2.356725e-03 -1.712250e-04 -9.410302e-03 -2.527950e-03
2.400000e+00 -5.619577e+00 9.934574e-01 1.006929e+00 -2.593526e-02 9.908147e-01 8.524268e-01 2 0 -2.258101e-03 -7.433799e-03 3.761655e-03 4.660326e-04 1.119545e-02
2.000000e+00 -3.600000e+00 9.806150e-01 9.892661e-01 -2.977676e-02 9.731484e-01 8.396640e-01 2 0 1.472694e-02 -5.326795e-03 3.764973e-03 -5.961958e-03 9.091768e-03
VARIABLES = "X", "Y", "ro", "u", "v", "pre", "Ma", "PART", "IMEX", "Ux", "Uy", "Vx", "Vy", "Vort" 
ZONE I=2, J=2, DATAPACKING=POINT
4.000000e+00 -4.000000e+00 9.717567e-01 1.006755e+00 -2.875909e-02 9.604884e-01 8.561885e-01 2 0 3.566185e-03 4.902312e-03 1.513946e-03 -1.375210e-03 -3.388367e-03
3.600000e+00 -1.876393e+00 9.868082e-01 1.015291e+00 -1.936514e-02 9.816701e-01 8.604767e-01 2 0 8.470369e-03 5.474855e-03 4.709437e-03 8.712862e-03 -7.654176e-04
2.000000e+00 -3.600000e+00 9.811087e-01 9.911993e-01 -3.513038e-02 9.738480e-01 8.413613e-01 2 0 1.447654e-02 1.061342e-02 3.748195e-03 4.994053e-04 -6.865228e-03
1.600000e+00 -1.619577e+00 1.004355e+00 9.961056e-01 -2.122714e-02 1.006417e+00 8.411910e-01 2 0 1.236879e-02 -2.241211e-03 -2.550611e-03 1.284915e-02 -3.094004e-04
VARIABLES = "X", "Y", "ro", "u", "v", "pre", "Ma", "PART", "IMEX", "Ux", "Uy", "Vx", "Vy", "Vort" 
ZONE I=2, J=2, DATAPACKING=POINT
3.600000e+00 -1.876393e+00 9.876745e-01 1.015333e+00 -1.872538e-02 9.827835e-01 8.603921e-01 2 0 1.059143e-02 -6.368928e-03 4.499163e-03 9.427675e-03 1.086809e-02
4.000000e+00 2.143592e-08 1.000830e+00 1.006398e+00 1.871239e-03 1.001399e+00 8.503216e-01 2 0 1.542408e-02 -9.357312e-03 1.912429e-02 9.346731e-03 2.848160e-02
1.600000e+00 -1.619577e+00 1.004335e+00 9.899479e-01 -1.736166e-02 1.006332e+00 8.359570e-01 2 0 1.301454e-02 -1.664691e-02 -5.662082e-03 8.994025e-03 1.098483e-02
2.000000e+00 4.000000e-01 1.002260e+00 9.783015e-01 -9.114273e-03 1.002520e+00 8.267444e-01 2 0 1.195515e-02 -7.289535e-04 -5.816003e-03 3.472469e-03 -5.087050e-03
VARIABLES = "X", "Y", "ro", "u", "v", "pre", "Ma", "PART", "IMEX", "Ux", "Uy", "Vx", "Vy", "Vort" 
ZONE I=2, J=2, DATAPACKING=POINT
6.000000e+00 -8.400000e+00 1.009086e+00 9.824286e-01 -9.423358e-04 1.012707e+00 8.288184e-01 2 0 -1.153551e-02 4.750326e-03 -1.114192e-03 -4.551737e-04 -5.864518e-03
6.400000e+00 -6.380423e+00 1.003614e+00 9.895841e-01 -7.797448e-03 1.005346e+00 8.356564e-01 2 0 -5.227464e-03 4.742387e-03 -3.579496e-04 -4.354889e-03 -5.100337e-03
4.000000e+00 -8.000000e+00 1.041881e+00 9.961465e-01 7.054469e-04 1.058961e+00 8.350807e-01 2 0 1.318888e-03 9.966051e-05 -8.748037e-04 3.535577e-03 -9.744642e-04
4.400000e+00 -6.123607e+00 1.010677e+00 9.995500e-01 -1.084882e-02 1.015357e+00 8.428742e-01 2 0 -3.301882e-03 4.318330e-03 4.158122e-04 -1.283367e-02 -3.902517e-03
VARIABLES = "X", "Y", "ro", "u", "v", "pre", "Ma", "PART", "IMEX", "Ux", "Uy", "Vx", "Vy", "Vort" 
ZONE I=2, J=2, DATAPACKING=POINT
6.400000e+00 -6.380423e+00 1.004433e+00 9.890206e-01 -7.313204e-03 1.006492e+00 8.350421e-01 2 0 -6.347195e-03 -1.781642e-03 9.772553e-04 -4.966693e-03 2.758897e-03
6.000000e+00 -4.400000e+00 9.958315e-01 9.889770e-01 -2.105552e-02 9.944000e-01 8.366291e-01 2 0 -3.211251e-04 -1.627017e-05 3.454255e-03 -9.125814e-03 3.470525e-03
4.400000e+00 -6.123607e+00 1.008487e+00 1.000818e+00 -1.277010e-02 1.012229e+00 8.443496e-01 2 0 -5.799130e-03 -4.945447e-06 3.330228e-03 -3.688803e-03 3.335174e-03
4.000000e+00 -4.000000e+00 9.780625e-01 1.001720e+00 -2.429396e-02 9.691107e-01 8.507596e-01 2 0 -1.322231e-02 -1.608470e-03 -3.665583e-03 -1.112068e-02 -2.057113e-03
VARIABLES = "X", "Y", "ro", "u", "v", "pre", "Ma", "PART", "IMEX", "Ux", "Uy", "Vx", "Vy", "Vort" 
ZONE I=2, J=2, DATAPACKING=POINT
6.000000e+00 -4.400000e+00 9.922894e-01 9.887933e-01 -2.359510e-02 9.894447e-01 8.371215e-01 2 0 -1.754490e-03 2.082747e-03 8.524445e-03 6.664025e-03 6.441698e-03
5.600000e+00 -2.380423e+00 9.981190e-01 9.913498e-01 -5.971108e-03 9.963258e-01 8.386123e-01 2 0 -1.113086e-02 -3.597902e-03 2.304086e-02 1.699549e-02 2.663877e-02
4.000000e+00 -4.000000e+00 9.763776e-01 1.002884e+00 -3.043832e-02 9.668095e-01 8.521678e-01 2 0 -1.150541e-02 4.293778e-03 4.320604e-05 -1.382784e-03 -4.250572e-03
3.600000e+00 -1.876393e+00 9.890880e-01 1.014789e+00 -1.946916e-02 9.850345e-01 8.595745e-01 2 0 -1.207979e-02 3.285829e-03 3.369256e-03 1.016466e-02 8.342751e-05
VARIABLES = "X", "Y", "ro", "u", "v", "pre", "Ma", "PART", "IMEX", "Ux", "Uy", "Vx", "Vy", "Vort" 
ZONE I=2, J=2, DATAPACKING=POINT
5.600000e+00 -2.380423e+00 9.998923e-01 9.885913e-01 -3.430750e-03 9.988134e-01 8.359683e-01 2 0 -8.911082e-03 9.188610e-03 1.812029e-02 5.793205e-03 8.931677e-03
6.000000e+00 -4.000000e-01 1.003986e+00 1.015666e+00 8.266299e-03 1.003415e+00 8.586669e-01 2 0 9.291476e-03 2.033871e-02 4.617321e-03 1.783007e-03 -1.572139e-02
3.600000e+00 -1.876393e+00 9.902379e-01 1.015415e+00 -1.776368e-02 9.864697e-01 8.599518e-01 2 0 -1.424681e-02 1.452551e-03 6.363320e-03 1.353462e-02 4.910769e-03
4.000000e+00 2.143592e-08 9.996926e-01 1.009460e+00 8.827806e-03 1.000187e+00 8.529709e-01 2 0 3.083945e-03 -6.093427e-03 5.328826e-03 1.432822e-02 1.142225e-02
VARIABLES = "X", "Y", "ro", "u", "v", "pre", "Ma", "PART", "IMEX", "Ux", "Uy", "Vx", "Vy", "Vort" 
ZONE I=2, J=2, DATAPACKING=POINT
8.000000e+00 -8.000000e+00 9.859483e-01 9.773058e-01 -1.044320e-03 9.804585e-01 8.282838e-01 2 0 -4.830249e-03 1.172245e-02 2.437565e-04 2.263377e-03 -1.147870e-02
8.400000e+00 -5.876393e+00 9.939780e-01 9.908100e-01 3.120437e-03 9.916619e-01 8.383688e-01 2 0 -2.315649e-04 2.279889e-03 7.082662e-03 2.223000e-04 4.802773e-03
6.000000e+00 -8.400000e+00 1.007695e+00 9.802980e-01 -1.656309e-03 1.010717e+00 8.272647e-01 2 0 -3.365554e-03 3.762327e-03 -1.250359e-04 -1.486028e-03 -3.887363e-03
6.400000e+00 -6.380423e+00 1.002116e+00 9.891078e-01 -8.916338e-03 1.003231e+00 8.355180e-01 2 0 -4.963990e-04 4.934613e-03 5.849752e-03 -5.374045e-03 9.151389e-04
VARIABLES = "X", "Y", "ro", "u", "v", "pre", "Ma", "PART", "IMEX", "Ux", "Uy", "Vx", "Vy", "Vort" 
ZONE I=2, J=2, DATAPACKING=POINT
8.400000e+00 -5.876393e+00 9.956828e-01 9.881911e-01 2.818361e-03 9.939714e-01 8.358960e-01 2 0 7.270097e-04 -7.411395e-03 9.817809e-03 -1.137411e-02 1.722920e-02
8.000000e+00 -4.000000e+00 1.002527e+00 9.771548e-01 -2.024171e-02 1.003493e+00 8.256258e-01 2 0 -9.075615e-03 -8.650175e-03 -2.323571e-03 -1.097945e-02 6.326604e-03
6.400000e+00 -6.380423e+00 1.002382e+00 9.888586e-01 -8.314182e-03 1.003634e+00 8.352463e-01 2 0 -5.035427e-04 1.906688e-03 4.754741e-03 -2.324652e-03 2.848054e-03
6.000000e+00 -4.400000e+00 9.931199e-01 9.924459e-01 -1.829532e-02 9.907674e-01 8.399078e-01 2 0 -3.674292e-03 2.968557e-04 4.174794e-03 -6.836675e-03 3.877938e-03
VARIABLES = "X", "Y", "ro", "u", "v", "pre", "Ma", "PART", "IMEX", "Ux", "Uy", "Vx", "Vy", "Vort" 
ZONE I=2, J=2, DATAPACKING=POINT
8.000000e+00 -4.000000e+00 1.003673e+00 9.750166e-01 -1.877431e-02 1.005390e+00 8.234881e-01 2 0 -1.426086e-02 1.319189e-02 -7.125849e-04 -1.426490e-02 -1.390447e-02
7.600000e+00 -2.123607e+00 9.921042e-01 1.012046e+00 -5.215712e-02 9.902635e-01 8.572660e-01 2 0 2.528081e-03 2.390833e-02 -4.184444e-02 -3.162137e-02 -6.575277e-02
6.000000e+00 -4.400000e+00 9.891926e-01 9.915265e-01 -2.057441e-02 9.851079e-01 8.399092e-01 2 0 -4.583044e-03 -3.509293e-04 3.060361e-03 1.137536e-02 3.411290e-03
5.600000e+00 -2.380423e+00 9.932315e-01 9.925166e-01 6.154591e-03 9.886066e-01 8.408056e-01 2 0 1.228353e-02 1.452445e-03 -1.371223e-02 1.213119e-02 -1.516467e-02
VARIABLES = "X", "Y", "ro", "u", "v", "pre", "Ma", "PART", "IMEX", "Ux", "Uy", "Vx", "Vy", "Vort" 
ZONE I=2, J=2, DATAPACKING=POINT
7.600000e+00 -2.123607e+00 9.893447e-01 1.014119e+00 -5.589613e-02 9.859620e-01 8.598590e-01 2 0 8.528530e-03 4.774914e-03 -4.502819e-02 -8.507562e-03 -4.980311e-02
8.000000e+00 -4.287183e-08 9.878198e-01 1.022997e+00 -8.508315e-02 9.825175e-01 8.699134e-01 2 0 -1.488545e-04 2.821639e-03 -6.588104e-02 -1.022856e-04 -6.870268e-02
5.600000e+00 -2.380423e+00 9.951191e-01 9.905499e-01 6.662093e-03 9.914405e-01 8.387381e-01 2 0 1.412539e-02 5.856722e-03 -1.674732e-02 9.129785e-03 -2.260404e-02
6.000000e+00 -4.000000e-01 1.004752e+00 1.019179e+00 1.615577e-02 1.003332e+00 8.620808e-01 2 0 7.293209e-04 2.304355e-02 -3.811310e-02 1.163308e-02 -6.115665e-02
