VARIABLES = "X", "Y", "ro", "u", "v", "pre", "Ma", "PART", "IMEX", "Ux", "Uy", "Vx", "Vy", "Vort" 
ZONE I=2, J=2, DATAPACKING=POINT
-6.000000e+00 -7.600000e+00 9.984751e-01 9.993862e-01 -7.801550e-04 9.978654e-01 8.448938e-01 1 0 -8.091546e-04 2.012050e-03 1.145771e-03 -1.618305e-03 -8.662791e-04
-5.600000e+00 -5.619577e+00 1.003269e+00 1.002458e+00 -1.601798e-03 1.004568e+00 8.466845e-01 1 0 -2.752053e-03 2.018328e-03 -2.930917e-04 6.431249e-04 -2.311420e-03
-8.000000e+00 -8.000000e+00 1.000281e+00 9.996878e-01 -2.474474e-03 1.000379e+00 8.448515e-01 1 0 -6.777166e-04 3.226905e-03 1.330305e-03 -2.993473e-03 -1.896600e-03
-7.600000e+00 -5.876393e+00 1.004066e+00 1.005526e+00 -1.252332e-03 1.005717e+00 8.491278e-01 1 0 -9.002665e-04 2.047923e-03 -1.110852e-03 4.852334e-03 -3.158775e-03
VARIABLES = "X", "Y", "ro", "u", "v", "pre", "Ma", "PART", "IMEX", "Ux", "Uy", "Vx", "Vy", "Vort" 
ZONE I=2, J=2, DATAPACKING=POINT
-5.600000e+00 -5.619577e+00 1.004123e+00 1.002545e+00 -9.176237e-04 1.005767e+00 8.466125e-01 1 0 -1.282883e-03 -2.713148e-03 -1.385474e-03 -2.454703e-03 1.327674e-03
-6.000000e+00 -3.600000e+00 1.001189e+00 9.970269e-01 -6.135586e-03 1.001682e+00 8.424501e-01 1 0 1.466418e-02 -2.624295e-04 -6.462881e-03 -3.643696e-03 -6.200452e-03
-7.600000e+00 -5.876393e+00 1.004720e+00 1.004554e+00 2.200144e-03 1.006615e+00 8.482058e-01 1 0 1.773941e-03 -1.626831e-02 -2.797758e-03 6.739991e-03 1.347056e-02
-8.000000e+00 -4.000000e+00 9.801317e-01 9.726268e-01 6.915387e-03 9.722626e-01 8.253604e-01 1 0 1.537301e-02 -1.578830e-02 -6.911915e-03 -3.186939e-03 8.876383e-03
VARIABLES = "X", "Y", "ro", "u", "v", "pre", "Ma", "PART", "IMEX", "Ux", "Uy", "Vx", "Vy", "Vort" 
ZONE I=2, J=2, DATAPACKING=POINT
-6.000000e+00 -3.600000e+00 9.994929e-01 9.966513e-01 -5.574995e-03 9.992661e-01 8.424329e-01 1 0 1.660217e-02 -2.659045e-03 -6.675227e-03 2.738813e-03 -4.016182e-03
-6.400000e+00 -1.619577e+00 9.861000e-01 9.824359e-01 3.125685e-03 9.804151e-01 8.327178e-01 1 0 1.288169e-02 -7.357636e-03 -1.429252e-02 2.937687e-03 -6.934888e-03
-8.000000e+00 -4.000000e+00 9.754883e-01 9.705886e-01 4.632494e-03 9.658731e-01 8.243794e-01 1 0 1.212939e-02 1.128197e-03 -7.033157e-03 1.163106e-02 -8.161354e-03
-8.400000e+00 -2.123607e+00 9.646759e-01 9.736926e-01 3.541296e-02 9.511866e-01 8.292829e-01 1 0 -3.796943e-03 3.821638e-03 -2.570856e-02 1.333539e-02 -2.953020e-02
VARIABLES = "X", "Y", "ro", "u", "v", "pre", "Ma", "PART", "IMEX", "Ux", "Uy", "Vx", "Vy", "Vort" 
ZONE I=2, J=2, DATAPACKING=POINT
-6.400000e+00 -1.619577e+00 9.866791e-01 9.795550e-01 4.740189e-03 9.812018e-01 8.301923e-01 1 0 1.257092e-02 -1.140840e-02 -1.150225e-02 -1.632018e-03 -9.385705e-05
-6.000000e+00 4.000000e-01 9.816981e-01 9.728806e-01 -1.067944e-02 9.737820e-01 8.256193e-01 1 0 2.095821e-02 -4.144724e-04 6.389548e-03 -1.372957e-02 6.804020e-03
-8.400000e+00 -2.123607e+00 9.703394e-01 9.754168e-01 3.642699e-02 9.591196e-01 8.297635e-01 1 0 -2.593263e-03 -1.835693e-02 -2.133717e-02 -9.061622e-03 -2.980241e-03
-8.000000e+00 4.287183e-08 9.766651e-01 9.445002e-01 5.320885e-03 9.675097e-01 8.020290e-01 1 0 5.810646e-03 -4.961919e-03 -2.202677e-02 -1.234383e-02 -1.706485e-02
VARIABLES = "X", "Y", "ro", "u", "v", "pre", "Ma", "PART", "IMEX", "Ux", "Uy", "Vx", "Vy", "Vort" 
ZONE I=2, J=2, DATAPACKING=POINT
-4.000000e+00 -8.000000e+00 1.000637e+00 9.990612e-01 5.440773e-04 1.000893e+00 8.442526e-01 1 0 3.532439e-04 1.479827e-04 1.068200e-03 4.230482e-04 9.202177e-04
-3.600000e+00 -6.123607e+00 9.985998e-01 9.998846e-01 1.410032e-03 9.980383e-01 8.452953e-01 1 0 -2.590702e-04 8.706881e-04 2.947661e-03 -2.580923e-04 2.076973e-03
-6.000000e+00 -7.600000e+00 9.980796e-01 9.991101e-01 -7.755028e-04 9.973128e-01 8.447270e-01 1 0 -1.535864e-04 1.289224e-03 2.131647e-04 -1.420686e-03 -1.076059e-03
-5.600000e+00 -5.619577e+00 1.003253e+00 1.001812e+00 -1.799860e-03 1.004543e+00 8.461430e-01 1 0 -1.184165e-03 1.945600e-03 8.069102e-04 1.232867e-04 -1.138690e-03
VARIABLES = "X", "Y", "ro", "u", "v", "pre", "Ma", "PART", "IMEX", "Ux", "Uy", "Vx", "Vy", "Vort" 
ZONE I=2, J=2, DATAPACKING=POINT
-3.600000e+00 -6.123607e+00 9.981434e-01 1.000216e+00 1.411147e-03 9.973942e-01 8.456550e-01 1 0 -2.670464e-04 2.764321e-03 2.650624e-03 1.075436e-03 -1.136972e-04
-4.000000e+00 -4.000000e+00 9.991166e-01 1.005096e+00 2.104351e-03 9.987680e-01 8.496112e-01 1 0 -3.548227e-03 1.054353e-03 8.032430e-03 1.357574e-03 6.978077e-03
-5.600000e+00 -5.619577e+00 1.004418e+00 1.002198e+00 -1.310762e-03 1.006177e+00 8.462720e-01 1 0 -1.485031e-03 -8.710263e-04 -2.302296e-04 -3.076364e-03 6.407967e-04
-6.000000e+00 -3.600000e+00 1.002430e+00 1.000412e+00 -7.631881e-03 1.003418e+00 8.451108e-01 1 0 8.191079e-03 6.692046e-04 1.746383e-03 -2.248925e-03 1.077179e-03
VARIABLES = "X", "Y", "ro", "u", "v", "pre", "Ma", "PART", "IMEX", "Ux", "Uy", "Vx", "Vy", "Vort" 
ZONE I=2, J=2, DATAPACKING=POINT
-4.000000e+00 -4.000000e+00 1.000166e+00 1.004670e+00 1.586635e-03 1.000234e+00 8.490734e-01 1 0 -4.526714e-03 2.288765e-04 6.225358e-03 -1.971072e-03 5.996482e-03
-4.400000e+00 -1.876393e+00 1.002474e+00 1.010388e+00 -3.415653e-03 1.003702e+00 8.534159e-01 1 0 5.946174e-03 6.323484e-03 -7.478459e-03 -2.920831e-03 -1.380194e-02
-6.000000e+00 -3.600000e+00 1.000748e+00 1.000561e+00 -6.849887e-03 1.001044e+00 8.455230e-01 1 0 7.761629e-03 -3.530350e-03 3.058720e-03 5.112356e-03 6.589070e-03
-6.400000e+00 -1.619577e+00 9.857555e-01 9.868960e-01 2.367735e-03 9.796396e-01 8.366813e-01 1 0 1.781546e-02 -6.665403e-03 -4.023793e-04 5.989810e-03 6.263024e-03
VARIABLES = "X", "Y", "ro", "u", "v", "pre", "Ma", "PART", "IMEX", "Ux", "Uy", "Vx", "Vy", "Vort" 
ZONE I=2, J=2, DATAPACKING=POINT
-4.400000e+00 -1.876393e+00 1.001945e+00 1.012880e+00 -2.782602e-03 1.002953e+00 8.556132e-01 1 0 8.384434e-03 -3.203564e-03 -5.469525e-03 3.302530e-03 -2.265962e-03
-4.000000e+00 -2.143592e-08 1.001400e+00 1.002753e+00 -1.290044e-03 1.002467e+00 8.470307e-01 1 0 9.816886e-03 -1.148872e-02 -3.118313e-03 -2.063697e-04 8.370407e-03
-6.400000e+00 -1.619577e+00 9.862851e-01 9.837653e-01 4.134330e-03 9.803263e-01 8.339639e-01 1 0 1.861971e-02 -1.314948e-02 -2.624335e-03 -5.443450e-04 1.052515e-02
-6.000000e+00 4.000000e-01 9.826050e-01 9.754403e-01 -6.836799e-03 9.749211e-01 8.276602e-01 1 0 1.605554e-02 -1.359130e-03 5.976001e-03 -1.271674e-02 7.335131e-03
VARIABLES = "X", "Y", "ro", "u", "v", "pre", "Ma", "PART", "IMEX", "Ux", "Uy", "Vx", "Vy", "Vort" 
ZONE I=2, J=2, DATAPACKING=POINT
-2.000000e+00 -8.400000e+00 9.983846e-01 1.002972e+00 -4.372996e-05 9.977315e-01 8.479431e-01 1 0 1.476174e-03 -2.170953e-03 -1.394675e-03 -1.779736e-03 7.762780e-04
-1.600000e+00 -6.380423e+00 1.003080e+00 9.978338e-01 -3.626944e-03 1.004323e+00 8.428069e-01 1 0 -2.763250e-03 -3.675457e-03 -5.088833e-03 -9.249783e-04 -1.413376e-03
-4.000000e+00 -8.000000e+00 1.000973e+00 9.992728e-01 8.721918e-04 1.001367e+00 8.443742e-01 1 0 1.962989e-03 1.005124e-04 3.884577e-04 1.568788e-03 2.879453e-04
-3.600000e+00 -6.123607e+00 9.974667e-01 1.000034e+00 2.702363e-03 9.964474e-01 8.456181e-01 1 0 -2.873677e-04 4.671781e-04 -1.162418e-03 5.291417e-04 -1.629596e-03
VARIABLES = "X", "Y", "ro", "u", "v", "pre", "Ma", "PART", "IMEX", "Ux", "Uy", "Vx", "Vy", "Vort" 
ZONE I=2, J=2, DATAPACKING=POINT
-1.600000e+00 -6.380423e+00 1.004463e+00 9.960163e-01 -4.051230e-03 1.006276e+00 8.410357e-01 1 0 -4.085281e-03 -7.403465e-03 -4.963908e-03 -3.099060e-03 2.439557e-03
-2.000000e+00 -4.400000e+00 1.006767e+00 9.900544e-01 -8.849880e-03 1.009467e+00 8.356621e-01 1 0 4.643960e-03 2.302713e-03 -1.205282e-02 -6.165431e-03 -1.435553e-02
-3.600000e+00 -6.123607e+00 9.968531e-01 1.000095e+00 2.247679e-03 9.955745e-01 8.457795e-01 1 0 -1.603246e-03 3.960800e-04 -1.728747e-03 6.224389e-04 -2.124827e-03
-4.000000e+00 -4.000000e+00 1.001898e+00 1.000615e+00 4.257775e-03 1.002667e+00 8.453573e-01 1 0 -1.377000e-02 -3.209395e-03 -3.079258e-03 -2.498110e-04 1.301370e-04
VARIABLES = "X", "Y", "ro", "u", "v", "pre", "Ma", "PART", "IMEX", "Ux", "Uy", "Vx", "Vy", "Vort" 
ZONE I=2, J=2, DATAPACKING=POINT
-2.000000e+00 -4.400000e+00 1.003352e+00 9.935101e-01 -1.038334e-02 1.004555e+00 8.392121e-01 1 0 9.241143e-03 6.764341e-03 -9.551749e-03 4.252870e-03 -1.631609e-02
-2.400000e+00 -2.380423e+00 1.007793e+00 9.869567e-01 1.161997e-02 1.010576e+00 8.330387e-01 1 0 2.835797e-03 -1.402594e-02 3.115319e-02 2.428612e-02 4.517912e-02
-4.000000e+00 -4.000000e+00 1.003684e+00 9.997859e-01 3.359637e-03 1.005184e+00 8.443474e-01 1 0 -1.236924e-02 -1.810236e-03 -5.755273e-03 -8.432387e-03 -3.945038e-03
-4.400000e+00 -1.876393e+00 1.012300e+00 1.006046e+00 -7.996284e-03 1.017893e+00 8.479512e-01 1 0 -1.970958e-02 2.812011e-03 -1.410254e-03 -2.966421e-03 -4.222265e-03
VARIABLES = "X", "Y", "ro", "u", "v", "pre", "Ma", "PART", "IMEX", "Ux", "Uy", "Vx", "Vy", "Vort" 
ZONE I=2, J=2, DATAPACKING=POINT
-2.400000e+00 -2.380423e+00 1.009912e+00 9.772649e-01 1.823526e-02 1.013600e+00 8.245795e-01 1 0 -2.529582e-03 8.051605e-03 2.400397e-02 9.070344e-03 1.595237e-02
-2.000000e+00 -4.000000e-01 9.907984e-01 1.019588e+00 2.610764e-02 9.861418e-01 8.640242e-01 1 0 3.009553e-02 2.819666e-02 3.374392e-02 -1.315700e-02 5.547263e-03
-4.400000e+00 -1.876393e+00 1.012360e+00 1.009521e+00 -5.609769e-03 1.017980e+00 8.508562e-01 1 0 -2.324332e-02 7.013504e-03 5.319970e-03 2.059047e-03 -1.693534e-03
-4.000000e+00 -2.143592e-08 1.006144e+00 1.002710e+00 -5.075019e-03 1.009690e+00 8.459660e-01 1 0 -1.605991e-03 -9.398699e-03 1.629297e-03 -2.292108e-03 1.102800e-02
VARIABLES = "X", "Y", "ro", "u", "v", "pre", "Ma", "PART", "IMEX", "Ux", "Uy", "Vx", "Vy", "Vort" 
ZONE I=2, J=2, DATAPACKING=POINT
4.287183e-08 -8.000000e+00 1.001800e+00 9.987728e-01 -3.641215e-04 1.002522e+00 8.438128e-01 1 0 -3.433839e-03 2.759716e-03 8.447482e-04 -6.362773e-03 -1.914968e-03
4.000000e-01 -5.876393e+00 1.002707e+00 1.006508e+00 -2.985446e-03 1.003792e+00 8.501981e-01 1 0 7.356184e-03 4.795087e-03 -3.677311e-03 5.004762e-03 -8.472398e-03
-2.000000e+00 -8.400000e+00 9.980756e-01 1.003189e+00 -4.553538e-04 9.972894e-01 8.481835e-01 1 0 -1.216386e-03 -2.432130e-03 5.738864e-04 -2.675326e-03 3.006017e-03
-1.600000e+00 -6.380423e+00 1.003484e+00 9.966972e-01 -4.870956e-03 1.004904e+00 8.417773e-01 1 0 3.503085e-03 -5.471183e-03 2.496116e-03 -2.635577e-03 7.967299e-03
VARIABLES = "X", "Y", "ro", "u", "v", "pre", "Ma", "PART", "IMEX", "Ux", "Uy", "Vx", "Vy", "Vort" 
ZONE I=2, J=2, DATAPACKING=POINT
4.000000e-01 -5.876393e+00 1.001074e+00 1.009014e+00 1.335415e-03 1.001432e+00 8.526203e-01 1 0 1.028109e-02 1.048690e-02 -1.969961e-03 1.220757e-02 -1.245686e-02
-2.143592e-08 -4.000000e+00 9.756943e-01 1.014604e+00 1.871607e-02 9.661120e-01 8.618851e-01 1 0 2.079141e-03 -3.495983e-03 1.864468e-02 1.314080e-02 2.214066e-02
-1.600000e+00 -6.380423e+00 1.004986e+00 9.949679e-01 -5.105154e-03 1.007051e+00 8.400501e-01 1 0 3.898563e-03 -2.101605e-03 4.038442e-03 -2.480392e-03 6.140047e-03
-2.000000e+00 -4.400000e+00 1.001848e+00 9.972203e-01 -1.197858e-02 1.002447e+00 8.426142e-01 1 0 1.541486e-02 9.734240e-03 1.053807e-02 -2.072717e-03 8.038268e-04
VARIABLES = "X", "Y", "ro", "u", "v", "pre", "Ma", "PART", "IMEX", "Ux", "Uy", "Vx", "Vy", "Vort" 
ZONE I=2, J=2, DATAPACKING=POINT
-2.143592e-08 -4.000000e+00 9.758101e-01 1.009307e+00 2.067408e-02 9.665103e-01 8.572941e-01 1 0 -8.846185e-03 8.462647e-04 2.091384e-02 3.588579e-03 2.006757e-02
-4.000000e-01 -2.123607e+00 9.516364e-01 1.029324e+00 9.993767e-03 9.321988e-01 8.790020e-01 1 0 -2.434365e-02 1.300113e-02 -1.048923e-02 -1.440174e-02 -2.349037e-02
-2.000000e+00 -4.400000e+00 9.971978e-01 1.001773e+00 -1.279038e-02 9.956945e-01 8.473604e-01 1 0 1.337029e-02 1.332234e-02 8.909079e-03 1.816469e-02 -4.413257e-03
-2.400000e+00 -2.380423e+00 9.929580e-01 1.000847e+00 2.452764e-02 9.892704e-01 8.476997e-01 1 0 4.188353e-02 -7.611536e-03 2.280293e-03 2.161775e-02 9.891829e-03
VARIABLES = "X", "Y", "ro", "u", "v", "pre", "Ma", "PART", "IMEX", "Ux", "Uy", "Vx", "Vy", "Vort" 
ZONE I=2, J=2, DATAPACKING=POINT
-4.000000e-01 -2.123607e+00 9.589429e-01 1.033229e+00 5.013469e-03 9.421758e-01 8.809837e-01 1 0 -6.271227e-03 4.793423e-02 -9.035169e-03 -4.342332e-02 -5.696940e-02
0.000000e+00 0.000000e+00 9.424772e-01 1.117908e+00 -8.884849e-02 9.191994e-01 9.597102e-01 1 0 -3.319082e-02 3.835380e-02 -7.675504e-02 -3.535279e-02 -1.151088e-01
-2.400000e+00 -2.380423e+00 9.952789e-01 9.874135e-01 2.684595e-02 9.926719e-01 8.359206e-01 1 0 4.258756e-02 -3.467121e-03 -4.655250e-03 1.634903e-02 -1.188129e-03
-2.000000e+00 -4.000000e-01 9.707675e-01 1.035486e+00 4.532098e-02 9.571923e-01 8.821727e-01 1 0 7.914261e-02 2.694600e-02 -3.848605e-02 7.927796e-03 -6.543205e-02
