VARIABLES = "X", "Y", "ro", "u", "v", "pre", "Ma", "PART", "IMEX", "Ux", "Uy", "Vx", "Vy", "Vort" 
ZONE I=5, J=5, DATAPACKING=POINT
2.000000e+00 -8.000000e+00 9.999362e-01 9.995579e-01 1.000132e+00 9.999345e-01 1.195044e+00 2 0 2.700821e-04 1.852419e-03 1.215776e-04 -2.370935e-03 -1.730842e-03
2.000000e+00 -7.654654e+00 1.000076e+00 1.000189e+00 9.999128e-01 1.000096e+00 1.195277e+00 2 0 -9.762763e-05 4.642222e-04 -1.042275e-04 3.693631e-04 -5.684497e-04
2.000000e+00 -7.000000e+00 9.999403e-01 9.998267e-01 1.000102e+00 9.999265e-01 1.195195e+00 2 0 8.623119e-05 -4.649875e-04 7.760486e-05 -3.491888e-04 5.425924e-04
2.000000e+00 -6.345346e+00 1.000032e+00 1.000170e+00 9.998394e-01 1.000031e+00 1.195235e+00 2 0 -8.632098e-05 7.088413e-04 -4.618328e-05 6.005235e-04 -7.550246e-04
2.000000e+00 -6.000000e+00 9.996201e-01 9.997960e-01 1.000661e+00 9.994976e-01 1.195575e+00 2 0 -2.140398e-04 -6.291209e-03 1.584757e-04 4.303801e-03 6.449685e-03
1.654654e+00 -8.000000e+00 1.000044e+00 9.994121e-01 1.000096e+00 1.000005e+00 1.194958e+00 2 0 5.034220e-04 2.397727e-03 1.070908e-04 -1.235362e-03 -2.290636e-03
1.654654e+00 -7.654654e+00 1.000014e+00 1.000247e+00 9.999532e-01 1.000043e+00 1.195331e+00 2 0 -2.061117e-04 6.281600e-04 -1.351806e-04 1.841364e-04 -7.633406e-04
1.654654e+00 -7.000000e+00 1.000009e+00 9.997695e-01 1.000072e+00 9.999898e-01 1.195145e+00 2 0 2.114314e-04 -6.073136e-04 1.116116e-04 -2.333418e-04 7.189252e-04
1.654654e+00 -6.345346e+00 9.999475e-01 1.000249e+00 9.998603e-01 9.999573e-01 1.195288e+00 2 0 -3.299068e-04 9.640155e-04 -9.384008e-05 4.313240e-04 -1.057856e-03
1.654654e+00 -6.000000e+00 9.998174e-01 9.997243e-01 1.000555e+00 9.997141e-01 1.195458e+00 2 0 5.209126e-04 -8.871044e-03 5.212192e-04 4.804658e-03 9.392263e-03
1.000000e+00 -8.000000e+00 1.000290e+00 9.991553e-01 1.000073e+00 1.000188e+00 1.194828e+00 2 0 1.613854e-04 3.469099e-03 -5.377000e-05 6.998982e-04 -3.522869e-03
1.000000e+00 -7.654654e+00 9.998734e-01 1.000354e+00 1.000007e+00 9.999156e-01 1.195419e+00 2 0 -6.821251e-05 9.096186e-04 1.987798e-06 -2.878581e-04 -9.076308e-04
1.000000e+00 -7.000000e+00 1.000149e+00 9.996522e-01 1.000022e+00 1.000118e+00 1.195052e+00 2 0 9.127266e-05 -7.776057e-04 1.164821e-05 1.419250e-04 7.892539e-04
1.000000e+00 -6.345346e+00 9.997822e-01 1.000466e+00 9.999119e-01 9.998147e-01 1.195435e+00 2 0 -2.356278e-04 1.194878e-03 -3.229833e-05 -2.002187e-04 -1.227176e-03
1.000000e+00 -6.000000e+00 1.000344e+00 9.992609e-01 1.000157e+00 1.000307e+00 1.194903e+00 2 0 6.584803e-04 -1.780866e-02 5.300896e-04 4.992169e-03 1.833875e-02
3.453460e-01 -8.000000e+00 1.000309e+00 9.992747e-01 1.000124e+00 1.000282e+00 1.194885e+00 2 0 -5.252884e-04 2.981799e-03 -1.160773e-05 1.717766e-04 -2.993407e-03
3.453460e-01 -7.654654e+00 9.998551e-01 1.000306e+00 9.999635e-01 9.998623e-01 1.195386e+00 2 0 2.110330e-04 7.892357e-04 7.496556e-05 -3.544607e-04 -7.142701e-04
3.453460e-01 -7.000000e+00 1.000150e+00 9.996881e-01 1.000048e+00 1.000148e+00 1.195073e+00 2 0 -2.055890e-04 -6.163379e-04 -4.640601e-05 2.888870e-04 5.699319e-04
3.453460e-01 -6.345346e+00 9.997810e-01 1.000470e+00 9.999070e-01 9.997744e-01 1.195458e+00 2 0 2.576134e-04 8.972237e-04 1.998818e-06 -5.422424e-04 -8.952249e-04
3.453460e-01 -6.000000e+00 1.000514e+00 9.991227e-01 9.999579e-01 1.000605e+00 1.194625e+00 2 0 -3.998968e-04 -1.880181e-02 1.228516e-04 4.222813e-03 1.892466e-02
0.000000e+00 -8.000000e+00 1.000163e+00 9.995078e-01 1.000077e+00 1.000196e+00 1.194961e+00 2 0 -8.343621e-04 2.069168e-03 3.189941e-04 9.013448e-05 -1.750174e-03
0.000000e+00 -7.654654e+00 9.999082e-01 1.000213e+00 9.999624e-01 9.998853e-01 1.195347e+00 2 0 3.326972e-04 5.082133e-04 -1.069000e-04 -2.377332e-04 -6.151133e-04
0.000000e+00 -7.000000e+00 1.000093e+00 9.997832e-01 1.000043e+00 1.000117e+00 1.195110e+00 2 0 -3.437994e-04 -4.019235e-04 1.158752e-04 2.363270e-04 5.177987e-04
0.000000e+00 -6.345346e+00 9.998578e-01 1.000331e+00 9.999306e-01 9.998151e-01 1.195410e+00 2 0 5.478754e-04 6.182376e-04 -1.796435e-04 -4.869189e-04 -7.978811e-04
0.000000e+00 -6.000000e+00 1.000400e+00 9.994106e-01 9.999036e-01 1.000581e+00 1.194711e+00 2 0 -1.283252e-03 -1.266673e-02 3.074085e-04 2.717253e-03 1.297414e-02
VARIABLES = "X", "Y", "ro", "u", "v", "pre", "Ma", "PART", "IMEX", "Ux", "Uy", "Vx", "Vy", "Vort" 
ZONE I=5, J=5, DATAPACKING=POINT
2.000000e+00 -6.000000e+00 9.999752e-01 9.993488e-01 1.000579e+00 1.000051e+00 1.195141e+00 2 0 -1.148109e-04 3.249968e-03 -2.624055e-04 -9.766197e-03 -3.512374e-03
2.000000e+00 -5.654654e+00 1.000177e+00 1.000261e+00 9.995989e-01 1.000212e+00 1.195124e+00 2 0 2.065980e-04 5.112307e-04 7.132425e-05 1.339542e-03 -4.399064e-04
2.000000e+00 -5.000000e+00 9.998752e-01 9.997999e-01 1.000452e+00 9.998604e-01 1.195388e+00 2 0 -2.290929e-04 -7.044862e-04 -1.311965e-04 -1.032415e-03 5.732897e-04
2.000000e+00 -4.345346e+00 1.000056e+00 1.000022e+00 9.994425e-01 1.000035e+00 1.194921e+00 2 0 5.034699e-04 1.318690e-03 2.753266e-04 1.594033e-03 -1.043364e-03
2.000000e+00 -4.000000e+00 9.986907e-01 1.000543e+00 1.002037e+00 9.982445e-01 1.197038e+00 2 0 -3.001881e-03 4.408265e-03 -1.940447e-03 1.272934e-02 -6.348712e-03
1.654654e+00 -6.000000e+00 1.000255e+00 9.990761e-01 1.000677e+00 1.000295e+00 1.195058e+00 2 0 1.460750e-03 4.350116e-03 -2.088383e-04 -8.598220e-03 -4.558954e-03
1.654654e+00 -5.654654e+00 1.000017e+00 1.000330e+00 9.995882e-01 1.000036e+00 1.195169e+00 2 0 -4.921958e-04 7.115004e-04 -6.981876e-05 9.703817e-04 -7.813192e-04
1.654654e+00 -5.000000e+00 1.000048e+00 9.997290e-01 1.000483e+00 1.000055e+00 1.195351e+00 2 0 5.347709e-04 -9.561228e-04 2.442070e-05 -8.562293e-04 9.805435e-04
1.654654e+00 -4.345346e+00 9.998852e-01 1.000066e+00 9.993581e-01 9.998235e-01 1.194921e+00 2 0 -6.441757e-04 2.244211e-03 1.222348e-04 1.684830e-03 -2.121976e-03
1.654654e+00 -4.000000e+00 9.986949e-01 1.001215e+00 1.002593e+00 9.985348e-01 1.197600e+00 2 0 -1.122716e-03 9.866413e-03 -8.289973e-04 2.114243e-02 -1.069541e-02
1.000000e+00 -6.000000e+00 1.000866e+00 9.979116e-01 1.000702e+00 1.000763e+00 1.194463e+00 2 0 1.538748e-03 9.796754e-03 1.308695e-04 -2.081254e-03 -9.665885e-03
1.000000e+00 -5.654654e+00 9.996336e-01 1.000768e+00 9.997096e-01 9.996429e-01 1.195509e+00 2 0 -6.199325e-04 1.658271e-03 -2.495676e-04 -7.561842e-04 -1.907839e-03
1.000000e+00 -5.000000e+00 1.000436e+00 9.992362e-01 1.000371e+00 1.000456e+00 1.194982e+00 2 0 7.220834e-04 -1.783107e-03 2.673769e-04 4.540894e-04 2.050484e-03
1.000000e+00 -4.345346e+00 9.995066e-01 1.000786e+00 9.994429e-01 9.994247e-01 1.195415e+00 2 0 -1.199935e-03 4.468614e-03 -3.564776e-04 -9.340361e-05 -4.825092e-03
1.000000e+00 -4.000000e+00 9.998129e-01 1.001024e+00 1.001951e+00 1.000282e+00 1.196726e+00 2 0 1.403512e-03 -6.154522e-03 2.625044e-03 2.957104e-02 8.779566e-03
3.453460e-01 -6.000000e+00 1.000995e+00 9.976750e-01 1.000509e+00 1.001089e+00 1.194088e+00 2 0 -1.193467e-03 1.114879e-02 4.783673e-04 2.060497e-03 -1.067042e-02
3.453460e-01 -5.654654e+00 9.995369e-01 1.000879e+00 9.998706e-01 9.994567e-01 1.195725e+00 2 0 4.597514e-04 1.788650e-03 -2.424225e-04 -1.655812e-03 -2.031073e-03
3.453460e-01 -5.000000e+00 1.000508e+00 9.990778e-01 1.000184e+00 1.000606e+00 1.194729e+00 2 0 -4.375647e-04 -1.736193e-03 2.979027e-04 1.394098e-03 2.034095e-03
3.453460e-01 -4.345346e+00 9.993930e-01 1.001165e+00 9.997567e-01 9.992243e-01 1.195881e+00 2 0 3.963337e-04 4.437843e-03 -5.409638e-04 -2.201278e-03 -4.978807e-03
3.453460e-01 -4.000000e+00 1.001143e+00 1.000153e+00 9.998786e-01 1.001913e+00 1.194788e+00 2 0 3.607885e-04 -2.056420e-02 2.850886e-03 1.665903e-02 2.341508e-02
0.000000e+00 -6.000000e+00 1.000669e+00 9.984559e-01 1.000295e+00 1.001012e+00 1.194277e+00 2 0 -3.340029e-03 7.949715e-03 8.414295e-04 2.518042e-03 -7.108286e-03
0.000000e+00 -5.654654e+00 9.996731e-01 1.000561e+00 9.999653e-01 9.994930e-01 1.195651e+00 2 0 1.389407e-03 9.351558e-04 -3.611095e-04 -1.322618e-03 -1.296265e-03
0.000000e+00 -5.000000e+00 1.000357e+00 9.994024e-01 1.000069e+00 1.000546e+00 1.194800e+00 2 0 -1.450266e-03 -9.555955e-04 4.227127e-04 1.172809e-03 1.378308e-03
0.000000e+00 -4.345346e+00 9.995417e-01 1.000755e+00 9.999406e-01 9.992567e-01 1.195815e+00 2 0 1.994026e-03 3.026458e-03 -5.536415e-04 -2.100512e-03 -3.580099e-03
0.000000e+00 -4.000000e+00 1.001169e+00 1.000524e+00 9.992324e-01 1.002140e+00 1.194504e+00 2 0 -2.751397e-03 -6.708245e-03 8.247109e-04 5.751245e-03 7.532955e-03
VARIABLES = "X", "Y", "ro", "u", "v", "pre", "Ma", "PART", "IMEX", "Ux", "Uy", "Vx", "Vy", "Vort" 
ZONE I=5, J=5, DATAPACKING=POINT
2.000000e+00 -4.000000e+00 1.000024e+00 1.001123e+00 1.001525e+00 1.000272e+00 1.196662e+00 2 0 -6.005635e-03 -4.455478e-03 -3.172165e-03 -2.997389e-02 1.283313e-03
2.000000e+00 -3.654654e+00 1.000658e+00 1.000015e+00 9.987514e-01 1.000821e+00 1.194394e+00 2 0 2.514809e-03 8.112833e-04 1.916887e-03 4.579623e-03 1.105604e-03
2.000000e+00 -3.000000e+00 9.993898e-01 1.003902e+00 1.003017e+00 9.992326e-01 1.199458e+00 2 0 -7.400167e-03 1.020639e-02 -3.103700e-03 3.148501e-03 -1.331009e-02
2.000000e+00 -2.345346e+00 1.000569e+00 1.019335e+00 1.009528e+00 1.000698e+00 1.212414e+00 2 0 -2.407743e-02 5.043071e-02 -6.032020e-03 3.098690e-02 -5.646273e-02
2.000000e+00 -2.000000e+00 9.976314e-01 1.048299e+00 1.029696e+00 9.968802e-01 1.242357e+00 2 0 -7.428197e-02 1.457952e-01 -3.446477e-02 8.760272e-02 -1.802600e-01
1.654654e+00 -4.000000e+00 1.000362e+00 1.002284e+00 1.002826e+00 1.001478e+00 1.197615e+00 2 0 -1.231481e-03 -1.288658e-02 -3.848779e-03 -3.952243e-02 9.037805e-03
1.654654e+00 -3.654654e+00 1.000561e+00 9.995448e-01 9.980753e-01 1.000301e+00 1.193962e+00 2 0 4.910663e-04 1.206174e-03 1.632448e-03 4.689328e-03 4.262731e-04
1.654654e+00 -3.000000e+00 9.994376e-01 1.006366e+00 1.004019e+00 9.996961e-01 1.201281e+00 2 0 -6.773736e-03 1.643759e-02 -2.103661e-03 4.131745e-03 -1.854125e-02
1.654654e+00 -2.345346e+00 1.000831e+00 1.030401e+00 1.011045e+00 1.000230e+00 1.220419e+00 2 0 -3.758081e-02 8.052293e-02 -1.735402e-03 3.902599e-02 -8.225833e-02
1.654654e+00 -2.000000e+00 9.960778e-01 1.077985e+00 1.039428e+00 9.967585e-01 1.265174e+00 2 0 -9.406797e-02 2.437327e-01 -1.727443e-02 1.423654e-01 -2.610072e-01
1.000000e+00 -4.000000e+00 1.001246e+00 1.001007e+00 1.004129e+00 1.003114e+00 1.197183e+00 2 0 4.094866e-03 -9.935024e-03 5.897157e-04 -2.646042e-02 1.052474e-02
1.000000e+00 -3.654654e+00 9.997224e-01 1.000110e+00 9.978669e-01 9.988660e-01 1.194532e+00 2 0 -1.809687e-03 4.122661e-03 -1.120606e-03 -1.734108e-03 -5.243267e-03
1.000000e+00 -3.000000e+00 1.000372e+00 1.009594e+00 1.003605e+00 1.001288e+00 1.202571e+00 2 0 -2.652920e-03 2.707931e-02 3.534069e-03 7.137182e-03 -2.354524e-02
1.000000e+00 -2.345346e+00 1.000302e+00 1.054802e+00 1.007285e+00 9.987039e-01 1.233646e+00 2 0 -3.051503e-02 1.442131e-01 1.335067e-02 2.447279e-02 -1.308624e-01
1.000000e+00 -2.000000e+00 9.977798e-01 1.133066e+00 1.031392e+00 1.001076e+00 1.292804e+00 2 0 -6.079242e-02 3.652063e-01 4.165182e-02 1.748365e-01 -3.235545e-01
3.453460e-01 -4.000000e+00 1.001924e+00 9.990658e-01 1.002118e+00 1.003421e+00 1.195045e+00 2 0 -3.799015e-04 1.730491e-03 4.741329e-03 4.321416e-03 3.010839e-03
3.453460e-01 -3.654654e+00 9.989156e-01 1.000988e+00 9.992146e-01 9.980936e-01 1.195843e+00 2 0 1.435679e-04 5.371772e-03 -2.416971e-03 -5.993981e-03 -7.788743e-03
3.453460e-01 -3.000000e+00 1.001323e+00 1.009827e+00 1.000156e+00 1.002245e+00 1.200656e+00 2 0 1.531387e-03 3.007023e-02 5.735599e-03 3.077456e-03 -2.433463e-02
3.453460e-01 -2.345346e+00 9.985220e-01 1.063174e+00 9.957713e-01 9.969711e-01 1.232072e+00 2 0 9.331102e-03 1.633293e-01 1.839542e-02 -1.418451e-02 -1.449339e-01
3.453460e-01 -2.000000e+00 9.994789e-01 1.146416e+00 9.940224e-01 1.001240e+00 1.281267e+00 2 0 2.319527e-02 3.631323e-01 5.950807e-02 5.207963e-02 -3.036242e-01
0.000000e+00 -4.000000e+00 1.001547e+00 1.000543e+00 1.000562e+00 1.003497e+00 1.194726e+00 2 0 -8.437092e-03 -2.061818e-03 3.792087e-03 8.419172e-03 5.853905e-03
0.000000e+00 -3.654654e+00 9.990558e-01 1.000317e+00 9.998959e-01 9.980708e-01 1.195946e+00 2 0 3.947301e-03 2.631006e-03 -1.419022e-03 -3.323265e-03 -4.050028e-03
0.000000e+00 -3.000000e+00 1.001097e+00 1.009156e+00 9.985713e-01 1.002131e+00 1.199244e+00 2 0 2.273820e-03 2.813120e-02 3.038322e-03 -2.525223e-03 -2.509288e-02
0.000000e+00 -2.345346e+00 9.981719e-01 1.054977e+00 9.905797e-01 9.964156e-01 1.224137e+00 2 0 3.759163e-02 1.422614e-01 1.041085e-02 -2.695145e-02 -1.318506e-01
0.000000e+00 -2.000000e+00 9.987358e-01 1.130835e+00 9.777686e-01 9.999889e-01 1.262655e+00 2 0 6.315753e-02 3.566753e-01 3.165863e-02 -3.865238e-02 -3.250167e-01
VARIABLES = "X", "Y", "ro", "u", "v", "pre", "Ma", "PART", "IMEX", "Ux", "Uy", "Vx", "Vy", "Vort" 
ZONE I=5, J=5, DATAPACKING=POINT
2.000000e+00 -2.000000e+00 9.993241e-01 1.051945e+00 1.028616e+00 9.994979e-01 1.243344e+00 2 0 -8.358403e-02 6.566751e-02 -3.423503e-02 4.384950e-02 -9.990254e-02
2.000000e+00 -1.654654e+00 1.000096e+00 1.090611e+00 1.060094e+00 9.998313e-01 1.285591e+00 2 0 -1.269135e-01 1.625296e-01 -3.571835e-02 1.368601e-01 -1.982479e-01
2.000000e+00 -1.000000e+00 9.905750e-01 1.212541e+00 1.211112e+00 9.872177e-01 1.450871e+00 2 0 -2.958750e-01 1.653863e-01 -1.894976e-01 3.196171e-01 -3.548839e-01
2.000000e+00 -3.453460e-01 9.674492e-01 1.252709e+00 1.452891e+00 9.545753e-01 1.632221e+00 2 0 -3.767949e-01 -8.164597e-02 -3.583899e-01 3.818431e-01 -2.767440e-01
2.000000e+00 0.000000e+00 9.518769e-01 1.188237e+00 1.571824e+00 9.339163e-01 1.681242e+00 2 0 -2.777689e-01 -3.141333e-01 -4.215709e-01 2.855825e-01 -1.074377e-01
1.654654e+00 -2.000000e+00 9.989703e-01 1.084055e+00 1.040068e+00 1.003656e+00 1.266711e+00 2 0 -9.941826e-02 9.430312e-02 -2.659482e-02 2.269983e-03 -1.208979e-01
1.654654e+00 -1.654654e+00 1.000966e+00 1.141852e+00 1.070251e+00 9.996112e-01 1.323572e+00 2 0 -1.629796e-01 2.485103e-01 -1.546874e-02 1.698827e-01 -2.639790e-01
1.654654e+00 -1.000000e+00 9.786709e-01 1.331009e+00 1.260642e+00 9.733366e-01 1.553619e+00 2 0 -3.772777e-01 2.597471e-01 -7.627570e-02 3.860468e-01 -3.360228e-01
1.654654e+00 -3.453460e-01 9.239948e-01 1.397190e+00 1.538363e+00 8.939341e-01 1.785643e+00 2 0 -4.470709e-01 -1.206747e-01 -1.099489e-01 4.294017e-01 1.072588e-02
1.654654e+00 0.000000e+00 8.816469e-01 1.296714e+00 1.675777e+00 8.374137e-01 1.837476e+00 2 0 -3.294153e-01 -5.031565e-01 -1.443825e-01 3.431329e-01 3.587740e-01
1.000000e+00 -2.000000e+00 1.000031e+00 1.140067e+00 1.039290e+00 1.010098e+00 1.297293e+00 2 0 -5.883654e-02 1.315678e-01 3.296867e-02 -2.390684e-02 -9.859914e-02
1.000000e+00 -1.654654e+00 9.943407e-01 1.242345e+00 1.050191e+00 9.887834e-01 1.378714e+00 2 0 -1.208165e-01 4.405566e-01 8.025068e-02 1.172308e-01 -3.603059e-01
1.000000e+00 -1.000000e+00 9.479686e-01 1.560703e+00 1.193925e+00 9.314421e-01 1.675402e+00 2 0 -2.694032e-01 4.256710e-01 2.839971e-01 2.862878e-01 -1.416739e-01
1.000000e+00 -3.453460e-01 7.889437e-01 1.680872e+00 1.396467e+00 7.138308e-01 1.941639e+00 2 0 -3.640740e-01 -1.772070e-01 5.760176e-01 3.273423e-01 7.532247e-01
1.000000e+00 0.000000e+00 6.759212e-01 1.502140e+00 1.516098e+00 5.830293e-01 1.942146e+00 2 0 -2.607990e-01 -1.029429e+00 7.014432e-01 4.142055e-01 1.730872e+00
3.453460e-01 -2.000000e+00 1.001395e+00 1.152254e+00 1.001679e+00 1.006741e+00 1.286932e+00 2 0 2.170502e-02 1.584609e-01 7.081809e-02 -5.631889e-02 -8.764277e-02
3.453460e-01 -1.654654e+00 9.907353e-01 1.273577e+00 9.770241e-01 9.860190e-01 1.359857e+00 2 0 4.069787e-02 5.059382e-01 1.216517e-01 -5.299907e-02 -3.842865e-01
3.453460e-01 -1.000000e+00 9.383455e-01 1.627732e+00 9.397915e-01 9.144171e-01 1.609162e+00 2 0 8.739395e-02 4.720648e-01 4.111573e-01 -8.593597e-02 -6.090758e-02
3.453460e-01 -3.453460e-01 7.289233e-01 1.776597e+00 8.498660e-01 6.412225e-01 1.774632e+00 2 0 1.330938e-01 -1.634138e-01 8.988078e-01 -1.633356e-01 1.062222e+00
3.453460e-01 0.000000e+00 5.842877e-01 1.568826e+00 8.219847e-01 4.757270e-01 1.658896e+00 2 0 9.052086e-02 -1.314804e+00 1.110926e+00 1.523630e-01 2.425730e+00
0.000000e+00 -2.000000e+00 1.002454e+00 1.138953e+00 9.794200e-01 1.007716e+00 1.266236e+00 2 0 5.138658e-02 1.429084e-01 5.207734e-02 -1.302250e-01 -9.083103e-02
0.000000e+00 -1.654654e+00 9.944728e-01 1.240786e+00 9.417219e-01 9.910945e-01 1.318728e+00 2 0 1.432461e-01 4.395720e-01 7.337860e-02 -1.057064e-01 -3.661934e-01
0.000000e+00 -1.000000e+00 9.495327e-01 1.562772e+00 8.230432e-01 9.305179e-01 1.507932e+00 2 0 2.803035e-01 4.292861e-01 2.452326e-01 -2.768348e-01 -1.840535e-01
0.000000e+00 -3.453460e-01 7.952639e-01 1.682672e+00 6.041638e-01 7.286436e-01 1.578572e+00 2 0 3.913061e-01 -1.676947e-01 5.044820e-01 -3.195890e-01 6.721767e-01
0.000000e+00 0.000000e+00 6.669212e-01 1.514199e+00 5.444574e-01 5.753012e-01 1.464236e+00 2 0 2.218062e-01 -9.355564e-01 5.342901e-01 6.820926e-02 1.469847e+00
VARIABLES = "X", "Y", "ro", "u", "v", "pre", "Ma", "PART", "IMEX", "Ux", "Uy", "Vx", "Vy", "Vort" 
ZONE I=5, J=5, DATAPACKING=POINT
4.000000e+00 -8.000000e+00 9.999998e-01 1.000001e+00 1.000001e+00 9.999992e-01 1.195230e+00 2 0 -4.658777e-06 9.922586e-06 -4.505229e-05 -6.571230e-06 -5.497487e-05
4.000000e+00 -7.654654e+00 1.000000e+00 9.999999e-01 9.999994e-01 1.000000e+00 1.195228e+00 2 0 -1.341469e-06 -4.785850e-06 2.760546e-05 -2.344920e-06 3.239131e-05
4.000000e+00 -7.000000e+00 9.999999e-01 1.000000e+00 1.000001e+00 9.999996e-01 1.195229e+00 2 0 -3.665417e-07 3.753789e-06 -2.903619e-05 2.098155e-06 -3.278998e-05
4.000000e+00 -6.345346e+00 1.000000e+00 9.999996e-01 9.999992e-01 1.000000e+00 1.195228e+00 2 0 3.376322e-06 -5.144472e-06 3.409322e-05 -3.231619e-06 3.923769e-05
4.000000e+00 -6.000000e+00 1.000001e+00 9.999995e-01 1.000001e+00 1.000000e+00 1.195229e+00 2 0 2.616414e-05 4.317894e-05 -1.253157e-04 3.561174e-05 -1.684947e-04
3.654654e+00 -8.000000e+00 1.000010e+00 1.000012e+00 1.000007e+00 1.000016e+00 1.195237e+00 2 0 -3.682089e-05 -5.140738e-05 9.743812e-07 -3.665127e-05 5.238176e-05
3.654654e+00 -7.654654e+00 9.999965e-01 9.999950e-01 9.999974e-01 9.999945e-01 1.195225e+00 2 0 1.722331e-05 -1.403398e-05 -6.331380e-06 -4.543039e-06 7.702600e-06
3.654654e+00 -7.000000e+00 1.000003e+00 1.000005e+00 1.000003e+00 1.000005e+00 1.195232e+00 2 0 -1.567237e-05 1.236234e-05 6.538722e-06 4.367637e-06 -5.823617e-06
3.654654e+00 -6.345346e+00 9.999966e-01 9.999944e-01 9.999976e-01 9.999945e-01 1.195225e+00 2 0 1.534682e-05 -1.708737e-05 -1.123158e-05 -7.421261e-06 5.855790e-06
3.654654e+00 -6.000000e+00 1.000003e+00 1.000010e+00 1.000003e+00 1.000005e+00 1.195235e+00 2 0 -5.173219e-05 2.412810e-04 5.069789e-05 6.242980e-05 -1.905831e-04
3.000000e+00 -8.000000e+00 9.999752e-01 9.999631e-01 1.000014e+00 9.999668e-01 1.195220e+00 2 0 2.310304e-04 2.299726e-04 -4.666094e-05 -1.793394e-04 -2.766335e-04
3.000000e+00 -7.654654e+00 1.000013e+00 1.000016e+00 9.999913e-01 1.000018e+00 1.195230e+00 2 0 -1.006843e-04 1.474402e-05 4.274486e-05 1.473478e-05 2.800084e-05
3.000000e+00 -7.000000e+00 9.999874e-01 9.999848e-01 1.000008e+00 9.999830e-01 1.195227e+00 2 0 9.491517e-05 -1.801397e-05 -4.384023e-05 -1.363265e-05 -2.582626e-05
3.000000e+00 -6.345346e+00 1.000014e+00 1.000016e+00 9.999883e-01 1.000019e+00 1.195229e+00 2 0 -9.807394e-05 4.352653e-05 6.736683e-05 3.392854e-05 2.384030e-05
3.000000e+00 -6.000000e+00 9.999695e-01 9.999873e-01 1.000052e+00 9.999597e-01 1.195258e+00 2 0 1.607665e-04 -2.821698e-04 -3.067805e-04 4.410672e-04 -2.461071e-05
2.345346e+00 -8.000000e+00 9.998922e-01 9.997140e-01 1.000084e+00 9.998738e-01 1.195119e+00 2 0 4.778878e-04 1.343787e-03 -1.609190e-04 -1.674560e-03 -1.504706e-03
2.345346e+00 -7.654654e+00 1.000077e+00 1.000124e+00 9.999377e-01 1.000098e+00 1.195254e+00 2 0 -2.062362e-04 2.628483e-04 1.047864e-04 2.572200e-04 -1.580619e-04
2.345346e+00 -7.000000e+00 9.999310e-01 9.998843e-01 1.000068e+00 9.999137e-01 1.195210e+00 2 0 1.870181e-04 -2.673292e-04 -1.248454e-04 -2.310930e-04 1.424839e-04
2.345346e+00 -6.345346e+00 1.000060e+00 1.000115e+00 9.998977e-01 1.000070e+00 1.195230e+00 2 0 -1.775970e-04 4.015638e-04 1.938504e-04 4.043752e-04 -2.077134e-04
2.345346e+00 -6.000000e+00 9.997087e-01 9.998294e-01 1.000435e+00 9.996173e-01 1.195441e+00 2 0 2.322279e-04 -4.166481e-03 -7.795742e-04 2.726290e-03 3.386907e-03
2.000000e+00 -8.000000e+00 9.999359e-01 9.995566e-01 1.000141e+00 9.999392e-01 1.195046e+00 2 0 3.907375e-04 1.864590e-03 -1.046971e-04 -2.510998e-03 -1.969287e-03
2.000000e+00 -7.654654e+00 1.000079e+00 1.000190e+00 9.999071e-01 1.000097e+00 1.195276e+00 2 0 -1.489762e-04 4.650637e-04 2.800279e-05 3.865265e-04 -4.370610e-04
2.000000e+00 -7.000000e+00 9.999382e-01 9.998256e-01 1.000108e+00 9.999258e-01 1.195197e+00 2 0 1.305285e-04 -4.683497e-04 -6.617258e-05 -3.631761e-04 4.021771e-04
2.000000e+00 -6.345346e+00 1.000034e+00 1.000169e+00 9.998318e-01 1.000031e+00 1.195231e+00 2 0 -1.217261e-04 7.083192e-04 1.306044e-04 6.220576e-04 -5.777148e-04
2.000000e+00 -6.000000e+00 9.996035e-01 9.997909e-01 1.000688e+00 9.994787e-01 1.195589e+00 2 0 -9.045476e-05 -6.340331e-03 -4.690857e-04 4.454970e-03 5.871245e-03
VARIABLES = "X", "Y", "ro", "u", "v", "pre", "Ma", "PART", "IMEX", "Ux", "Uy", "Vx", "Vy", "Vort" 
ZONE I=5, J=5, DATAPACKING=POINT
4.000000e+00 -6.000000e+00 9.999989e-01 1.000006e+00 1.000004e+00 9.999964e-01 1.195236e+00 2 0 6.928797e-05 2.065763e-05 -4.839903e-05 1.764601e-05 -6.905666e-05
4.000000e+00 -5.654654e+00 1.000000e+00 9.999983e-01 9.999991e-01 1.000001e+00 1.195227e+00 2 0 -4.288321e-05 -1.868124e-05 5.944720e-05 -1.698964e-05 7.812844e-05
4.000000e+00 -5.000000e+00 1.000000e+00 1.000002e+00 1.000001e+00 9.999995e-01 1.195230e+00 2 0 3.484739e-05 1.428203e-05 -6.612730e-05 1.456531e-05 -8.040933e-05
4.000000e+00 -4.345346e+00 1.000001e+00 9.999979e-01 9.999988e-01 1.000002e+00 1.195226e+00 2 0 -5.530637e-05 -1.368049e-05 5.504020e-05 -2.741849e-05 6.872069e-05
4.000000e+00 -4.000000e+00 1.000007e+00 1.000008e+00 9.999884e-01 1.000010e+00 1.195225e+00 2 0 2.737451e-04 2.371583e-04 -2.184988e-04 5.592567e-05 -4.556571e-04
3.654654e+00 -6.000000e+00 1.000017e+00 1.000029e+00 1.000005e+00 1.000026e+00 1.195243e+00 2 0 -1.289437e-04 -1.142973e-04 1.663026e-05 -6.992911e-05 1.309275e-04
3.654654e+00 -5.654654e+00 9.999936e-01 9.999874e-01 9.999966e-01 9.999902e-01 1.195221e+00 2 0 6.722906e-05 -3.549299e-05 -1.837635e-05 8.670949e-06 1.711664e-05
3.654654e+00 -5.000000e+00 1.000005e+00 1.000012e+00 1.000003e+00 1.000008e+00 1.195236e+00 2 0 -5.815280e-05 3.597746e-05 2.362025e-05 -2.017143e-06 -1.235721e-05
3.654654e+00 -4.345346e+00 9.999984e-01 9.999902e-01 1.000001e+00 9.999972e-01 1.195224e+00 2 0 6.467642e-05 -4.812102e-05 -3.282257e-05 3.817744e-06 1.529845e-05
3.654654e+00 -4.000000e+00 9.999942e-01 1.000017e+00 1.000003e+00 9.999878e-01 1.195244e+00 2 0 -2.183700e-04 4.866534e-04 5.628127e-05 -9.764557e-05 -4.303721e-04
3.000000e+00 -6.000000e+00 9.999776e-01 9.999871e-01 1.000062e+00 9.999757e-01 1.195259e+00 2 0 3.708114e-04 2.779400e-04 -2.572951e-04 -6.264115e-04 -5.352351e-04
3.000000e+00 -5.654654e+00 1.000013e+00 1.000001e+00 9.999658e-01 1.000016e+00 1.195208e+00 2 0 -1.662896e-04 -6.229999e-05 1.696370e-04 1.245286e-05 2.319370e-04
3.000000e+00 -5.000000e+00 9.999870e-01 9.999991e-01 1.000032e+00 9.999848e-01 1.195248e+00 2 0 1.417156e-04 2.322402e-05 -1.768763e-04 -4.156108e-06 -2.001003e-04
3.000000e+00 -4.345346e+00 1.000002e+00 9.999790e-01 9.999576e-01 9.999988e-01 1.195193e+00 2 0 -6.999645e-05 6.749035e-05 2.374557e-04 4.234862e-06 1.699653e-04
3.000000e+00 -4.000000e+00 1.000017e+00 1.000157e+00 1.000102e+00 1.000034e+00 1.195373e+00 2 0 -7.672731e-05 2.472696e-03 -6.143888e-04 1.200975e-03 -3.087085e-03
2.345346e+00 -6.000000e+00 9.998506e-01 9.995612e-01 1.000369e+00 9.998594e-01 1.195182e+00 2 0 7.806896e-04 2.619951e-03 -6.435417e-04 -6.021265e-03 -3.263493e-03
2.345346e+00 -5.654654e+00 1.000164e+00 1.000191e+00 9.997486e-01 1.000203e+00 1.195169e+00 2 0 -3.268496e-04 2.473645e-04 4.653478e-04 7.280505e-04 2.179832e-04
2.345346e+00 -5.000000e+00 9.998646e-01 9.998455e-01 1.000272e+00 9.998369e-01 1.195315e+00 2 0 2.477536e-04 -3.890016e-04 -5.365484e-04 -5.359372e-04 -1.475467e-04
2.345346e+00 -4.345346e+00 1.000085e+00 1.000052e+00 9.996577e-01 1.000090e+00 1.195052e+00 2 0 -6.478068e-05 7.300687e-04 6.431813e-04 7.374014e-04 -8.688747e-05
2.345346e+00 -4.000000e+00 9.993243e-01 1.000192e+00 1.001070e+00 9.990588e-01 1.196142e+00 2 0 -3.193742e-04 1.488453e-03 -2.448594e-03 7.228384e-03 -3.937047e-03
2.000000e+00 -6.000000e+00 9.999718e-01 9.993406e-01 1.000596e+00 1.000057e+00 1.195140e+00 2 0 3.512894e-04 3.313279e-03 -5.391282e-04 -1.017281e-02 -3.852407e-03
2.000000e+00 -5.654654e+00 1.000186e+00 1.000269e+00 9.995847e-01 1.000220e+00 1.195121e+00 2 0 -2.859747e-05 5.217560e-04 3.768440e-04 1.408316e-03 -1.449120e-04
2.000000e+00 -5.000000e+00 9.998676e-01 9.997947e-01 1.000468e+00 9.998537e-01 1.195394e+00 2 0 -3.246013e-05 -7.157758e-04 -4.857698e-04 -1.078896e-03 2.300061e-04
2.000000e+00 -4.345346e+00 1.000063e+00 1.000026e+00 9.994277e-01 1.000042e+00 1.194915e+00 2 0 2.898689e-04 1.297865e-03 5.713164e-04 1.653425e-03 -7.265488e-04
2.000000e+00 -4.000000e+00 9.986385e-01 1.000491e+00 1.002091e+00 9.981601e-01 1.197059e+00 2 0 -1.874627e-03 3.800467e-03 -3.158127e-03 1.279400e-02 -6.958594e-03
VARIABLES = "X", "Y", "ro", "u", "v", "pre", "Ma", "PART", "IMEX", "Ux", "Uy", "Vx", "Vy", "Vort" 
ZONE I=5, J=5, DATAPACKING=POINT
4.000000e+00 -4.000000e+00 9.999916e-01 1.000034e+00 1.000004e+00 9.999858e-01 1.195255e+00 2 0 5.257818e-04 -1.291070e-04 1.403382e-04 2.604304e-04 2.694451e-04
4.000000e+00 -3.654654e+00 1.000002e+00 9.999925e-01 1.000007e+00 1.000004e+00 1.195227e+00 2 0 -2.870866e-04 -1.440683e-06 8.829687e-05 -7.874797e-05 8.973755e-05
4.000000e+00 -3.000000e+00 1.000009e+00 1.000046e+00 1.000019e+00 1.000013e+00 1.195265e+00 2 0 1.117389e-04 8.937487e-05 -1.850150e-04 1.754839e-04 -2.743899e-04
4.000000e+00 -2.345346e+00 1.000035e+00 1.000159e+00 1.000186e+00 1.000047e+00 1.195428e+00 2 0 -9.612699e-04 4.762026e-04 -6.552798e-04 2.341364e-04 -1.131482e-03
4.000000e+00 -2.000000e+00 1.000227e+00 1.000497e+00 1.000233e+00 1.000315e+00 1.195613e+00 2 0 -4.758223e-04 1.972984e-03 -1.591227e-03 1.737973e-04 -3.564211e-03
3.654654e+00 -4.000000e+00 1.000015e+00 1.000057e+00 9.999830e-01 1.000012e+00 1.195254e+00 2 0 -4.754710e-04 -1.610636e-04 -1.199311e-05 -7.115780e-05 1.490705e-04
3.654654e+00 -3.654654e+00 1.000002e+00 9.999881e-01 9.999968e-01 1.000008e+00 1.195216e+00 2 0 2.058554e-04 -3.931311e-05 -1.151507e-05 4.420189e-05 2.779804e-05
3.654654e+00 -3.000000e+00 9.999905e-01 1.000090e+00 1.000065e+00 9.999813e-01 1.195327e+00 2 0 -3.335401e-04 2.763231e-04 -1.548144e-04 2.501612e-04 -4.311375e-04
3.654654e+00 -2.345346e+00 9.999906e-01 1.000396e+00 1.000493e+00 9.999994e-01 1.195755e+00 2 0 -7.777099e-04 8.965473e-04 -1.367053e-03 1.204796e-03 -2.263601e-03
3.654654e+00 -2.000000e+00 1.000017e+00 1.000918e+00 1.001048e+00 9.999966e-01 1.196416e+00 2 0 -2.614927e-03 2.722393e-03 -3.342098e-03 1.997537e-03 -6.064492e-03
3.000000e+00 -4.000000e+00 1.000114e+00 1.000406e+00 1.000139e+00 1.000185e+00 1.195512e+00 2 0 -3.063715e-04 -1.914239e-03 -5.370810e-04 -1.064130e-03 1.377158e-03
3.000000e+00 -3.654654e+00 9.999908e-01 9.998914e-01 9.999574e-01 9.999768e-01 1.195147e+00 2 0 -8.948514e-05 -5.344779e-05 2.711154e-04 4.521926e-05 3.245632e-04
3.000000e+00 -3.000000e+00 9.999778e-01 1.000589e+00 1.000434e+00 9.999793e-01 1.195839e+00 2 0 -1.297333e-03 1.384052e-03 -1.188595e-03 1.458973e-03 -2.572647e-03
3.000000e+00 -2.345346e+00 9.998679e-01 1.002409e+00 1.002519e+00 9.998017e-01 1.198213e+00 2 0 -6.732819e-03 6.851295e-03 -5.072941e-03 5.889981e-03 -1.192424e-02
3.000000e+00 -2.000000e+00 1.000724e+00 1.006926e+00 1.005426e+00 1.001020e+00 1.202433e+00 2 0 -1.804621e-02 2.523879e-02 -1.135004e-02 1.146101e-02 -3.658883e-02
2.345346e+00 -4.000000e+00 9.999526e-01 1.000530e+00 1.000810e+00 9.999635e-01 1.196023e+00 2 0 -5.464594e-04 -9.367830e-04 -1.630980e-03 -1.420670e-02 -6.941968e-04
2.345346e+00 -3.654654e+00 1.000385e+00 1.000097e+00 9.994244e-01 1.000538e+00 1.194851e+00 2 0 -3.018392e-04 3.907336e-04 1.528330e-03 1.914453e-03 1.137597e-03
2.345346e+00 -3.000000e+00 9.996606e-01 1.002119e+00 1.001818e+00 9.995204e-01 1.197665e+00 2 0 -3.801666e-03 5.548068e-03 -3.096508e-03 3.261119e-03 -8.644576e-03
2.345346e+00 -2.345346e+00 1.000293e+00 1.010854e+00 1.006927e+00 1.000475e+00 1.205748e+00 2 0 -2.016170e-02 2.897287e-02 -7.804948e-03 1.883194e-02 -3.677782e-02
2.345346e+00 -2.000000e+00 1.000745e+00 1.027588e+00 1.017936e+00 1.000790e+00 1.222420e+00 2 0 -4.774002e-02 8.615178e-02 -2.850651e-02 4.559589e-02 -1.146583e-01
2.000000e+00 -4.000000e+00 1.000013e+00 1.001025e+00 1.001521e+00 1.000234e+00 1.196618e+00 2 0 -3.168793e-03 -3.763332e-03 -2.546585e-03 -3.073714e-02 1.216747e-03
2.000000e+00 -3.654654e+00 1.000684e+00 1.000072e+00 9.987236e-01 1.000872e+00 1.194397e+00 2 0 9.247477e-04 8.628324e-04 2.425942e-03 4.744356e-03 1.563110e-03
2.000000e+00 -3.000000e+00 9.993783e-01 1.003861e+00 1.003054e+00 9.992013e-01 1.199468e+00 2 0 -6.707128e-03 1.018569e-02 -3.834133e-03 3.084748e-03 -1.401982e-02
2.000000e+00 -2.345346e+00 1.000641e+00 1.019396e+00 1.009558e+00 1.000836e+00 1.212429e+00 2 0 -2.920678e-02 5.027068e-02 -6.923539e-03 3.125904e-02 -5.719421e-02
2.000000e+00 -2.000000e+00 9.976395e-01 1.047944e+00 1.029941e+00 9.968155e-01 1.242333e+00 2 0 -7.310741e-02 1.419332e-01 -4.022327e-02 8.838725e-02 -1.821565e-01
VARIABLES = "X", "Y", "ro", "u", "v", "pre", "Ma", "PART", "IMEX", "Ux", "Uy", "Vx", "Vy", "Vort" 
ZONE I=5, J=5, DATAPACKING=POINT
4.000000e+00 -2.000000e+00 1.000181e+00 1.000558e+00 1.000265e+00 1.000240e+00 1.195685e+00 2 0 -6.778150e-04 -2.027274e-04 -1.226010e-03 3.271374e-03 -1.023283e-03
4.000000e+00 -1.654654e+00 9.999752e-01 1.000650e+00 1.001138e+00 9.999743e-01 1.196298e+00 2 0 -1.720318e-03 8.907489e-04 -5.033126e-03 2.362859e-03 -5.923875e-03
4.000000e+00 -1.000000e+00 1.000162e+00 1.001577e+00 1.003442e+00 1.000177e+00 1.198220e+00 2 0 -8.479632e-03 1.570127e-03 -1.250484e-02 5.099730e-03 -1.407496e-02
4.000000e+00 -3.453460e-01 1.000144e+00 1.002195e+00 1.007450e+00 9.999936e-01 1.201088e+00 2 0 -4.763939e-03 -1.615477e-04 -3.323592e-02 6.169178e-03 -3.307437e-02
4.000000e+00 0.000000e+00 9.999732e-01 1.001766e+00 1.009170e+00 9.995640e-01 1.202018e+00 2 0 -2.004091e-03 -3.302915e-03 -4.474517e-02 3.080940e-03 -4.144226e-02
3.654654e+00 -2.000000e+00 9.999444e-01 1.000994e+00 1.001039e+00 9.998646e-01 1.196491e+00 2 0 -2.747717e-03 1.187182e-03 -3.373416e-03 5.208013e-03 -4.560597e-03
3.654654e+00 -1.654654e+00 9.998350e-01 1.001801e+00 1.002821e+00 9.997831e-01 1.198022e+00 2 0 -5.576743e-03 3.474971e-03 -6.839948e-03 5.768991e-03 -1.031492e-02
3.654654e+00 -1.000000e+00 9.998922e-01 1.004296e+00 1.008971e+00 9.998053e-01 1.203213e+00 2 0 -1.104062e-02 3.171528e-03 -2.399602e-02 1.368368e-02 -2.716755e-02
3.654654e+00 -3.453460e-01 9.998342e-01 1.005057e+00 1.019806e+00 9.997930e-01 1.210144e+00 2 0 -1.489944e-02 -1.227370e-03 -4.992075e-02 1.722778e-02 -4.869338e-02
3.654654e+00 0.000000e+00 1.000220e+00 1.004160e+00 1.024930e+00 1.000529e+00 1.212489e+00 2 0 -1.299213e-02 -4.244235e-03 -6.132591e-02 1.061598e-02 -5.708167e-02
3.000000e+00 -2.000000e+00 1.000687e+00 1.007673e+00 1.005431e+00 1.000970e+00 1.202890e+00 2 0 -2.005654e-02 7.758694e-03 -1.116197e-02 2.503102e-02 -1.892067e-02
3.000000e+00 -1.654654e+00 9.997624e-01 1.012085e+00 1.014658e+00 9.996772e-01 1.211263e+00 2 0 -3.069916e-02 2.005586e-02 -3.186174e-02 3.136455e-02 -5.191760e-02
3.000000e+00 -1.000000e+00 9.998587e-01 1.028204e+00 1.047266e+00 9.998855e-01 1.240366e+00 2 0 -7.436848e-02 2.272677e-02 -1.012047e-01 7.017449e-02 -1.239315e-01
3.000000e+00 -3.453460e-01 9.990156e-01 1.033548e+00 1.101126e+00 9.987460e-01 1.276523e+00 2 0 -8.498177e-02 -1.208851e-02 -2.179534e-01 8.390200e-02 -2.058649e-01
3.000000e+00 0.000000e+00 9.982807e-01 1.024384e+00 1.126055e+00 9.974198e-01 1.287124e+00 2 0 -5.824669e-02 -4.219728e-02 -2.738817e-01 5.326017e-02 -2.316844e-01
2.345346e+00 -2.000000e+00 1.001355e+00 1.030042e+00 1.017453e+00 1.001320e+00 1.223657e+00 2 0 -5.062755e-02 2.968906e-02 -2.707195e-02 5.896536e-02 -5.676100e-02
2.345346e+00 -1.654654e+00 9.993148e-01 1.050037e+00 1.043394e+00 9.992092e-01 1.251136e+00 2 0 -9.259350e-02 8.965978e-02 -5.137142e-02 9.499003e-02 -1.410312e-01
2.345346e+00 -1.000000e+00 9.991979e-01 1.118276e+00 1.143291e+00 9.985154e-01 1.352089e+00 2 0 -2.149835e-01 9.122261e-02 -1.864459e-01 2.135728e-01 -2.776685e-01
2.345346e+00 -3.453460e-01 9.907991e-01 1.137945e+00 1.308454e+00 9.864484e-01 1.468778e+00 2 0 -2.560925e-01 -5.171232e-02 -4.016118e-01 2.629631e-01 -3.498995e-01
2.345346e+00 0.000000e+00 9.836642e-01 1.100341e+00 1.388854e+00 9.764533e-01 1.503057e+00 2 0 -1.953358e-01 -1.767857e-01 -5.118565e-01 1.776420e-01 -3.350708e-01
2.000000e+00 -2.000000e+00 9.994352e-01 1.051369e+00 1.028812e+00 9.995271e-01 1.243162e+00 2 0 -7.690453e-02 6.759553e-02 -3.815259e-02 4.389951e-02 -1.057481e-01
2.000000e+00 -1.654654e+00 1.000337e+00 1.090580e+00 1.060376e+00 1.000146e+00 1.285692e+00 2 0 -1.447906e-01 1.626385e-01 -4.256480e-02 1.371945e-01 -2.052033e-01
2.000000e+00 -1.000000e+00 9.922583e-01 1.211545e+00 1.211931e+00 9.893482e-01 1.450432e+00 2 0 -3.368207e-01 1.638333e-01 -2.027223e-01 3.211509e-01 -3.665557e-01
2.000000e+00 -3.453460e-01 9.685565e-01 1.252749e+00 1.455872e+00 9.559915e-01 1.633889e+00 2 0 -4.217953e-01 -7.619326e-02 -4.279604e-01 3.875207e-01 -3.517672e-01
2.000000e+00 0.000000e+00 9.519801e-01 1.190641e+00 1.577163e+00 9.342525e-01 1.685901e+00 2 0 -3.280942e-01 -3.092152e-01 -5.398489e-01 2.927082e-01 -2.306336e-01
VARIABLES = "X", "Y", "ro", "u", "v", "pre", "Ma", "PART", "IMEX", "Ux", "Uy", "Vx", "Vy", "Vort" 
ZONE I=5, J=5, DATAPACKING=POINT
6.000000e+00 -8.000000e+00 1.000000e+00 1.000000e+00 1.000000e+00 1.000001e+00 1.195229e+00 2 0 -1.152312e-06 -1.933262e-06 -2.463642e-06 -7.753571e-07 -5.303797e-07
6.000000e+00 -7.654654e+00 9.999999e-01 9.999998e-01 1.000000e+00 9.999998e-01 1.195229e+00 2 0 1.161971e-06 -4.543315e-07 9.369756e-07 1.103059e-07 1.391307e-06
6.000000e+00 -7.000000e+00 1.000000e+00 1.000000e+00 1.000000e+00 1.000000e+00 1.195229e+00 2 0 -1.088175e-06 4.120438e-07 -8.660537e-07 -8.456996e-08 -1.278098e-06
6.000000e+00 -6.345346e+00 9.999998e-01 9.999998e-01 1.000000e+00 9.999997e-01 1.195229e+00 2 0 2.095354e-06 -5.728232e-07 1.454290e-06 1.184143e-07 2.027113e-06
6.000000e+00 -6.000000e+00 1.000000e+00 1.000000e+00 1.000000e+00 1.000000e+00 1.195229e+00 2 0 -1.147894e-05 7.245230e-06 5.153074e-07 -8.458027e-07 -6.729923e-06
5.654654e+00 -8.000000e+00 1.000000e+00 1.000000e+00 1.000000e+00 9.999999e-01 1.195229e+00 2 0 2.248766e-06 3.710731e-07 7.462563e-07 1.143956e-06 3.751832e-07
5.654654e+00 -7.654654e+00 1.000000e+00 1.000000e+00 1.000000e+00 9.999999e-01 1.195229e+00 2 0 -1.099033e-06 -8.105028e-08 -2.221967e-07 -6.319643e-07 -1.411464e-07
5.654654e+00 -7.000000e+00 1.000000e+00 1.000000e+00 1.000000e+00 1.000000e+00 1.195229e+00 2 0 1.035895e-06 2.824047e-08 2.349069e-07 5.352670e-07 2.066664e-07
5.654654e+00 -6.345346e+00 9.999999e-01 9.999999e-01 9.999999e-01 9.999999e-01 1.195229e+00 2 0 -1.340308e-06 2.863279e-07 -2.480035e-07 -7.931865e-07 -5.343314e-07
5.654654e+00 -6.000000e+00 1.000001e+00 1.000001e+00 1.000000e+00 1.000001e+00 1.195229e+00 2 0 4.764943e-06 8.131525e-06 -2.248167e-07 6.887474e-06 -8.356342e-06
5.000000e+00 -8.000000e+00 1.000000e+00 1.000000e+00 1.000000e+00 1.000001e+00 1.195229e+00 2 0 -4.118943e-06 -2.417516e-06 -7.441859e-07 -1.196065e-06 1.673330e-06
5.000000e+00 -7.654654e+00 9.999999e-01 9.999998e-01 1.000000e+00 9.999999e-01 1.195229e+00 2 0 1.862040e-06 -3.376956e-07 5.800446e-08 3.993992e-07 3.957001e-07
5.000000e+00 -7.000000e+00 1.000000e+00 1.000000e+00 1.000000e+00 1.000000e+00 1.195229e+00 2 0 -1.756974e-06 3.607172e-07 -7.980067e-08 -3.205931e-07 -4.405178e-07
5.000000e+00 -6.345346e+00 1.000000e+00 9.999999e-01 1.000000e+00 9.999999e-01 1.195229e+00 2 0 2.062551e-06 -9.205361e-07 -1.309682e-07 3.684653e-07 7.895680e-07
5.000000e+00 -6.000000e+00 9.999995e-01 9.999997e-01 9.999998e-01 9.999993e-01 1.195228e+00 2 0 -5.864834e-06 -1.453295e-06 1.678498e-06 -7.392758e-06 3.131793e-06
4.345346e+00 -8.000000e+00 1.000001e+00 1.000002e+00 1.000001e+00 1.000002e+00 1.195230e+00 2 0 1.918179e-06 -8.149020e-06 -5.703940e-07 1.008237e-05 7.578626e-06
4.345346e+00 -7.654654e+00 9.999991e-01 9.999988e-01 1.000000e+00 9.999988e-01 1.195228e+00 2 0 -7.082523e-07 -3.681440e-06 2.064098e-07 -4.097517e-06 3.887850e-06
4.345346e+00 -7.000000e+00 1.000001e+00 1.000001e+00 1.000000e+00 1.000001e+00 1.195229e+00 2 0 7.318622e-07 3.119623e-06 -7.889198e-09 3.499826e-06 -3.127513e-06
4.345346e+00 -6.345346e+00 9.999990e-01 9.999986e-01 1.000000e+00 9.999987e-01 1.195228e+00 2 0 -4.068387e-07 -2.513070e-06 4.737401e-07 -5.395550e-06 2.986810e-06
4.345346e+00 -6.000000e+00 1.000005e+00 1.000005e+00 9.999980e-01 1.000007e+00 1.195229e+00 2 0 -4.552363e-07 8.821892e-05 1.351374e-06 1.666968e-05 -8.686754e-05
4.000000e+00 -8.000000e+00 9.999995e-01 9.999997e-01 1.000001e+00 9.999982e-01 1.195230e+00 2 0 9.649181e-06 1.126697e-05 -3.951364e-06 2.139856e-06 -1.521834e-05
4.000000e+00 -7.654654e+00 1.000000e+00 1.000000e+00 9.999997e-01 1.000001e+00 1.195228e+00 2 0 -6.563506e-06 -2.832061e-06 3.461811e-06 -3.453605e-06 6.293872e-06
4.000000e+00 -7.000000e+00 9.999999e-01 9.999998e-01 1.000000e+00 9.999994e-01 1.195229e+00 2 0 6.202043e-06 2.149259e-06 -3.232120e-06 2.947790e-06 -5.381379e-06
4.000000e+00 -6.345346e+00 1.000000e+00 1.000000e+00 9.999996e-01 1.000001e+00 1.195228e+00 2 0 -7.044244e-06 -2.540546e-06 4.424608e-06 -4.454272e-06 6.965153e-06
4.000000e+00 -6.000000e+00 1.000002e+00 9.999997e-01 9.999993e-01 1.000002e+00 1.195228e+00 2 0 3.568688e-05 2.745801e-05 -1.824444e-05 3.320135e-05 -4.570246e-05
VARIABLES = "X", "Y", "ro", "u", "v", "pre", "Ma", "PART", "IMEX", "Ux", "Uy", "Vx", "Vy", "Vort" 
ZONE I=5, J=5, DATAPACKING=POINT
6.000000e+00 -6.000000e+00 1.000001e+00 1.000001e+00 9.999998e-01 1.000002e+00 1.195229e+00 2 0 -2.678774e-05 -4.103778e-06 -1.325719e-05 -2.924259e-06 -9.153411e-06
6.000000e+00 -5.654654e+00 9.999995e-01 9.999996e-01 1.000000e+00 9.999993e-01 1.195228e+00 2 0 1.317282e-05 -7.714270e-07 3.240470e-06 1.224827e-06 4.011897e-06
6.000000e+00 -5.000000e+00 1.000000e+00 1.000000e+00 1.000000e+00 1.000001e+00 1.195229e+00 2 0 -1.279090e-05 8.625380e-07 -3.000151e-06 -8.804537e-07 -3.862689e-06
6.000000e+00 -4.345346e+00 9.999993e-01 9.999998e-01 1.000000e+00 9.999992e-01 1.195229e+00 2 0 2.025405e-05 -1.424720e-06 3.765112e-06 1.510414e-06 5.189832e-06
6.000000e+00 -4.000000e+00 1.000001e+00 1.000000e+00 1.000001e+00 1.000001e+00 1.195229e+00 2 0 -5.421111e-05 6.641210e-06 1.068817e-05 -6.099392e-06 4.046961e-06
5.654654e+00 -6.000000e+00 1.000001e+00 1.000001e+00 1.000001e+00 1.000001e+00 1.195230e+00 2 0 1.145391e-05 -6.736500e-06 2.339705e-06 3.323061e-06 9.076205e-06
5.654654e+00 -5.654654e+00 9.999995e-01 9.999993e-01 9.999998e-01 9.999992e-01 1.195228e+00 2 0 -5.495170e-06 -1.188365e-06 -7.602888e-07 -2.946539e-06 4.280765e-07
5.654654e+00 -5.000000e+00 1.000001e+00 1.000001e+00 1.000000e+00 1.000001e+00 1.195229e+00 2 0 5.078626e-06 7.993890e-07 7.023757e-07 2.389905e-06 -9.701332e-08
5.654654e+00 -4.345346e+00 9.999992e-01 9.999989e-01 9.999997e-01 9.999988e-01 1.195228e+00 2 0 -7.103072e-06 -4.126928e-07 -4.152849e-07 -3.969686e-06 -2.592082e-09
5.654654e+00 -4.000000e+00 1.000003e+00 1.000003e+00 9.999991e-01 1.000004e+00 1.195229e+00 2 0 1.664563e-05 4.934357e-05 1.120872e-07 1.881949e-05 -4.923148e-05
5.000000e+00 -6.000000e+00 9.999995e-01 9.999994e-01 9.999989e-01 9.999992e-01 1.195228e+00 2 0 -1.426522e-05 3.561926e-06 6.075282e-08 -1.101304e-06 -3.501173e-06
5.000000e+00 -5.654654e+00 1.000000e+00 1.000000e+00 1.000000e+00 1.000001e+00 1.195229e+00 2 0 6.777974e-06 5.035503e-07 -2.653846e-07 2.830602e-06 -7.689349e-07
5.000000e+00 -5.000000e+00 9.999996e-01 9.999996e-01 9.999997e-01 9.999994e-01 1.195228e+00 2 0 -6.127538e-06 3.950158e-08 4.012969e-07 -2.217474e-06 3.617954e-07
5.000000e+00 -4.345346e+00 1.000001e+00 1.000001e+00 1.000001e+00 1.000001e+00 1.195229e+00 2 0 7.488177e-06 -9.606400e-07 -1.326873e-06 3.521830e-06 -3.662326e-07
5.000000e+00 -4.000000e+00 9.999970e-01 9.999966e-01 1.000000e+00 9.999951e-01 1.195228e+00 2 0 -1.636451e-05 -4.822842e-05 1.834512e-06 -2.833958e-05 5.006294e-05
4.345346e+00 -6.000000e+00 1.000007e+00 1.000012e+00 1.000002e+00 1.000010e+00 1.195235e+00 2 0 -6.210713e-06 -5.499764e-05 -8.047571e-06 3.626494e-05 4.695007e-05
4.345346e+00 -5.654654e+00 9.999957e-01 9.999942e-01 1.000000e+00 9.999939e-01 1.195226e+00 2 0 2.498698e-06 -1.340715e-05 7.101643e-07 -1.400666e-05 1.411732e-05
4.345346e+00 -5.000000e+00 1.000004e+00 1.000005e+00 9.999996e-01 1.000006e+00 1.195231e+00 2 0 -2.614972e-06 1.148631e-05 -9.581321e-08 1.134677e-05 -1.158212e-05
4.345346e+00 -4.345346e+00 9.999950e-01 9.999930e-01 1.000000e+00 9.999928e-01 1.195226e+00 2 0 4.787234e-06 -1.116538e-05 2.267711e-06 -1.729061e-05 1.343309e-05
4.345346e+00 -4.000000e+00 1.000018e+00 1.000019e+00 9.999926e-01 1.000027e+00 1.195230e+00 2 0 -2.289729e-05 3.428179e-04 2.043410e-05 3.665464e-05 -3.223838e-04
4.000000e+00 -6.000000e+00 1.000000e+00 1.000004e+00 1.000004e+00 9.999971e-01 1.195236e+00 2 0 5.286813e-05 1.776843e-05 -4.319445e-06 4.172712e-05 -2.208788e-05
4.000000e+00 -5.654654e+00 9.999992e-01 9.999986e-01 9.999997e-01 1.000000e+00 1.195227e+00 2 0 -3.173515e-05 -1.476902e-05 5.201682e-06 -2.350220e-05 1.997070e-05
4.000000e+00 -5.000000e+00 1.000001e+00 1.000001e+00 9.999999e-01 1.000000e+00 1.195230e+00 2 0 2.928586e-05 1.081390e-05 -5.357147e-06 1.911665e-05 -1.617105e-05
4.000000e+00 -4.345346e+00 9.999990e-01 9.999979e-01 9.999990e-01 9.999997e-01 1.195226e+00 2 0 -4.027030e-05 -7.280477e-06 7.843817e-06 -3.398383e-05 1.512429e-05
4.000000e+00 -4.000000e+00 1.000014e+00 1.000011e+00 9.999854e-01 1.000020e+00 1.195223e+00 2 0 1.056837e-04 2.413548e-04 2.846640e-06 8.219269e-05 -2.385081e-04
VARIABLES = "X", "Y", "ro", "u", "v", "pre", "Ma", "PART", "IMEX", "Ux", "Uy", "Vx", "Vy", "Vort" 
ZONE I=5, J=5, DATAPACKING=POINT
6.000000e+00 -4.000000e+00 1.000005e+00 1.000000e+00 9.999993e-01 1.000005e+00 1.195228e+00 2 0 -1.195256e-04 5.766502e-06 -2.327480e-05 -9.713373e-06 -2.904130e-05
6.000000e+00 -3.654654e+00 9.999982e-01 9.999997e-01 9.999998e-01 9.999983e-01 1.195228e+00 2 0 4.964755e-05 -4.704360e-06 -2.585582e-06 3.854940e-06 2.118778e-06
6.000000e+00 -3.000000e+00 1.000001e+00 9.999992e-01 1.000001e+00 1.000001e+00 1.195229e+00 2 0 -5.754741e-05 3.844076e-06 -7.803249e-06 -1.258439e-06 -1.164732e-05
6.000000e+00 -2.345346e+00 9.999959e-01 1.000001e+00 1.000003e+00 9.999957e-01 1.195231e+00 2 0 2.862369e-05 -2.534265e-06 6.950098e-06 1.687430e-05 9.484363e-06
6.000000e+00 -2.000000e+00 9.999922e-01 9.999987e-01 1.000014e+00 9.999855e-01 1.195240e+00 2 0 -1.485974e-04 6.090273e-06 1.224332e-04 5.088754e-05 1.163429e-04
5.654654e+00 -4.000000e+00 1.000003e+00 1.000007e+00 1.000002e+00 1.000006e+00 1.195232e+00 2 0 3.788856e-05 -4.435526e-05 4.061254e-06 1.268379e-05 4.841651e-05
5.654654e+00 -3.654654e+00 9.999985e-01 9.999974e-01 1.000000e+00 9.999971e-01 1.195228e+00 2 0 -1.715372e-05 -1.473652e-07 -5.140676e-07 -5.929543e-06 -3.667024e-07
5.654654e+00 -3.000000e+00 1.000003e+00 1.000005e+00 1.000000e+00 1.000005e+00 1.195230e+00 2 0 9.925262e-06 6.494901e-06 6.058377e-06 4.135720e-06 -4.365244e-07
5.654654e+00 -2.345346e+00 1.000006e+00 1.000006e+00 9.999992e-01 1.000007e+00 1.195231e+00 2 0 -2.623516e-05 1.550594e-05 1.268185e-05 -1.174229e-05 -2.824089e-06
5.654654e+00 -2.000000e+00 1.000021e+00 1.000025e+00 9.999925e-01 1.000033e+00 1.195232e+00 2 0 -7.865891e-06 1.230916e-04 4.155936e-05 -2.375066e-05 -8.153225e-05
5.000000e+00 -4.000000e+00 9.999958e-01 9.999930e-01 9.999966e-01 9.999923e-01 1.195224e+00 2 0 -3.795812e-05 4.707267e-05 2.357287e-06 -4.074640e-06 -4.471539e-05
5.000000e+00 -3.654654e+00 1.000002e+00 1.000003e+00 1.000000e+00 1.000004e+00 1.195229e+00 2 0 1.806171e-05 1.114751e-06 -1.009834e-07 4.995158e-06 -1.215734e-06
5.000000e+00 -3.000000e+00 9.999972e-01 9.999959e-01 9.999984e-01 9.999952e-01 1.195226e+00 2 0 -5.319576e-06 -4.433506e-06 -4.757217e-06 -4.885531e-06 -3.237114e-07
5.000000e+00 -2.345346e+00 9.999967e-01 9.999976e-01 9.999998e-01 9.999967e-01 1.195227e+00 2 0 4.682059e-05 -1.353658e-05 -2.879703e-05 9.992629e-06 -1.526045e-05
5.000000e+00 -2.000000e+00 9.999809e-01 9.999770e-01 1.000003e+00 9.999696e-01 1.195223e+00 2 0 5.877179e-05 -1.443023e-04 -8.157418e-05 -6.272902e-07 6.272807e-05
4.345346e+00 -4.000000e+00 1.000026e+00 1.000045e+00 1.000004e+00 1.000041e+00 1.195249e+00 2 0 -6.200664e-05 -2.662227e-04 -1.964334e-05 1.076770e-04 2.465794e-04
4.345346e+00 -3.654654e+00 9.999872e-01 9.999811e-01 1.000003e+00 9.999800e-01 1.195223e+00 2 0 1.902419e-05 -1.887993e-05 -1.065088e-05 -2.895215e-05 8.229051e-06
4.345346e+00 -3.000000e+00 1.000012e+00 1.000025e+00 1.000008e+00 1.000019e+00 1.195244e+00 2 0 -7.645214e-05 3.875306e-05 -2.313590e-05 6.037722e-05 -6.188896e-05
4.345346e+00 -2.345346e+00 9.999893e-01 1.000018e+00 1.000070e+00 9.999813e-01 1.195286e+00 2 0 -2.134140e-04 7.653181e-05 -2.228465e-04 1.114743e-04 -2.993783e-04
4.345346e+00 -2.000000e+00 1.000061e+00 1.000142e+00 1.000109e+00 1.000096e+00 1.195358e+00 2 0 -7.366930e-04 9.174393e-04 -2.544888e-04 1.779557e-04 -1.171928e-03
4.000000e+00 -4.000000e+00 9.999982e-01 1.000036e+00 1.000008e+00 9.999988e-01 1.195255e+00 2 0 1.594951e-04 -1.779197e-04 2.671799e-05 3.081308e-04 2.046377e-04
4.000000e+00 -3.654654e+00 9.999987e-01 9.999907e-01 1.000008e+00 9.999971e-01 1.195229e+00 2 0 -1.021064e-04 9.140933e-06 -1.505616e-05 -9.573045e-05 -2.419709e-05
4.000000e+00 -3.000000e+00 1.000014e+00 1.000051e+00 1.000017e+00 1.000021e+00 1.195265e+00 2 0 -3.754716e-05 8.628219e-05 -4.331513e-05 1.833878e-04 -1.295973e-04
4.000000e+00 -2.345346e+00 1.000035e+00 1.000163e+00 1.000182e+00 1.000043e+00 1.195430e+00 2 0 -6.533707e-04 5.075627e-04 -4.659922e-04 2.113342e-04 -9.735548e-04
4.000000e+00 -2.000000e+00 1.000248e+00 1.000532e+00 1.000219e+00 1.000358e+00 1.195612e+00 2 0 -1.394857e-03 2.154732e-03 -4.568653e-04 1.920297e-04 -2.611597e-03
VARIABLES = "X", "Y", "ro", "u", "v", "pre", "Ma", "PART", "IMEX", "Ux", "Uy", "Vx", "Vy", "Vort" 
ZONE I=5, J=5, DATAPACKING=POINT
6.000000e+00 -2.000000e+00 9.999994e-01 1.000002e+00 1.000015e+00 9.999905e-01 1.195244e+00 2 0 -1.600793e-04 -2.802136e-05 1.568415e-04 8.189521e-05 1.848628e-04
6.000000e+00 -1.654654e+00 9.999695e-01 1.000014e+00 1.000031e+00 9.999618e-01 1.195260e+00 2 0 -4.261344e-04 8.930137e-05 7.107875e-04 2.928195e-05 6.214861e-04
6.000000e+00 -1.000000e+00 9.999936e-01 1.000063e+00 1.000053e+00 9.999812e-01 1.195305e+00 2 0 -6.250463e-04 5.705580e-06 1.712967e-03 4.135633e-05 1.707262e-03
6.000000e+00 -3.453460e-01 1.000012e+00 1.000001e+00 1.000063e+00 9.999851e-01 1.195283e+00 2 0 -1.840330e-03 -1.667303e-04 2.389009e-03 -4.501383e-05 2.555739e-03
6.000000e+00 0.000000e+00 1.000015e+00 9.999496e-01 1.000024e+00 9.999864e-01 1.195230e+00 2 0 -2.049891e-03 -6.791045e-05 2.102481e-03 -1.651119e-04 2.170391e-03
5.654654e+00 -2.000000e+00 1.000019e+00 1.000027e+00 9.999931e-01 1.000035e+00 1.195231e+00 2 0 6.118321e-06 1.070170e-04 3.484176e-05 -6.401906e-05 -7.217527e-05
5.654654e+00 -1.654654e+00 1.000049e+00 1.000042e+00 9.999796e-01 1.000066e+00 1.195232e+00 2 0 8.794208e-05 1.626852e-05 -7.002150e-05 -1.939518e-05 -8.629002e-05
5.654654e+00 -1.000000e+00 1.000066e+00 1.000068e+00 9.999734e-01 1.000105e+00 1.195230e+00 2 0 2.371814e-04 8.246575e-05 -2.391719e-04 -6.429902e-06 -3.216377e-04
5.654654e+00 -3.453460e-01 1.000096e+00 1.000126e+00 9.999824e-01 1.000165e+00 1.195252e+00 2 0 3.738512e-04 4.036945e-05 -4.712274e-04 5.874731e-05 -5.115968e-04
5.654654e+00 0.000000e+00 1.000069e+00 1.000110e+00 1.000021e+00 1.000128e+00 1.195272e+00 2 0 3.241128e-04 -1.491525e-04 -5.943129e-04 1.791796e-04 -4.451604e-04
5.000000e+00 -2.000000e+00 9.999790e-01 9.999734e-01 1.000002e+00 9.999620e-01 1.195224e+00 2 0 4.640448e-05 -9.530068e-05 -7.389942e-05 9.831458e-05 2.140127e-05
5.000000e+00 -1.654654e+00 9.999497e-01 9.999625e-01 1.000027e+00 9.999325e-01 1.195232e+00 2 0 -1.443863e-05 -1.214877e-05 -2.421835e-05 5.118632e-05 -1.206958e-05
5.000000e+00 -1.000000e+00 9.999173e-01 9.999276e-01 1.000067e+00 9.998703e-01 1.195254e+00 2 0 -8.534321e-05 -1.054832e-04 -6.925560e-05 8.918056e-05 3.622761e-05
5.000000e+00 -3.453460e-01 9.998773e-01 9.998670e-01 1.000132e+00 9.997962e-01 1.195276e+00 2 0 -1.273367e-04 -1.118144e-05 -1.353489e-04 7.027491e-05 -1.241675e-04
5.000000e+00 0.000000e+00 9.999224e-01 9.999026e-01 1.000133e+00 9.998605e-01 1.195287e+00 2 0 -1.388562e-04 2.178542e-04 -1.289056e-04 -1.104136e-04 -3.467598e-04
4.345346e+00 -2.000000e+00 1.000064e+00 1.000171e+00 1.000120e+00 1.000112e+00 1.195374e+00 2 0 -8.242493e-04 3.492662e-04 -3.154683e-04 5.051284e-04 -6.647345e-04
4.345346e+00 -1.654654e+00 1.000077e+00 1.000243e+00 1.000306e+00 1.000102e+00 1.195542e+00 2 0 -9.439406e-04 2.701584e-04 -1.318205e-03 6.859310e-04 -1.588364e-03
4.345346e+00 -1.000000e+00 1.000128e+00 1.000534e+00 1.001036e+00 1.000214e+00 1.196115e+00 2 0 -2.077930e-03 5.346129e-04 -4.232238e-03 1.542897e-03 -4.766851e-03
4.345346e+00 -3.453460e-01 1.000167e+00 1.000709e+00 1.002198e+00 1.000306e+00 1.196883e+00 2 0 -2.724119e-03 -2.195857e-04 -9.028989e-03 1.838821e-03 -8.809403e-03
4.345346e+00 0.000000e+00 1.000051e+00 1.000490e+00 1.002789e+00 1.000134e+00 1.197140e+00 2 0 -1.830899e-03 -8.916627e-04 -1.138262e-02 1.624263e-03 -1.049096e-02
4.000000e+00 -2.000000e+00 1.000189e+00 1.000596e+00 1.000261e+00 1.000284e+00 1.195684e+00 2 0 -1.483706e-03 -1.304914e-04 -5.254315e-04 3.076486e-03 -3.949401e-04
4.000000e+00 -1.654654e+00 1.000023e+00 1.000682e+00 1.001112e+00 1.000029e+00 1.196298e+00 2 0 -1.445005e-03 8.354693e-04 -3.716699e-03 2.429319e-03 -4.552168e-03
4.000000e+00 -1.000000e+00 1.000121e+00 1.001569e+00 1.003467e+00 1.000160e+00 1.198215e+00 2 0 -4.090642e-03 1.476253e-03 -1.026705e-02 5.088909e-03 -1.174330e-02
4.000000e+00 -3.453460e-01 1.000343e+00 1.002032e+00 1.007425e+00 1.000347e+00 1.200882e+00 2 0 -5.951050e-03 -5.772291e-04 -2.263488e-02 6.180452e-03 -2.205765e-02
4.000000e+00 0.000000e+00 1.000288e+00 1.001432e+00 1.009248e+00 1.000087e+00 1.201741e+00 2 0 -5.574679e-03 -3.578240e-03 -2.704421e-02 3.961581e-03 -2.346597e-02
VARIABLES = "X", "Y", "ro", "u", "v", "pre", "Ma", "PART", "IMEX", "Ux", "Uy", "Vx", "Vy", "Vort" 
ZONE I=5, J=5, DATAPACKING=POINT
8.000000e+00 -8.000000e+00 1.000000e+00 1.000000e+00 1.000000e+00 1.000000e+00 1.195229e+00 2 0 2.989657e-06 -5.754837e-08 2.997294e-06 -4.658634e-07 3.054843e-06
8.000000e+00 -7.654654e+00 9.999999e-01 1.000000e+00 9.999999e-01 9.999999e-01 1.195229e+00 2 0 -1.218972e-06 1.465781e-07 -1.154903e-06 -4.407562e-07 -1.301481e-06
8.000000e+00 -7.000000e+00 1.000000e+00 1.000000e+00 1.000000e+00 1.000000e+00 1.195229e+00 2 0 1.057753e-06 -3.885935e-08 1.036292e-06 3.879358e-07 1.075152e-06
8.000000e+00 -6.345346e+00 9.999998e-01 1.000000e+00 9.999999e-01 9.999998e-01 1.195229e+00 2 0 -7.294246e-07 -1.981461e-07 -1.349452e-06 -5.645149e-07 -1.151306e-06
8.000000e+00 -6.000000e+00 1.000001e+00 9.999995e-01 1.000000e+00 1.000001e+00 1.195228e+00 2 0 -1.808246e-07 -8.024219e-06 1.794956e-06 6.413893e-06 9.819175e-06
7.654654e+00 -8.000000e+00 9.999998e-01 9.999999e-01 9.999999e-01 9.999998e-01 1.195228e+00 2 0 -6.042619e-07 5.081900e-07 1.332202e-07 -2.235027e-07 -3.749698e-07
7.654654e+00 -7.654654e+00 1.000000e+00 1.000000e+00 1.000000e+00 1.000000e+00 1.195229e+00 2 0 2.684315e-07 1.257379e-07 -8.481187e-08 2.699389e-07 -2.105497e-07
7.654654e+00 -7.000000e+00 9.999999e-01 1.000000e+00 1.000000e+00 9.999999e-01 1.195229e+00 2 0 -2.556790e-07 -1.272571e-07 8.142356e-08 -2.261746e-07 2.086807e-07
7.654654e+00 -6.345346e+00 1.000000e+00 1.000000e+00 1.000000e+00 1.000000e+00 1.195229e+00 2 0 3.553261e-07 1.872416e-07 -1.084111e-07 3.261258e-07 -2.956527e-07
7.654654e+00 -6.000000e+00 9.999997e-01 9.999999e-01 1.000000e+00 9.999996e-01 1.195229e+00 2 0 -1.072814e-06 -1.793702e-06 1.554704e-07 -2.858126e-06 1.949172e-06
7.000000e+00 -8.000000e+00 1.000000e+00 1.000000e+00 1.000000e+00 1.000000e+00 1.195229e+00 2 0 3.732669e-07 -4.260358e-07 -1.142757e-07 2.904324e-07 3.117601e-07
7.000000e+00 -7.654654e+00 9.999999e-01 1.000000e+00 1.000000e+00 9.999999e-01 1.195229e+00 2 0 -1.563283e-07 -9.816921e-08 5.966213e-08 -2.124780e-07 1.578313e-07
7.000000e+00 -7.000000e+00 1.000000e+00 1.000000e+00 1.000000e+00 1.000000e+00 1.195229e+00 2 0 1.472477e-07 9.653940e-08 -5.716499e-08 1.747576e-07 -1.537044e-07
7.000000e+00 -6.345346e+00 9.999999e-01 1.000000e+00 1.000000e+00 9.999999e-01 1.195229e+00 2 0 -1.909926e-07 -1.276949e-07 8.911990e-08 -2.501168e-07 2.168148e-07
7.000000e+00 -6.000000e+00 1.000000e+00 1.000000e+00 1.000000e+00 1.000000e+00 1.195229e+00 2 0 5.394399e-07 1.793018e-06 -4.815629e-08 2.193658e-06 -1.841174e-06
6.345346e+00 -8.000000e+00 9.999998e-01 9.999998e-01 9.999999e-01 9.999998e-01 1.195228e+00 2 0 -4.520164e-07 6.886651e-07 2.944728e-07 -4.208968e-07 -3.941923e-07
6.345346e+00 -7.654654e+00 1.000000e+00 1.000000e+00 1.000000e+00 1.000000e+00 1.195229e+00 2 0 1.442542e-07 2.006323e-07 -1.307055e-07 2.919751e-07 -3.313378e-07
6.345346e+00 -7.000000e+00 9.999999e-01 9.999999e-01 1.000000e+00 9.999999e-01 1.195229e+00 2 0 -1.356587e-07 -1.758636e-07 1.219934e-07 -2.426295e-07 2.978570e-07
6.345346e+00 -6.345346e+00 1.000000e+00 1.000000e+00 1.000000e+00 1.000000e+00 1.195229e+00 2 0 1.289484e-07 1.585515e-07 -2.236510e-07 3.497241e-07 -3.822025e-07
6.345346e+00 -6.000000e+00 9.999995e-01 9.999997e-01 1.000000e+00 9.999994e-01 1.195229e+00 2 0 -5.479117e-08 -5.062295e-06 4.468694e-08 -3.064802e-06 5.106982e-06
6.000000e+00 -8.000000e+00 1.000000e+00 1.000000e+00 9.999999e-01 1.000001e+00 1.195229e+00 2 0 -3.458106e-06 -1.904950e-06 -1.297778e-06 -1.316288e-07 6.071714e-07
6.000000e+00 -7.654654e+00 9.999999e-01 9.999998e-01 1.000000e+00 9.999998e-01 1.195229e+00 2 0 1.500137e-06 -4.456356e-07 4.427828e-07 2.680327e-07 8.884184e-07
6.000000e+00 -7.000000e+00 1.000000e+00 1.000000e+00 1.000000e+00 1.000000e+00 1.195229e+00 2 0 -1.429768e-06 4.143874e-07 -4.879543e-07 -2.414258e-07 -9.023417e-07
6.000000e+00 -6.345346e+00 9.999998e-01 9.999999e-01 1.000000e+00 9.999998e-01 1.195229e+00 2 0 1.581540e-06 -6.918739e-07 5.766855e-07 3.884531e-07 1.268559e-06
6.000000e+00 -6.000000e+00 1.000000e+00 1.000000e+00 1.000000e+00 1.000000e+00 1.195229e+00 2 0 -3.523427e-06 3.953299e-06 -4.536676e-07 -4.286777e-06 -4.406967e-06
VARIABLES = "X", "Y", "ro", "u", "v", "pre", "Ma", "PART", "IMEX", "Ux", "Uy", "Vx", "Vy", "Vort" 
ZONE I=5, J=5, DATAPACKING=POINT
8.000000e+00 -6.000000e+00 1.000001e+00 9.999988e-01 1.000001e+00 1.000001e+00 1.195228e+00 2 0 4.658522e-07 5.884786e-06 1.061476e-05 -4.251556e-07 4.729974e-06
8.000000e+00 -5.654654e+00 9.999994e-01 1.000001e+00 9.999997e-01 9.999994e-01 1.195229e+00 2 0 -8.701107e-08 1.222350e-06 -3.596123e-06 -1.714204e-06 -4.818474e-06
8.000000e+00 -5.000000e+00 1.000001e+00 9.999994e-01 1.000000e+00 1.000001e+00 1.195228e+00 2 0 -5.202751e-07 -8.181216e-07 3.030920e-06 1.510597e-06 3.849042e-06
8.000000e+00 -4.345346e+00 9.999992e-01 1.000001e+00 9.999997e-01 9.999992e-01 1.195229e+00 2 0 3.560359e-06 8.933974e-07 -4.903960e-06 -2.828595e-06 -5.797357e-06
8.000000e+00 -4.000000e+00 1.000002e+00 9.999976e-01 9.999993e-01 1.000003e+00 1.195227e+00 2 0 -7.101281e-06 -4.307155e-05 -3.895314e-06 1.098935e-05 3.917623e-05
7.654654e+00 -6.000000e+00 9.999993e-01 9.999998e-01 9.999996e-01 9.999993e-01 1.195228e+00 2 0 -2.608612e-06 9.933886e-07 2.320746e-07 -5.503938e-07 -7.613141e-07
7.654654e+00 -5.654654e+00 1.000000e+00 1.000000e+00 1.000000e+00 1.000000e+00 1.195229e+00 2 0 1.172449e-06 1.508067e-07 -6.704777e-08 9.519967e-07 -2.178545e-07
7.654654e+00 -5.000000e+00 9.999997e-01 9.999999e-01 9.999999e-01 9.999997e-01 1.195229e+00 2 0 -1.113148e-06 -2.023020e-07 7.658946e-08 -7.909716e-07 2.788915e-07
7.654654e+00 -4.345346e+00 1.000000e+00 1.000000e+00 1.000000e+00 1.000000e+00 1.195229e+00 2 0 1.454951e-06 2.475236e-07 1.309318e-08 1.318842e-06 -2.344304e-07
7.654654e+00 -4.000000e+00 9.999989e-01 1.000000e+00 1.000000e+00 9.999988e-01 1.195229e+00 2 0 -3.547937e-06 -2.957783e-07 -9.441818e-07 -7.351831e-06 -6.484034e-07
7.000000e+00 -6.000000e+00 1.000001e+00 1.000000e+00 1.000000e+00 1.000001e+00 1.195229e+00 2 0 1.315769e-06 -1.181246e-06 -3.842343e-07 5.289602e-07 7.970113e-07
7.000000e+00 -5.654654e+00 9.999997e-01 9.999999e-01 9.999999e-01 9.999996e-01 1.195229e+00 2 0 -5.864899e-07 -1.473102e-07 8.235598e-08 -7.630495e-07 2.296661e-07
7.000000e+00 -5.000000e+00 1.000000e+00 1.000000e+00 1.000000e+00 1.000000e+00 1.195229e+00 2 0 5.402761e-07 1.762591e-07 -9.145689e-08 6.201499e-07 -2.677160e-07
7.000000e+00 -4.345346e+00 9.999996e-01 9.999999e-01 9.999999e-01 9.999996e-01 1.195229e+00 2 0 -6.731888e-07 -1.978849e-07 6.997291e-08 -1.021028e-06 2.678578e-07
7.000000e+00 -4.000000e+00 1.000001e+00 1.000000e+00 9.999999e-01 1.000001e+00 1.195228e+00 2 0 1.584850e-06 2.157046e-06 8.251146e-07 6.354423e-06 -1.331932e-06
6.345346e+00 -6.000000e+00 9.999990e-01 9.999993e-01 9.999996e-01 9.999987e-01 1.195228e+00 2 0 -2.825094e-07 3.561129e-06 1.609774e-06 -6.653773e-07 -1.951355e-06
6.345346e+00 -5.654654e+00 1.000000e+00 1.000000e+00 1.000000e+00 1.000001e+00 1.195229e+00 2 0 6.106621e-08 5.684726e-07 -3.753270e-07 1.037855e-06 -9.437996e-07
6.345346e+00 -5.000000e+00 9.999995e-01 9.999997e-01 9.999999e-01 9.999994e-01 1.195228e+00 2 0 -5.187449e-09 -5.185217e-07 3.749719e-07 -8.542149e-07 8.934937e-07
6.345346e+00 -4.345346e+00 1.000001e+00 1.000000e+00 1.000000e+00 1.000001e+00 1.195229e+00 2 0 -1.929379e-07 5.597934e-07 -5.345248e-07 1.393931e-06 -1.094318e-06
6.345346e+00 -4.000000e+00 9.999983e-01 9.999991e-01 1.000000e+00 9.999978e-01 1.195228e+00 2 0 1.046378e-06 -1.514437e-05 -1.853132e-06 -8.531146e-06 1.329124e-05
6.000000e+00 -6.000000e+00 1.000001e+00 1.000000e+00 9.999994e-01 1.000001e+00 1.195228e+00 2 0 -8.664164e-06 -1.212841e-06 -3.356126e-06 -1.676372e-06 -2.143285e-06
6.000000e+00 -5.654654e+00 9.999996e-01 9.999999e-01 1.000000e+00 9.999996e-01 1.195229e+00 2 0 3.974930e-06 -3.445953e-07 1.324790e-06 1.743115e-06 1.669385e-06
6.000000e+00 -5.000000e+00 1.000000e+00 1.000000e+00 9.999999e-01 1.000000e+00 1.195229e+00 2 0 -3.495841e-06 5.529297e-07 -1.372414e-06 -1.430529e-06 -1.925343e-06
6.000000e+00 -4.345346e+00 9.999996e-01 1.000000e+00 1.000000e+00 9.999997e-01 1.195229e+00 2 0 3.507108e-06 -1.098829e-06 1.231057e-06 2.635839e-06 2.329886e-06
6.000000e+00 -4.000000e+00 1.000000e+00 9.999990e-01 1.000001e+00 9.999994e-01 1.195229e+00 2 0 -5.824207e-06 -1.176281e-05 -4.450495e-07 -7.651662e-06 1.131777e-05
VARIABLES = "X", "Y", "ro", "u", "v", "pre", "Ma", "PART", "IMEX", "Ux", "Uy", "Vx", "Vy", "Vort" 
ZONE I=5, J=5, DATAPACKING=POINT
8.000000e+00 -4.000000e+00 1.000004e+00 9.999943e-01 1.000001e+00 1.000004e+00 1.195226e+00 2 0 -2.316240e-05 2.826265e-05 2.198010e-05 9.142249e-06 -6.282549e-06
8.000000e+00 -3.654654e+00 9.999985e-01 1.000002e+00 9.999998e-01 9.999985e-01 1.195230e+00 2 0 1.063757e-05 4.709633e-06 -1.060066e-05 -5.287359e-06 -1.531029e-05
8.000000e+00 -3.000000e+00 1.000004e+00 9.999977e-01 9.999978e-01 1.000004e+00 1.195225e+00 2 0 8.415698e-06 -3.665597e-06 -3.969235e-05 -4.603053e-08 -3.602675e-05
8.000000e+00 -2.345346e+00 9.999975e-01 1.000007e+00 9.999999e-01 9.999972e-01 1.195233e+00 2 0 9.652314e-05 2.621702e-05 -2.933214e-05 8.946977e-06 -5.554916e-05
8.000000e+00 -2.000000e+00 9.999890e-01 1.000012e+00 1.000006e+00 9.999861e-01 1.195241e+00 2 0 1.318826e-04 -2.842361e-05 1.751360e-04 4.306479e-05 2.035596e-04
7.654654e+00 -4.000000e+00 9.999981e-01 1.000000e+00 9.999992e-01 9.999980e-01 1.195228e+00 2 0 -7.575730e-06 1.287292e-07 -1.498130e-06 -2.482533e-06 -1.626859e-06
7.654654e+00 -3.654654e+00 1.000001e+00 1.000000e+00 1.000000e+00 1.000001e+00 1.195229e+00 2 0 2.834211e-06 -3.094390e-07 1.200185e-06 2.636732e-06 1.509624e-06
7.654654e+00 -3.000000e+00 9.999983e-01 9.999995e-01 1.000001e+00 9.999978e-01 1.195229e+00 2 0 -5.701306e-06 -1.609519e-06 7.550263e-07 7.028110e-08 2.364546e-06
7.654654e+00 -2.345346e+00 9.999998e-01 9.999973e-01 1.000001e+00 9.999994e-01 1.195228e+00 2 0 -2.844304e-06 -5.407365e-06 3.128513e-06 -4.116259e-06 8.535878e-06
7.654654e+00 -2.000000e+00 1.000001e+00 9.999951e-01 9.999961e-01 1.000001e+00 1.195223e+00 2 0 -4.820035e-07 -6.096599e-06 -1.841342e-05 -3.752541e-05 -1.231682e-05
7.000000e+00 -4.000000e+00 1.000002e+00 1.000000e+00 1.000001e+00 1.000002e+00 1.195229e+00 2 0 3.299111e-06 -1.530080e-06 3.379774e-07 9.852935e-07 1.868057e-06
7.000000e+00 -3.654654e+00 9.999992e-01 1.000000e+00 9.999998e-01 9.999991e-01 1.195229e+00 2 0 -1.224626e-06 1.371569e-07 -7.278227e-07 -1.876842e-06 -8.649796e-07
7.000000e+00 -3.000000e+00 1.000002e+00 1.000001e+00 9.999994e-01 1.000002e+00 1.195228e+00 2 0 2.563533e-06 1.947517e-06 -5.934104e-07 -3.726898e-07 -2.540927e-06
7.000000e+00 -2.345346e+00 1.000001e+00 1.000003e+00 9.999993e-01 1.000001e+00 1.195230e+00 2 0 2.743688e-06 5.357616e-06 -1.094112e-06 3.348717e-06 -6.451728e-06
7.000000e+00 -2.000000e+00 1.000001e+00 1.000005e+00 1.000003e+00 1.000001e+00 1.195233e+00 2 0 7.015434e-07 9.353464e-06 1.602031e-05 3.242636e-05 6.666850e-06
6.345346e+00 -4.000000e+00 9.999966e-01 9.999981e-01 9.999990e-01 9.999956e-01 1.195227e+00 2 0 2.097772e-06 1.052293e-05 2.089652e-06 -1.023456e-06 -8.433281e-06
6.345346e+00 -3.654654e+00 1.000001e+00 1.000001e+00 1.000000e+00 1.000002e+00 1.195229e+00 2 0 -7.278914e-07 9.441409e-07 6.317840e-07 2.140490e-06 -3.123569e-07
6.345346e+00 -3.000000e+00 9.999974e-01 9.999982e-01 1.000001e+00 9.999965e-01 1.195228e+00 2 0 2.245971e-06 -4.499113e-06 -2.789065e-07 3.015231e-07 4.220206e-06
6.345346e+00 -2.345346e+00 9.999982e-01 9.999956e-01 1.000001e+00 9.999972e-01 1.195227e+00 2 0 3.794725e-06 -8.069493e-06 -3.082235e-06 -3.407896e-06 4.987258e-06
6.345346e+00 -2.000000e+00 9.999952e-01 9.999893e-01 9.999963e-01 9.999930e-01 1.195221e+00 2 0 2.305388e-05 -3.789180e-05 -2.942801e-05 -3.676102e-05 8.463783e-06
6.000000e+00 -4.000000e+00 1.000004e+00 9.999980e-01 9.999994e-01 1.000002e+00 1.195228e+00 2 0 -1.441161e-05 2.162544e-05 -4.462192e-06 -1.254094e-05 -2.608763e-05
6.000000e+00 -3.654654e+00 9.999986e-01 1.000001e+00 9.999995e-01 9.999994e-01 1.195228e+00 2 0 6.247945e-06 -4.097408e-06 2.411042e-06 3.380098e-06 6.508449e-06
6.000000e+00 -3.000000e+00 1.000001e+00 9.999984e-01 1.000000e+00 1.000000e+00 1.195228e+00 2 0 -7.935387e-06 3.630046e-06 -1.573687e-06 -2.995170e-06 -5.203734e-06
6.000000e+00 -2.345346e+00 9.999967e-01 1.000002e+00 1.000003e+00 9.999976e-01 1.195231e+00 2 0 -4.258929e-05 -3.412573e-06 -1.398587e-05 2.631669e-05 -1.057330e-05
6.000000e+00 -2.000000e+00 9.999902e-01 9.999951e-01 1.000023e+00 9.999826e-01 1.195244e+00 2 0 -9.454981e-05 -2.562645e-05 -8.675358e-05 1.193476e-04 -6.112714e-05
VARIABLES = "X", "Y", "ro", "u", "v", "pre", "Ma", "PART", "IMEX", "Ux", "Uy", "Vx", "Vy", "Vort" 
ZONE I=5, J=5, DATAPACKING=POINT
8.000000e+00 -2.000000e+00 9.999855e-01 1.000008e+00 1.000008e+00 9.999815e-01 1.195241e+00 2 0 1.003907e-04 3.207613e-05 2.552726e-04 1.686448e-04 2.231965e-04
8.000000e+00 -1.654654e+00 9.999391e-01 1.000061e+00 1.000058e+00 9.999185e-01 1.195312e+00 2 0 3.195515e-04 2.046834e-04 1.200290e-03 1.336046e-04 9.956068e-04
8.000000e+00 -1.000000e+00 9.998966e-01 1.000140e+00 1.000146e+00 9.998608e-01 1.195421e+00 2 0 7.858112e-04 -2.475648e-05 3.640008e-03 1.393617e-04 3.664765e-03
8.000000e+00 -3.453460e-01 1.000077e+00 1.000034e+00 1.000240e+00 1.000058e+00 1.195404e+00 2 0 6.016694e-04 -2.382317e-04 5.697508e-03 1.490644e-04 5.935740e-03
8.000000e+00 0.000000e+00 1.000175e+00 9.999648e-01 1.000295e+00 1.000164e+00 1.195390e+00 2 0 4.001098e-04 -1.573783e-04 6.380850e-03 1.987551e-04 6.538228e-03
7.654654e+00 -2.000000e+00 1.000001e+00 9.999953e-01 9.999938e-01 1.000001e+00 1.195222e+00 2 0 -5.890479e-06 -1.635330e-06 -2.655866e-05 -6.323007e-05 -2.492333e-05
7.654654e+00 -1.654654e+00 1.000016e+00 9.999875e-01 9.999729e-01 1.000020e+00 1.195202e+00 2 0 6.322257e-05 -3.465317e-05 -7.025483e-05 -6.919102e-05 -3.560167e-05
7.654654e+00 -1.000000e+00 1.000012e+00 9.999691e-01 9.999226e-01 1.000015e+00 1.195162e+00 2 0 1.435499e-04 -9.543543e-06 -2.597715e-04 -7.541824e-05 -2.502280e-04
7.654654e+00 -3.453460e-01 9.999527e-01 9.999788e-01 9.998854e-01 9.999547e-01 1.195146e+00 2 0 3.872952e-05 3.322683e-05 -3.352206e-04 -3.385486e-05 -3.684475e-04
7.654654e+00 0.000000e+00 9.999309e-01 9.999903e-01 9.998770e-01 9.999364e-01 1.195146e+00 2 0 -2.337262e-05 3.117142e-05 -2.806728e-04 -3.209576e-05 -3.118442e-04
7.000000e+00 -2.000000e+00 1.000001e+00 1.000005e+00 1.000005e+00 1.000002e+00 1.195234e+00 2 0 4.052486e-06 5.502479e-06 2.102492e-05 4.096329e-05 1.552244e-05
7.000000e+00 -1.654654e+00 9.999882e-01 1.000011e+00 1.000022e+00 9.999846e-01 1.195250e+00 2 0 -3.261402e-05 2.350712e-05 5.757134e-05 6.149830e-05 3.406422e-05
7.000000e+00 -1.000000e+00 9.999855e-01 1.000021e+00 1.000066e+00 9.999811e-01 1.195283e+00 2 0 -6.862315e-05 -3.061249e-06 1.978245e-04 6.119978e-05 2.008858e-04
7.000000e+00 -3.453460e-01 1.000028e+00 1.000005e+00 1.000089e+00 1.000025e+00 1.195287e+00 2 0 -3.860439e-05 -3.899151e-05 2.696650e-04 5.915268e-06 3.086565e-04
7.000000e+00 0.000000e+00 1.000043e+00 9.999920e-01 1.000087e+00 1.000038e+00 1.195279e+00 2 0 -2.173537e-05 -3.232397e-05 2.442057e-04 3.637004e-06 2.765296e-04
6.345346e+00 -2.000000e+00 9.999934e-01 9.999883e-01 9.999944e-01 9.999905e-01 1.195220e+00 2 0 1.910248e-05 -2.309726e-05 -3.467421e-05 -3.500219e-05 -1.157696e-05
6.345346e+00 -1.654654e+00 1.000004e+00 9.999782e-01 9.999792e-01 1.000004e+00 1.195203e+00 2 0 7.811896e-05 -3.690841e-05 -8.490967e-05 -6.020345e-05 -4.800126e-05
6.345346e+00 -1.000000e+00 9.999976e-01 9.999577e-01 9.999328e-01 9.999947e-01 1.195165e+00 2 0 1.204312e-04 -1.281413e-05 -2.367979e-04 -6.638475e-05 -2.239838e-04
6.345346e+00 -3.453460e-01 9.999540e-01 9.999730e-01 9.999079e-01 9.999489e-01 1.195161e+00 2 0 1.305804e-04 6.116363e-05 -3.241293e-04 -5.764748e-06 -3.852929e-04
6.345346e+00 0.000000e+00 9.999491e-01 9.999991e-01 9.999098e-01 9.999502e-01 1.195174e+00 2 0 1.042202e-04 7.178852e-05 -2.792133e-04 -1.041935e-05 -3.510018e-04
6.000000e+00 -2.000000e+00 9.999977e-01 9.999981e-01 1.000027e+00 9.999871e-01 1.195250e+00 2 0 -1.169959e-04 -1.038945e-04 -9.780750e-05 1.447968e-04 6.086952e-06
6.000000e+00 -1.654654e+00 9.999493e-01 9.999904e-01 1.000072e+00 9.999351e-01 1.195274e+00 2 0 -3.455047e-04 4.430505e-05 -2.591818e-04 1.431109e-04 -3.034869e-04
6.000000e+00 -1.000000e+00 9.999737e-01 1.000014e+00 1.000179e+00 9.999508e-01 1.195357e+00 2 0 -8.671522e-04 -3.366194e-05 -5.455995e-04 1.569251e-04 -5.119376e-04
6.000000e+00 -3.453460e-01 9.999998e-01 9.999285e-01 1.000226e+00 9.999354e-01 1.195360e+00 2 0 -2.648072e-04 -1.819015e-04 -6.421167e-04 -4.879569e-05 -4.602151e-04
6.000000e+00 0.000000e+00 1.000007e+00 9.998850e-01 1.000181e+00 9.999323e-01 1.195313e+00 2 0 3.242681e-04 3.231925e-05 -4.032036e-04 -1.514036e-04 -4.355228e-04
