VARIABLES = "X", "Y", "ro", "u", "v", "pre", "Ma", "PART", "IMEX", "Ux", "Uy", "Vx", "Vy", "Vort" 
ZONE I=5, J=5, DATAPACKING=POINT
-6.000000e+00 0.000000e+00 1.000322e+00 1.000139e+00 1.000754e+00 1.000282e+00 1.195787e+00 0 0 5.168430e-03 -6.835126e-04 1.815478e-02 1.497001e-03 1.883829e-02
-6.000000e+00 3.453460e-01 1.000493e+00 9.999824e-01 1.000960e+00 1.000501e+00 1.195787e+00 0 0 3.984954e-03 -2.887315e-04 2.124817e-02 -5.512907e-05 2.153690e-02
-6.000000e+00 1.000000e+00 1.000409e+00 9.998852e-01 1.000602e+00 1.000579e+00 1.195418e+00 0 0 2.803508e-03 -8.203146e-05 1.280977e-02 -7.125766e-04 1.289180e-02
-6.000000e+00 1.654654e+00 1.000128e+00 9.998327e-01 1.000221e+00 1.000263e+00 1.195180e+00 0 0 -4.216654e-05 -7.686063e-05 4.968713e-03 -4.540799e-04 5.045574e-03
-6.000000e+00 2.000000e+00 1.000123e+00 9.998123e-01 1.000063e+00 1.000222e+00 1.195095e+00 0 0 -9.619931e-04 -6.061881e-05 1.810229e-03 -3.916785e-04 1.870848e-03
-6.345346e+00 0.000000e+00 9.997928e-01 9.999204e-01 9.995269e-01 9.998307e-01 1.194876e+00 0 0 -2.388696e-04 1.008935e-04 -1.215693e-03 -5.469417e-04 -1.316586e-03
-6.345346e+00 3.453460e-01 9.997623e-01 9.999277e-01 9.994693e-01 9.997887e-01 1.194852e+00 0 0 -4.092722e-04 -1.977558e-05 -1.125759e-03 1.066294e-04 -1.105984e-03
-6.345346e+00 1.000000e+00 9.998545e-01 9.999278e-01 9.996660e-01 9.998158e-01 1.195009e+00 0 0 -5.389030e-04 5.408974e-05 -6.073429e-04 3.534221e-04 -6.614326e-04
-6.345346e+00 1.654654e+00 9.999771e-01 9.999964e-01 9.998517e-01 9.999371e-01 1.195162e+00 0 0 -2.983557e-04 1.209043e-04 -3.190056e-04 2.210734e-04 -4.399099e-04
-6.345346e+00 2.000000e+00 9.999774e-01 1.000025e+00 9.999303e-01 9.999455e-01 1.195221e+00 0 0 -2.057937e-04 3.013098e-05 -1.925687e-04 2.139218e-04 -2.226996e-04
-7.000000e+00 0.000000e+00 1.000145e+00 1.000014e+00 1.000354e+00 1.000111e+00 1.195468e+00 0 0 1.812388e-04 -5.832110e-05 7.948569e-04 2.978085e-04 8.531780e-04
-7.000000e+00 3.453460e-01 1.000164e+00 1.000019e+00 1.000367e+00 1.000138e+00 1.195476e+00 0 0 2.285069e-04 5.626751e-05 7.698193e-04 -1.318681e-04 7.135518e-04
-7.000000e+00 1.000000e+00 1.000098e+00 1.000046e+00 1.000217e+00 1.000120e+00 1.195373e+00 0 0 2.650695e-04 -8.794613e-06 3.962895e-04 -2.325675e-04 4.050841e-04
-7.000000e+00 1.654654e+00 1.000016e+00 1.000005e+00 1.000105e+00 1.000044e+00 1.195278e+00 0 0 1.348994e-04 -8.895986e-05 1.825015e-04 -1.294801e-04 2.714613e-04
-7.000000e+00 2.000000e+00 1.000017e+00 9.999825e-01 1.000054e+00 1.000041e+00 1.195236e+00 0 0 9.159530e-05 -2.514283e-05 9.288241e-05 -1.527289e-04 1.180252e-04
-7.654654e+00 0.000000e+00 9.998779e-01 1.000015e+00 9.996400e-01 9.999227e-01 1.194996e+00 0 0 -3.480972e-04 4.767778e-05 -9.266598e-04 -2.726768e-04 -9.743375e-04
-7.654654e+00 3.453460e-01 9.998496e-01 1.000002e+00 9.996341e-01 9.998846e-01 1.194990e+00 0 0 -3.416590e-04 -8.242812e-05 -9.507330e-04 1.494641e-04 -8.683049e-04
-7.654654e+00 1.000000e+00 9.999030e-01 9.999594e-01 9.997886e-01 9.998823e-01 1.195090e+00 0 0 -2.763596e-04 -9.731008e-06 -5.111232e-04 2.301940e-04 -5.013922e-04
-7.654654e+00 1.654654e+00 9.999837e-01 9.999948e-01 9.998967e-01 9.999547e-01 1.195181e+00 0 0 -1.210673e-04 8.906391e-05 -2.158246e-04 1.230421e-04 -3.048885e-04
-7.654654e+00 2.000000e+00 9.999816e-01 1.000018e+00 9.999464e-01 9.999570e-01 1.195222e+00 0 0 -9.073343e-05 2.595955e-05 -1.019810e-04 1.531247e-04 -1.279405e-04
-8.000000e+00 0.000000e+00 1.000273e+00 1.000071e+00 1.000856e+00 1.000160e+00 1.195850e+00 0 0 9.779275e-04 -1.105412e-04 -3.492910e-03 6.117126e-04 -3.382368e-03
-8.000000e+00 3.453460e-01 1.000327e+00 1.000072e+00 1.000865e+00 1.000236e+00 1.195843e+00 0 0 7.276405e-04 6.936334e-05 -3.536101e-03 -3.627344e-04 -3.605464e-03
-8.000000e+00 1.000000e+00 1.000186e+00 1.000098e+00 1.000496e+00 1.000218e+00 1.195565e+00 0 0 4.735601e-05 -4.578078e-05 -2.083328e-03 -5.456903e-04 -2.037547e-03
-8.000000e+00 1.654654e+00 1.000006e+00 1.000011e+00 1.000244e+00 1.000059e+00 1.195349e+00 0 0 2.856995e-04 -1.647521e-04 -1.087676e-03 -2.770502e-04 -9.229241e-04
-8.000000e+00 2.000000e+00 1.000018e+00 9.999752e-01 1.000134e+00 1.000066e+00 1.195265e+00 0 0 5.120341e-04 -5.425161e-06 -6.318785e-04 -3.326668e-04 -6.264534e-04
VARIABLES = "X", "Y", "ro", "u", "v", "pre", "Ma", "PART", "IMEX", "Ux", "Uy", "Vx", "Vy", "Vort" 
ZONE I=5, J=5, DATAPACKING=POINT
-6.000000e+00 2.000000e+00 1.000108e+00 9.998066e-01 1.000085e+00 1.000202e+00 1.195108e+00 0 0 -9.937470e-04 1.605956e-04 2.223276e-03 -4.041087e-05 2.062680e-03
-6.000000e+00 2.345346e+00 1.000053e+00 9.998769e-01 1.000033e+00 1.000098e+00 1.195148e+00 0 0 -8.701036e-04 2.027233e-04 7.959640e-04 -1.345686e-04 5.932406e-04
-6.000000e+00 3.000000e+00 1.000007e+00 9.999745e-01 9.999892e-01 1.000012e+00 1.195204e+00 0 0 -2.625256e-04 8.115884e-05 -2.529629e-04 -6.696154e-06 -3.341217e-04
-6.000000e+00 3.654654e+00 9.999947e-01 9.999935e-01 9.999930e-01 9.999929e-01 1.195222e+00 0 0 -1.333604e-04 3.797738e-06 -1.599864e-04 -2.395275e-06 -1.637842e-04
-6.000000e+00 4.000000e+00 9.999973e-01 1.000001e+00 9.999908e-01 9.999966e-01 1.195224e+00 0 0 -2.878629e-05 6.087143e-05 -2.133451e-04 8.767078e-06 -2.742165e-04
-6.345346e+00 2.000000e+00 9.999835e-01 1.000026e+00 9.999216e-01 9.999536e-01 1.195215e+00 0 0 -2.121156e-04 2.459079e-05 -2.077290e-04 1.027373e-04 -2.323198e-04
-6.345346e+00 2.345346e+00 9.999948e-01 1.000025e+00 9.999654e-01 9.999810e-01 1.195231e+00 0 0 -9.526140e-05 -2.227270e-05 -8.675443e-05 1.029221e-04 -6.448173e-05
-6.345346e+00 3.000000e+00 1.000001e+00 1.000007e+00 1.000001e+00 9.999998e-01 1.195234e+00 0 0 -4.580908e-06 -1.867227e-05 4.353986e-06 1.414729e-05 2.302625e-05
-6.345346e+00 3.654654e+00 1.000002e+00 1.000003e+00 1.000002e+00 1.000003e+00 1.195231e+00 0 0 7.671282e-06 -4.937382e-07 6.792356e-06 2.365626e-06 7.286094e-06
-6.345346e+00 4.000000e+00 1.000001e+00 1.000001e+00 1.000004e+00 1.000001e+00 1.195231e+00 0 0 6.341113e-06 -2.161663e-05 1.097771e-05 3.954248e-07 3.259434e-05
-7.000000e+00 2.000000e+00 1.000013e+00 9.999819e-01 1.000061e+00 1.000036e+00 1.195241e+00 0 0 9.497690e-05 -2.728980e-05 1.071182e-04 -7.566764e-05 1.344080e-04
-7.000000e+00 2.345346e+00 1.000004e+00 9.999810e-01 1.000028e+00 1.000015e+00 1.195228e+00 0 0 4.052512e-05 1.289296e-05 3.955406e-05 -7.888412e-05 2.666110e-05
-7.000000e+00 3.000000e+00 9.999990e-01 9.999934e-01 9.999998e-01 9.999994e-01 1.195224e+00 0 0 -6.037813e-07 1.521495e-05 -1.044920e-05 -1.247315e-05 -2.566415e-05
-7.000000e+00 3.654654e+00 9.999979e-01 9.999973e-01 9.999982e-01 9.999972e-01 1.195226e+00 0 0 -5.784689e-06 8.679528e-07 -6.887589e-06 -1.648698e-06 -7.755542e-06
-7.000000e+00 4.000000e+00 9.999991e-01 9.999992e-01 9.999970e-01 9.999989e-01 1.195226e+00 0 0 -3.740432e-06 1.638028e-05 -9.453608e-06 -1.465663e-06 -2.583388e-05
-7.654654e+00 2.000000e+00 9.999859e-01 1.000018e+00 9.999397e-01 9.999628e-01 1.195217e+00 0 0 -9.485766e-05 2.520951e-05 -1.196377e-04 7.006434e-05 -1.448472e-04
-7.654654e+00 2.345346e+00 9.999950e-01 1.000019e+00 9.999720e-01 9.999841e-01 1.195230e+00 0 0 -4.291181e-05 -1.349017e-05 -4.177609e-05 7.846039e-05 -2.828592e-05
-7.654654e+00 3.000000e+00 1.000001e+00 1.000006e+00 1.000000e+00 1.000000e+00 1.195233e+00 0 0 1.019442e-06 -1.456331e-05 1.459773e-05 1.289967e-05 2.916103e-05
-7.654654e+00 3.654654e+00 1.000002e+00 1.000003e+00 1.000002e+00 1.000003e+00 1.195231e+00 0 0 6.390066e-06 -9.682244e-07 8.233667e-06 1.546923e-06 9.201891e-06
-7.654654e+00 4.000000e+00 1.000001e+00 1.000001e+00 1.000003e+00 1.000001e+00 1.195231e+00 0 0 4.092230e-06 -1.692813e-05 1.129162e-05 1.315442e-06 2.821976e-05
-8.000000e+00 2.000000e+00 1.000009e+00 9.999751e-01 1.000149e+00 1.000054e+00 1.195276e+00 0 0 5.286499e-04 -5.724433e-05 -6.974569e-04 -1.814844e-04 -6.402125e-04
-8.000000e+00 2.345346e+00 9.999963e-01 9.999685e-01 1.000069e+00 1.000016e+00 1.195240e+00 0 0 4.007315e-04 9.743510e-06 -3.670988e-04 -1.944498e-04 -3.768423e-04
-8.000000e+00 3.000000e+00 9.999929e-01 9.999856e-01 9.999989e-01 9.999921e-01 1.195220e+00 0 0 1.106308e-04 2.526096e-05 -3.194871e-05 -3.152128e-05 -5.720967e-05
-8.000000e+00 3.654654e+00 9.999945e-01 9.999936e-01 9.999957e-01 9.999926e-01 1.195223e+00 0 0 2.999078e-05 4.447998e-06 9.228842e-06 -2.078015e-06 4.780844e-06
-8.000000e+00 4.000000e+00 9.999978e-01 9.999977e-01 9.999926e-01 9.999971e-01 1.195223e+00 0 0 3.221849e-06 2.962920e-05 2.156596e-05 -8.703852e-06 -8.063247e-06
VARIABLES = "X", "Y", "ro", "u", "v", "pre", "Ma", "PART", "IMEX", "Ux", "Uy", "Vx", "Vy", "Vort" 
ZONE I=5, J=5, DATAPACKING=POINT
-6.000000e+00 4.000000e+00 9.999947e-01 1.000003e+00 9.999928e-01 9.999929e-01 1.195227e+00 0 0 -8.244097e-06 1.271327e-05 -1.766486e-04 3.474002e-05 -1.893618e-04
-6.000000e+00 4.345346e+00 9.999979e-01 1.000002e+00 9.999978e-01 9.999969e-01 1.195229e+00 0 0 7.457560e-06 -5.523766e-06 -4.658085e-05 7.282660e-06 -4.105709e-05
-6.000000e+00 5.000000e+00 9.999999e-01 9.999996e-01 9.999997e-01 9.999999e-01 1.195228e+00 0 0 -7.994142e-06 3.314173e-07 -8.145225e-06 1.145930e-06 -8.476642e-06
-6.000000e+00 5.654654e+00 9.999997e-01 1.000001e+00 9.999999e-01 9.999995e-01 1.195229e+00 0 0 6.218020e-06 -1.690185e-07 -1.961393e-06 -3.659642e-07 -1.792375e-06
-6.000000e+00 6.000000e+00 1.000000e+00 9.999993e-01 1.000000e+00 1.000001e+00 1.195228e+00 0 0 -5.734967e-06 -8.588531e-06 4.151139e-06 4.633532e-06 1.273967e-05
-6.345346e+00 4.000000e+00 1.000002e+00 1.000000e+00 1.000003e+00 1.000002e+00 1.195230e+00 0 0 6.749262e-06 -6.206387e-06 1.021556e-05 -1.438460e-05 1.642194e-05
-6.345346e+00 4.345346e+00 1.000001e+00 9.999998e-01 1.000001e+00 1.000001e+00 1.195229e+00 0 0 2.618008e-06 5.506986e-07 2.391999e-06 -3.489681e-06 1.841301e-06
-6.345346e+00 5.000000e+00 1.000000e+00 1.000000e+00 1.000000e+00 1.000000e+00 1.195229e+00 0 0 2.945917e-07 -1.384825e-07 4.990327e-07 -3.190798e-07 6.375151e-07
-6.345346e+00 5.654654e+00 1.000000e+00 9.999999e-01 1.000000e+00 1.000000e+00 1.195229e+00 0 0 2.572984e-07 -6.799749e-08 6.604864e-08 -6.634813e-08 1.340461e-07
-6.345346e+00 6.000000e+00 9.999999e-01 1.000000e+00 9.999999e-01 9.999998e-01 1.195229e+00 0 0 -4.312607e-07 1.910407e-06 -3.053947e-07 -1.677298e-06 -2.215801e-06
-7.000000e+00 4.000000e+00 9.999985e-01 9.999996e-01 9.999974e-01 9.999980e-01 1.195227e+00 0 0 -3.745715e-06 5.475319e-06 -8.428128e-06 1.084283e-05 -1.390345e-05
-7.000000e+00 4.345346e+00 9.999994e-01 1.000000e+00 9.999992e-01 9.999991e-01 1.195228e+00 0 0 -1.403888e-06 -1.194558e-07 -2.022971e-06 2.792477e-06 -1.903515e-06
-7.000000e+00 5.000000e+00 9.999999e-01 9.999999e-01 9.999999e-01 9.999999e-01 1.195228e+00 0 0 -2.656802e-07 1.086614e-07 -3.946348e-07 2.351645e-07 -5.032962e-07
-7.000000e+00 5.654654e+00 9.999999e-01 1.000000e+00 1.000000e+00 9.999999e-01 1.195229e+00 0 0 -5.930202e-08 8.786198e-08 -5.555014e-08 9.271102e-08 -1.434121e-07
-7.000000e+00 6.000000e+00 1.000000e+00 9.999999e-01 1.000000e+00 1.000000e+00 1.195229e+00 0 0 1.491991e-07 -1.411326e-06 2.265986e-07 1.073362e-06 1.637925e-06
-7.654654e+00 4.000000e+00 1.000001e+00 1.000000e+00 1.000003e+00 1.000002e+00 1.195230e+00 0 0 4.157883e-06 -5.333306e-06 1.002793e-05 -1.110570e-05 1.536124e-05
-7.654654e+00 4.345346e+00 1.000001e+00 9.999999e-01 1.000001e+00 1.000001e+00 1.195229e+00 0 0 1.675423e-06 2.161999e-07 2.443089e-06 -2.861144e-06 2.226889e-06
-7.654654e+00 5.000000e+00 1.000000e+00 1.000000e+00 1.000000e+00 1.000000e+00 1.195229e+00 0 0 2.683317e-07 -1.500150e-07 4.138233e-07 -2.744693e-07 5.638383e-07
-7.654654e+00 5.654654e+00 1.000000e+00 9.999999e-01 1.000000e+00 1.000000e+00 1.195229e+00 0 0 9.373121e-08 -6.306694e-08 1.022160e-07 -7.880258e-08 1.652829e-07
-7.654654e+00 6.000000e+00 9.999999e-01 1.000000e+00 1.000000e+00 9.999998e-01 1.195229e+00 0 0 -1.770776e-07 1.534171e-06 -3.028370e-07 -1.052399e-06 -1.837008e-06
-8.000000e+00 4.000000e+00 9.999964e-01 9.999984e-01 9.999934e-01 9.999951e-01 1.195224e+00 0 0 -2.874912e-06 1.134626e-05 1.843277e-05 2.530078e-05 7.086505e-06
-8.000000e+00 4.345346e+00 9.999985e-01 9.999997e-01 9.999980e-01 9.999978e-01 1.195228e+00 0 0 -3.769043e-06 9.563659e-07 8.019986e-06 7.228540e-06 7.063620e-06
-8.000000e+00 5.000000e+00 9.999999e-01 9.999997e-01 9.999997e-01 9.999999e-01 1.195228e+00 0 0 1.479764e-06 4.138918e-07 8.916370e-07 5.064322e-07 4.777452e-07
-8.000000e+00 5.654654e+00 9.999998e-01 1.000000e+00 9.999999e-01 9.999997e-01 1.195229e+00 0 0 -1.705724e-06 1.413596e-07 6.431453e-07 2.655483e-07 5.017857e-07
-8.000000e+00 6.000000e+00 1.000000e+00 9.999999e-01 1.000000e+00 1.000000e+00 1.195229e+00 0 0 1.885963e-06 -1.791908e-06 -1.308544e-07 2.876778e-06 1.661054e-06
VARIABLES = "X", "Y", "ro", "u", "v", "pre", "Ma", "PART", "IMEX", "Ux", "Uy", "Vx", "Vy", "Vort" 
ZONE I=5, J=5, DATAPACKING=POINT
-6.000000e+00 6.000000e+00 1.000000e+00 9.999992e-01 1.000000e+00 1.000001e+00 1.195228e+00 0 0 -6.959812e-06 2.881955e-06 9.302469e-06 -1.458428e-06 6.420513e-06
-6.000000e+00 6.345346e+00 1.000000e+00 1.000000e+00 9.999999e-01 1.000000e+00 1.195229e+00 0 0 -6.191758e-07 1.211214e-06 -3.031686e-06 -4.249813e-07 -4.242900e-06
-6.000000e+00 7.000000e+00 1.000000e+00 1.000000e+00 1.000000e+00 1.000000e+00 1.195229e+00 0 0 4.521820e-07 -4.732644e-07 2.137594e-06 2.303684e-07 2.610858e-06
-6.000000e+00 7.654654e+00 1.000000e+00 1.000000e+00 9.999999e-01 1.000000e+00 1.195229e+00 0 0 -2.671149e-07 3.140067e-07 -2.287977e-06 -9.807630e-08 -2.601984e-06
-6.000000e+00 8.000000e+00 9.999998e-01 9.999999e-01 1.000000e+00 9.999997e-01 1.195229e+00 0 0 -3.919436e-07 -3.154403e-06 7.045513e-06 4.846184e-06 1.019992e-05
-6.345346e+00 6.000000e+00 9.999999e-01 1.000000e+00 9.999998e-01 9.999998e-01 1.195229e+00 0 0 -6.189987e-07 -4.587837e-07 -4.163895e-07 6.342023e-07 4.239427e-08
-6.345346e+00 6.345346e+00 1.000000e+00 1.000000e+00 1.000000e+00 1.000000e+00 1.195229e+00 0 0 1.509348e-07 -2.176286e-07 1.401718e-07 2.709143e-07 3.578004e-07
-6.345346e+00 7.000000e+00 1.000000e+00 1.000000e+00 1.000000e+00 1.000000e+00 1.195229e+00 0 0 -9.996874e-08 3.164900e-08 -6.298527e-08 -1.799482e-07 -9.463427e-08
-6.345346e+00 7.654654e+00 1.000000e+00 1.000000e+00 1.000000e+00 1.000000e+00 1.195229e+00 0 0 1.039382e-07 4.659594e-08 5.317121e-08 1.710763e-07 6.575279e-09
-6.345346e+00 8.000000e+00 1.000000e+00 1.000000e+00 9.999999e-01 1.000000e+00 1.195229e+00 0 0 -2.174588e-07 -2.103572e-07 2.632070e-08 -2.417610e-06 2.366779e-07
-7.000000e+00 6.000000e+00 1.000000e+00 9.999999e-01 1.000000e+00 1.000000e+00 1.195229e+00 0 0 2.056321e-07 2.340192e-07 3.307508e-07 -3.388618e-07 9.673157e-08
-7.000000e+00 6.345346e+00 1.000000e+00 1.000000e+00 1.000000e+00 1.000000e+00 1.195229e+00 0 0 -7.058730e-08 1.596302e-07 -1.119578e-07 -2.190806e-07 -2.715880e-07
-7.000000e+00 7.000000e+00 1.000000e+00 1.000000e+00 1.000000e+00 1.000000e+00 1.195229e+00 0 0 4.262646e-08 -1.618269e-08 5.584102e-08 1.470719e-07 7.202371e-08
-7.000000e+00 7.654654e+00 1.000000e+00 1.000000e+00 1.000000e+00 1.000000e+00 1.195229e+00 0 0 -4.286065e-08 -4.888032e-08 -4.899787e-08 -1.519398e-07 -1.175516e-10
-7.000000e+00 8.000000e+00 1.000000e+00 1.000000e+00 1.000000e+00 1.000000e+00 1.195229e+00 0 0 1.218102e-07 3.259303e-07 8.232107e-08 1.503856e-06 -2.436092e-07
-7.654654e+00 6.000000e+00 9.999999e-01 1.000000e+00 9.999999e-01 9.999999e-01 1.195229e+00 0 0 -2.490541e-07 -3.209234e-07 -4.603784e-07 3.049922e-07 -1.394550e-07
-7.654654e+00 6.345346e+00 1.000000e+00 1.000000e+00 1.000000e+00 1.000000e+00 1.195229e+00 0 0 6.901088e-08 -1.883480e-07 1.458977e-07 2.075008e-07 3.342457e-07
-7.654654e+00 7.000000e+00 1.000000e+00 1.000000e+00 1.000000e+00 1.000000e+00 1.195229e+00 0 0 -4.122887e-08 3.533080e-08 -8.278578e-08 -1.366074e-07 -1.181166e-07
-7.654654e+00 7.654654e+00 1.000000e+00 1.000000e+00 1.000000e+00 1.000000e+00 1.195229e+00 0 0 4.536358e-08 2.825091e-08 7.876624e-08 1.349138e-07 5.051533e-08
-7.654654e+00 8.000000e+00 9.999999e-01 1.000000e+00 9.999999e-01 1.000000e+00 1.195229e+00 0 0 -1.771999e-07 -4.496120e-09 -1.760617e-07 -1.368713e-06 -1.715656e-07
-8.000000e+00 6.000000e+00 1.000000e+00 9.999999e-01 1.000000e+00 1.000000e+00 1.195229e+00 0 0 1.933989e-06 2.609662e-07 -1.330244e-06 -8.896764e-07 -1.591211e-06
-8.000000e+00 6.345346e+00 9.999999e-01 9.999999e-01 9.999999e-01 9.999999e-01 1.195229e+00 0 0 1.768097e-07 1.580211e-07 1.195021e-07 -5.905326e-07 -3.851904e-08
-8.000000e+00 7.000000e+00 1.000000e+00 1.000000e+00 1.000000e+00 1.000000e+00 1.195229e+00 0 0 -2.301696e-07 4.933927e-08 -1.171038e-07 3.789201e-07 -1.664431e-07
-8.000000e+00 7.654654e+00 9.999999e-01 9.999999e-01 9.999999e-01 1.000000e+00 1.195229e+00 0 0 1.809110e-07 -1.521900e-07 1.815884e-07 -3.929978e-07 3.337784e-07
-8.000000e+00 8.000000e+00 1.000000e+00 1.000000e+00 1.000000e+00 1.000000e+00 1.195229e+00 0 0 4.475239e-07 1.908130e-06 -3.758736e-07 3.535591e-06 -2.284004e-06
VARIABLES = "X", "Y", "ro", "u", "v", "pre", "Ma", "PART", "IMEX", "Ux", "Uy", "Vx", "Vy", "Vort" 
ZONE I=5, J=5, DATAPACKING=POINT
-4.000000e+00 0.000000e+00 9.996194e-01 1.002102e+00 9.989802e-01 1.000111e+00 1.195583e+00 0 0 3.150219e-02 -3.707444e-03 6.423877e-03 4.050431e-03 1.013132e-02
-4.000000e+00 3.453460e-01 1.000638e+00 1.000765e+00 9.997205e-01 1.001246e+00 1.195156e+00 0 0 2.276936e-02 -3.676014e-03 2.203164e-02 7.623030e-04 2.570765e-02
-4.000000e+00 1.000000e+00 1.001211e+00 9.990835e-01 9.995524e-01 1.002129e+00 1.193866e+00 0 0 5.970177e-03 -1.232777e-03 8.472481e-03 -5.852175e-04 9.705258e-03
-4.000000e+00 1.654654e+00 1.000474e+00 9.990442e-01 9.993620e-01 1.000959e+00 1.193987e+00 0 0 -4.271247e-03 7.363065e-04 -4.531504e-03 3.135724e-06 -5.267811e-03
-4.000000e+00 2.000000e+00 1.000375e+00 9.992797e-01 9.993679e-01 1.000620e+00 1.194274e+00 0 0 -4.395321e-03 3.570718e-04 -7.467033e-03 2.334478e-04 -7.824104e-03
-4.345346e+00 0.000000e+00 9.995787e-01 9.994236e-01 9.991933e-01 9.995056e-01 1.194446e+00 0 0 -3.831850e-05 7.303691e-04 -4.530680e-03 -2.488858e-03 -5.261049e-03
-4.345346e+00 3.453460e-01 9.993970e-01 9.996462e-01 9.987817e-01 9.993091e-01 1.194342e+00 0 0 -1.272922e-03 5.699961e-04 -5.096911e-03 -1.849018e-04 -5.666907e-03
-4.345346e+00 1.000000e+00 9.995562e-01 9.999551e-01 9.992169e-01 9.993015e-01 1.194886e+00 0 0 -2.370314e-03 3.836442e-04 -3.076603e-03 1.024783e-03 -3.460247e-03
-4.345346e+00 1.654654e+00 9.999432e-01 1.000137e+00 9.997850e-01 9.997830e-01 1.195278e+00 0 0 -1.167324e-03 1.471466e-04 -1.248724e-03 6.550246e-04 -1.395871e-03
-4.345346e+00 2.000000e+00 9.999446e-01 1.000155e+00 9.999924e-01 9.998522e-01 1.195372e+00 0 0 -6.561449e-04 -3.062000e-05 -5.822112e-04 4.562517e-04 -5.515912e-04
-5.000000e+00 0.000000e+00 1.000394e+00 1.000375e+00 1.000780e+00 1.000408e+00 1.195911e+00 0 0 4.915284e-04 -5.480578e-04 1.807264e-03 1.676983e-03 2.355322e-03
-5.000000e+00 3.453460e-01 1.000521e+00 1.000231e+00 1.001014e+00 1.000550e+00 1.195956e+00 0 0 1.015128e-03 -3.219148e-04 2.122358e-03 -5.684474e-05 2.444273e-03
-5.000000e+00 1.000000e+00 1.000358e+00 1.000062e+00 1.000615e+00 1.000529e+00 1.195531e+00 0 0 1.328396e-03 -2.371578e-04 1.002888e-03 -7.927572e-04 1.240046e-03
-5.000000e+00 1.654654e+00 1.000051e+00 9.999192e-01 1.000203e+00 1.000172e+00 1.195229e+00 0 0 5.808037e-04 -1.629821e-04 2.510339e-04 -4.626030e-04 4.140159e-04
-5.000000e+00 2.000000e+00 1.000050e+00 9.998896e-01 1.000045e+00 1.000128e+00 1.195143e+00 0 0 3.372175e-04 -3.481785e-07 3.168483e-05 -3.971452e-04 3.203301e-05
-5.654654e+00 0.000000e+00 9.996754e-01 9.997014e-01 9.992130e-01 9.996903e-01 1.194571e+00 0 0 -8.486913e-04 5.545973e-04 -1.681106e-03 -1.560833e-03 -2.235704e-03
-5.654654e+00 3.453460e-01 9.995386e-01 9.998399e-01 9.990133e-01 9.995352e-01 1.194545e+00 0 0 -1.340212e-03 2.831311e-04 -2.148471e-03 1.289388e-04 -2.431603e-03
-5.654654e+00 1.000000e+00 9.996697e-01 9.999722e-01 9.994259e-01 9.995072e-01 1.194966e+00 0 0 -1.488310e-03 1.779963e-04 -9.916916e-04 7.672577e-04 -1.169688e-03
-5.654654e+00 1.654654e+00 9.999565e-01 1.000088e+00 9.998102e-01 9.998352e-01 1.195240e+00 0 0 -6.297172e-04 1.455927e-04 -1.521127e-04 4.239546e-04 -2.977053e-04
-5.654654e+00 2.000000e+00 9.999509e-01 1.000116e+00 9.999610e-01 9.998730e-01 1.195321e+00 0 0 -3.908474e-04 1.834917e-06 7.005405e-05 3.910716e-04 6.821914e-05
-6.000000e+00 0.000000e+00 1.000744e+00 1.000738e+00 1.002132e+00 1.000612e+00 1.197023e+00 0 0 -1.908193e-03 -9.104637e-04 -1.004176e-02 3.672195e-03 -9.131296e-03
-6.000000e+00 3.453460e-01 1.001007e+00 1.000525e+00 1.002601e+00 1.000908e+00 1.197156e+00 0 0 1.149271e-03 -3.975021e-04 -1.211520e-02 -3.401947e-04 -1.171770e-02
-6.000000e+00 1.000000e+00 1.000665e+00 1.000296e+00 1.001566e+00 1.000965e+00 1.196163e+00 0 0 3.008054e-03 -4.398269e-04 -7.992037e-03 -1.953217e-03 -7.552211e-03
-6.000000e+00 1.654654e+00 1.000015e+00 9.999463e-01 1.000559e+00 1.000259e+00 1.195385e+00 0 0 2.793577e-03 -4.958568e-04 -3.349564e-03 -1.139711e-03 -2.853707e-03
-6.000000e+00 2.000000e+00 1.000036e+00 9.998476e-01 1.000163e+00 1.000191e+00 1.195143e+00 0 0 2.784704e-03 -5.372347e-06 -1.216027e-03 -1.017675e-03 -1.210655e-03
VARIABLES = "X", "Y", "ro", "u", "v", "pre", "Ma", "PART", "IMEX", "Ux", "Uy", "Vx", "Vy", "Vort" 
ZONE I=5, J=5, DATAPACKING=POINT
-4.000000e+00 2.000000e+00 1.000333e+00 9.992697e-01 9.994257e-01 1.000555e+00 1.194317e+00 0 0 -4.415056e-03 1.111928e-03 -6.310525e-03 1.292933e-03 -7.422453e-03
-4.000000e+00 2.345346e+00 1.000142e+00 9.996065e-01 9.996697e-01 1.000226e+00 1.194745e+00 0 0 -2.561776e-03 7.925218e-04 -4.402584e-03 4.893608e-04 -5.195106e-03
-4.000000e+00 3.000000e+00 1.000021e+00 9.999301e-01 9.998819e-01 1.000031e+00 1.195111e+00 0 0 -5.169130e-04 2.411375e-04 -2.154715e-03 2.225521e-04 -2.395853e-03
-4.000000e+00 3.654654e+00 9.999777e-01 9.999964e-01 9.999645e-01 9.999682e-01 1.195211e+00 0 0 -2.361322e-04 2.504099e-05 -7.261392e-04 2.476063e-05 -7.511802e-04
-4.000000e+00 4.000000e+00 9.999879e-01 1.000009e+00 9.999658e-01 9.999847e-01 1.195216e+00 0 0 -7.414305e-06 8.860828e-05 -7.305353e-04 5.561971e-05 -8.191436e-04
-4.345346e+00 2.000000e+00 9.999682e-01 1.000160e+00 9.999643e-01 9.998862e-01 1.195352e+00 0 0 -6.669817e-04 -1.664296e-04 -6.428661e-04 -2.731080e-05 -4.764365e-04
-4.345346e+00 2.345346e+00 1.000000e+00 1.000094e+00 1.000006e+00 9.999692e-01 1.195307e+00 0 0 -2.972476e-04 -1.778212e-04 -2.368629e-04 1.042953e-04 -5.904165e-05
-4.345346e+00 3.000000e+00 1.000003e+00 1.000016e+00 1.000028e+00 1.000002e+00 1.195255e+00 0 0 -3.349967e-05 -5.486113e-05 3.569029e-05 -2.528536e-05 9.055143e-05
-4.345346e+00 3.654654e+00 1.000008e+00 1.000007e+00 1.000012e+00 1.000011e+00 1.195238e+00 0 0 3.181055e-05 3.171228e-07 2.860609e-05 -1.090005e-06 2.828897e-05
-4.345346e+00 4.000000e+00 1.000002e+00 9.999991e-01 1.000014e+00 1.000002e+00 1.195236e+00 0 0 1.939646e-05 -6.636027e-05 3.706391e-05 -1.713408e-05 1.034242e-04
-5.000000e+00 2.000000e+00 1.000033e+00 9.998866e-01 1.000067e+00 1.000103e+00 1.195159e+00 0 0 3.480572e-04 6.543134e-05 7.776617e-05 -4.494817e-05 1.233483e-05
-5.000000e+00 2.345346e+00 1.000004e+00 9.999229e-01 1.000015e+00 1.000032e+00 1.195175e+00 0 0 1.513301e-04 1.167650e-04 -2.526569e-05 -1.256827e-04 -1.420307e-04
-5.000000e+00 3.000000e+00 9.999959e-01 9.999831e-01 9.999809e-01 9.999963e-01 1.195207e+00 0 0 8.743946e-06 5.157832e-05 -6.880691e-05 7.704685e-06 -1.203852e-04
-5.000000e+00 3.654654e+00 9.999926e-01 9.999938e-01 9.999905e-01 9.999899e-01 1.195221e+00 0 0 -1.892071e-05 4.971105e-07 -3.033463e-05 2.576979e-07 -3.083174e-05
-5.000000e+00 4.000000e+00 9.999974e-01 9.999997e-01 9.999885e-01 9.999969e-01 1.195222e+00 0 0 -1.206464e-05 5.279740e-05 -3.316514e-05 9.173319e-06 -8.596254e-05
-5.654654e+00 2.000000e+00 9.999686e-01 1.000119e+00 9.999376e-01 9.998979e-01 1.195304e+00 0 0 -4.036483e-04 -6.935327e-05 1.753602e-05 2.617918e-05 8.688928e-05
-5.654654e+00 2.345346e+00 9.999985e-01 1.000081e+00 9.999868e-01 9.999710e-01 1.195286e+00 0 0 -1.944699e-04 -1.198229e-04 8.422618e-05 1.227923e-04 2.040491e-04
-5.654654e+00 3.000000e+00 1.000005e+00 1.000019e+00 1.000021e+00 1.000005e+00 1.195252e+00 0 0 -1.848762e-05 -5.422549e-05 8.843112e-05 -8.750247e-06 1.426566e-04
-5.654654e+00 3.654654e+00 1.000008e+00 1.000007e+00 1.000010e+00 1.000011e+00 1.195237e+00 0 0 1.903346e-05 -2.145799e-06 3.545278e-05 -1.016109e-06 3.759858e-05
-5.654654e+00 4.000000e+00 1.000003e+00 1.000001e+00 1.000012e+00 1.000004e+00 1.195236e+00 0 0 1.237434e-05 -5.364603e-05 3.813126e-05 -8.895136e-06 9.177729e-05
-6.000000e+00 2.000000e+00 9.999928e-01 9.998429e-01 1.000217e+00 1.000130e+00 1.195182e+00 0 0 2.869756e-03 3.866884e-06 -1.469599e-03 -2.162327e-04 -1.473466e-03
-6.000000e+00 2.345346e+00 9.999585e-01 9.998786e-01 1.000064e+00 1.000008e+00 1.195165e+00 0 0 1.784718e-03 1.510307e-04 -6.515383e-04 -3.633399e-04 -8.025690e-04
-6.000000e+00 3.000000e+00 9.999813e-01 9.999675e-01 9.999587e-01 9.999793e-01 1.195186e+00 0 0 3.569614e-04 8.185995e-05 5.748560e-05 3.838285e-06 -2.437435e-05
-6.000000e+00 3.654654e+00 9.999816e-01 9.999838e-01 9.999777e-01 9.999749e-01 1.195210e+00 0 0 7.018123e-05 2.391349e-06 6.457609e-05 -1.467382e-06 6.218474e-05
-6.000000e+00 4.000000e+00 9.999949e-01 9.999973e-01 9.999719e-01 9.999940e-01 1.195211e+00 0 0 -2.044295e-05 1.128103e-04 9.657833e-05 1.685094e-05 -1.623201e-05
VARIABLES = "X", "Y", "ro", "u", "v", "pre", "Ma", "PART", "IMEX", "Ux", "Uy", "Vx", "Vy", "Vort" 
ZONE I=5, J=5, DATAPACKING=POINT
-4.000000e+00 4.000000e+00 9.999782e-01 1.000014e+00 9.999739e-01 9.999712e-01 1.195225e+00 0 0 4.460969e-05 6.849076e-06 -5.721418e-04 1.466664e-04 -5.789909e-04
-4.000000e+00 4.345346e+00 9.999954e-01 1.000006e+00 9.999944e-01 9.999931e-01 1.195230e+00 0 0 5.347996e-05 -2.206716e-05 -1.127494e-04 2.620722e-05 -9.068228e-05
-4.000000e+00 5.000000e+00 9.999994e-01 9.999992e-01 9.999990e-01 9.999994e-01 1.195228e+00 0 0 -2.121539e-05 1.524621e-06 -2.591766e-05 1.329580e-06 -2.744228e-05
-4.000000e+00 5.654654e+00 9.999993e-01 1.000002e+00 9.999998e-01 9.999988e-01 1.195230e+00 0 0 2.152982e-05 -1.889287e-06 -5.140129e-07 8.255412e-08 1.375274e-06
-4.000000e+00 6.000000e+00 1.000002e+00 9.999979e-01 1.000001e+00 1.000002e+00 1.195227e+00 0 0 -1.931164e-05 -2.545847e-05 1.420784e-05 1.128224e-05 3.966632e-05
-4.345346e+00 4.000000e+00 1.000005e+00 9.999973e-01 1.000010e+00 1.000007e+00 1.195232e+00 0 0 1.917794e-05 -1.272837e-05 3.172362e-05 -5.630925e-05 4.445199e-05
-4.345346e+00 4.345346e+00 1.000002e+00 9.999981e-01 1.000003e+00 1.000002e+00 1.195229e+00 0 0 4.426800e-06 5.883186e-06 7.068279e-06 -1.039143e-05 1.185093e-06
-4.345346e+00 5.000000e+00 1.000000e+00 1.000001e+00 1.000000e+00 1.000000e+00 1.195229e+00 0 0 1.584596e-06 -3.119464e-07 1.820154e-06 -1.090768e-06 2.132101e-06
-4.345346e+00 5.654654e+00 1.000000e+00 9.999994e-01 1.000000e+00 1.000000e+00 1.195228e+00 0 0 1.550605e-07 -1.432035e-07 -8.182384e-08 1.618328e-07 6.137966e-08
-4.345346e+00 6.000000e+00 9.999996e-01 1.000001e+00 9.999998e-01 9.999994e-01 1.195229e+00 0 0 -1.007896e-06 9.499109e-06 -9.048338e-07 -5.554688e-06 -1.040394e-05
-5.000000e+00 4.000000e+00 9.999948e-01 1.000001e+00 9.999907e-01 9.999931e-01 1.195225e+00 0 0 -1.195824e-05 1.303612e-05 -2.811245e-05 4.539444e-05 -4.114857e-05
-5.000000e+00 4.345346e+00 9.999984e-01 1.000001e+00 9.999976e-01 9.999975e-01 1.195228e+00 0 0 -2.796489e-06 -3.355624e-06 -5.556153e-06 9.603762e-06 -2.200529e-06
-5.000000e+00 5.000000e+00 9.999998e-01 9.999996e-01 9.999996e-01 9.999998e-01 1.195228e+00 0 0 -9.594871e-07 2.315416e-07 -1.497081e-06 7.242676e-07 -1.728623e-06
-5.000000e+00 5.654654e+00 9.999998e-01 1.000000e+00 9.999999e-01 9.999996e-01 1.195229e+00 0 0 1.244634e-08 1.358586e-07 7.579409e-08 1.825387e-07 -6.006453e-08
-5.000000e+00 6.000000e+00 1.000000e+00 9.999995e-01 1.000000e+00 1.000001e+00 1.195228e+00 0 0 4.803051e-07 -6.631403e-06 7.640863e-07 4.103110e-06 7.395490e-06
-5.654654e+00 4.000000e+00 1.000006e+00 9.999991e-01 1.000010e+00 1.000008e+00 1.195233e+00 0 0 1.258575e-05 -1.397652e-05 3.173883e-05 -4.778900e-05 4.571534e-05
-5.654654e+00 4.345346e+00 1.000002e+00 9.999989e-01 1.000003e+00 1.000003e+00 1.195229e+00 0 0 3.316087e-06 3.078785e-06 5.866768e-06 -1.029761e-05 2.787983e-06
-5.654654e+00 5.000000e+00 1.000000e+00 1.000000e+00 1.000000e+00 1.000000e+00 1.195229e+00 0 0 1.016429e-06 -2.902307e-07 1.650923e-06 -7.878290e-07 1.941154e-06
-5.654654e+00 5.654654e+00 1.000000e+00 9.999995e-01 1.000000e+00 1.000000e+00 1.195228e+00 0 0 4.702058e-08 -1.597173e-07 -1.239486e-07 -2.275656e-07 3.576870e-08
-5.654654e+00 6.000000e+00 9.999996e-01 1.000000e+00 9.999998e-01 9.999994e-01 1.195229e+00 0 0 -5.361755e-07 6.946409e-06 -9.115604e-07 -3.947140e-06 -7.857970e-06
-6.000000e+00 4.000000e+00 9.999891e-01 1.000000e+00 9.999770e-01 9.999858e-01 1.195217e+00 0 0 -4.430166e-05 3.019928e-05 7.618587e-05 1.099984e-04 4.598660e-05
-6.000000e+00 4.345346e+00 9.999969e-01 1.000001e+00 9.999941e-01 9.999951e-01 1.195227e+00 0 0 -2.524449e-05 -4.015806e-06 2.734816e-05 2.389497e-05 3.136397e-05
-6.000000e+00 5.000000e+00 9.999994e-01 9.999990e-01 9.999989e-01 9.999995e-01 1.195227e+00 0 0 5.096443e-06 7.950888e-07 3.031369e-06 1.492634e-06 2.236280e-06
-6.000000e+00 5.654654e+00 9.999998e-01 1.000001e+00 9.999998e-01 9.999994e-01 1.195229e+00 0 0 -7.767781e-06 4.750825e-07 2.051369e-06 8.382143e-07 1.576287e-06
-6.000000e+00 6.000000e+00 1.000001e+00 9.999992e-01 1.000001e+00 1.000001e+00 1.195228e+00 0 0 8.949796e-06 -1.262581e-05 -9.769714e-07 8.775218e-06 1.164884e-05
VARIABLES = "X", "Y", "ro", "u", "v", "pre", "Ma", "PART", "IMEX", "Ux", "Uy", "Vx", "Vy", "Vort" 
ZONE I=5, J=5, DATAPACKING=POINT
-4.000000e+00 6.000000e+00 1.000001e+00 9.999972e-01 1.000001e+00 1.000002e+00 1.195227e+00 0 0 -2.817998e-05 1.083959e-05 2.697814e-05 -7.367600e-06 1.613855e-05
-4.000000e+00 6.345346e+00 1.000000e+00 1.000000e+00 9.999996e-01 9.999998e-01 1.195229e+00 0 0 7.429662e-08 3.831629e-06 -1.203941e-05 -4.546404e-07 -1.587104e-05
-4.000000e+00 7.000000e+00 9.999998e-01 9.999999e-01 1.000000e+00 9.999999e-01 1.195229e+00 0 0 -5.623582e-07 -1.799226e-06 8.424164e-06 7.345155e-08 1.022339e-05
-4.000000e+00 7.654654e+00 1.000000e+00 1.000000e+00 9.999997e-01 1.000000e+00 1.195228e+00 0 0 6.394928e-07 1.982330e-06 -8.832911e-06 5.535339e-07 -1.081524e-05
-4.000000e+00 8.000000e+00 9.999983e-01 1.000000e+00 1.000001e+00 9.999982e-01 1.195230e+00 0 0 1.417947e-06 -1.205570e-06 2.948945e-05 6.762020e-06 3.069502e-05
-4.345346e+00 6.000000e+00 9.999998e-01 1.000001e+00 9.999994e-01 9.999995e-01 1.195229e+00 0 0 -1.153097e-06 -3.033776e-06 -1.523537e-06 3.491116e-06 1.510239e-06
-4.345346e+00 6.345346e+00 1.000000e+00 1.000000e+00 1.000000e+00 1.000000e+00 1.195229e+00 0 0 3.956775e-07 -1.192231e-06 8.053449e-07 3.341235e-07 1.997576e-06
-4.345346e+00 7.000000e+00 1.000000e+00 1.000000e+00 9.999998e-01 1.000000e+00 1.195229e+00 0 0 -1.557839e-07 4.737615e-07 -5.426895e-07 -2.227084e-07 -1.016451e-06
-4.345346e+00 7.654654e+00 9.999999e-01 1.000000e+00 1.000000e+00 9.999999e-01 1.195229e+00 0 0 3.080059e-08 -3.996541e-07 5.786560e-07 3.085858e-08 9.783102e-07
-4.345346e+00 8.000000e+00 1.000000e+00 1.000000e+00 9.999993e-01 1.000001e+00 1.195228e+00 0 0 6.314511e-07 3.208847e-06 -1.301197e-06 -7.276947e-06 -4.510044e-06
-5.000000e+00 6.000000e+00 1.000000e+00 9.999994e-01 1.000001e+00 1.000000e+00 1.195228e+00 0 0 4.947638e-07 1.854418e-06 1.108332e-06 -2.359656e-06 -7.460852e-07
-5.000000e+00 6.345346e+00 1.000000e+00 1.000000e+00 9.999998e-01 1.000000e+00 1.195228e+00 0 0 -2.437076e-07 8.180972e-07 -5.626098e-07 -4.533203e-07 -1.380707e-06
-5.000000e+00 7.000000e+00 1.000000e+00 1.000000e+00 1.000000e+00 1.000000e+00 1.195229e+00 0 0 1.045000e-07 -2.595278e-07 3.441762e-07 2.950800e-07 6.037040e-07
-5.000000e+00 7.654654e+00 1.000000e+00 1.000000e+00 9.999999e-01 1.000000e+00 1.195229e+00 0 0 -6.108228e-08 1.452148e-07 -3.489587e-07 -1.940915e-07 -4.941735e-07
-5.000000e+00 8.000000e+00 9.999999e-01 1.000000e+00 1.000000e+00 9.999998e-01 1.195229e+00 0 0 -6.674744e-08 -5.278390e-07 8.547260e-07 5.528513e-06 1.382565e-06
-5.654654e+00 6.000000e+00 9.999997e-01 1.000001e+00 9.999995e-01 9.999995e-01 1.195229e+00 0 0 -4.728786e-07 -1.926349e-06 -1.258167e-06 2.337365e-06 6.681819e-07
-5.654654e+00 6.345346e+00 1.000000e+00 1.000000e+00 1.000000e+00 1.000000e+00 1.195229e+00 0 0 1.873613e-07 -8.687522e-07 6.780103e-07 4.308490e-07 1.546763e-06
-5.654654e+00 7.000000e+00 1.000000e+00 1.000000e+00 9.999999e-01 1.000000e+00 1.195229e+00 0 0 -4.200679e-08 2.922865e-07 -4.229364e-07 -2.744815e-07 -7.152229e-07
-5.654654e+00 7.654654e+00 1.000000e+00 1.000000e+00 1.000000e+00 1.000000e+00 1.195229e+00 0 0 -6.193724e-09 -1.881598e-07 4.250799e-07 1.603072e-07 6.132397e-07
-5.654654e+00 8.000000e+00 1.000000e+00 1.000000e+00 9.999996e-01 1.000000e+00 1.195228e+00 0 0 8.678644e-08 9.539493e-07 -1.164847e-06 -4.934007e-06 -2.118796e-06
-6.000000e+00 6.000000e+00 1.000000e+00 9.999989e-01 1.000001e+00 1.000001e+00 1.195228e+00 0 0 1.084255e-05 3.523377e-06 -5.012561e-06 -5.981310e-06 -8.535938e-06
-6.000000e+00 6.345346e+00 9.999999e-01 1.000000e+00 9.999996e-01 9.999999e-01 1.195228e+00 0 0 -2.868009e-07 1.455971e-06 9.424752e-07 -9.781638e-07 -5.134956e-07
-6.000000e+00 7.000000e+00 1.000000e+00 1.000000e+00 1.000000e+00 1.000000e+00 1.195229e+00 0 0 -5.546756e-08 -4.234258e-07 -8.782768e-07 6.428152e-07 -4.548509e-07
-6.000000e+00 7.654654e+00 1.000000e+00 1.000000e+00 9.999997e-01 1.000000e+00 1.195228e+00 0 0 -2.632962e-08 2.267848e-07 1.040690e-06 -3.757857e-07 8.139056e-07
-6.000000e+00 8.000000e+00 9.999996e-01 9.999999e-01 1.000001e+00 9.999992e-01 1.195229e+00 0 0 8.424660e-07 -1.324667e-06 -4.218564e-06 1.196957e-05 -2.893897e-06
VARIABLES = "X", "Y", "ro", "u", "v", "pre", "Ma", "PART", "IMEX", "Ux", "Uy", "Vx", "Vy", "Vort" 
ZONE I=5, J=5, DATAPACKING=POINT
-2.000000e+00 0.000000e+00 9.978646e-01 1.032203e+00 8.667147e-01 1.001426e+00 1.137094e+00 0 0 1.813602e-01 -4.573609e-02 -3.740262e-01 -6.376898e-02 -3.282901e-01
-2.000000e+00 3.453460e-01 9.991290e-01 1.012758e+00 8.528403e-01 1.001827e+00 1.117489e+00 0 0 1.188194e-01 -6.231752e-02 -3.632902e-01 -1.620714e-02 -3.009727e-01
-2.000000e+00 1.000000e+00 9.993567e-01 9.766670e-01 8.691343e-01 1.000569e+00 1.104278e+00 0 0 -3.184001e-02 -3.925019e-02 -3.446626e-01 6.086898e-02 -3.054124e-01
-2.000000e+00 1.654654e+00 9.998012e-01 9.665755e-01 9.218965e-01 1.000071e+00 1.128741e+00 0 0 -9.417285e-02 7.565141e-03 -2.239346e-01 8.925904e-02 -2.314997e-01
-2.000000e+00 2.000000e+00 1.000032e+00 9.720901e-01 9.506275e-01 9.998684e-01 1.149209e+00 0 0 -7.289850e-02 2.132119e-02 -1.444726e-01 7.268267e-02 -1.657937e-01
-2.345346e+00 0.000000e+00 1.000661e+00 1.007274e+00 9.455880e-01 9.990115e-01 1.168604e+00 0 0 2.480413e-02 -1.110205e-02 -1.440287e-01 -4.069096e-02 -1.329266e-01
-2.345346e+00 3.453460e-01 9.992011e-01 1.001852e+00 9.369933e-01 9.975851e-01 1.160269e+00 0 0 4.642976e-03 -1.862110e-02 -1.645064e-01 -1.017972e-02 -1.458853e-01
-2.345346e+00 1.000000e+00 9.983587e-01 9.905720e-01 9.444099e-01 9.968211e-01 1.157594e+00 0 0 -2.941498e-02 -1.256603e-02 -1.433815e-01 2.840404e-02 -1.308154e-01
-2.345346e+00 1.654654e+00 9.995078e-01 9.873933e-01 9.678596e-01 9.989388e-01 1.168878e+00 0 0 -3.674729e-02 2.581457e-03 -8.316553e-02 3.798251e-02 -8.574698e-02
-2.345346e+00 2.000000e+00 9.997320e-01 9.891754e-01 9.798013e-01 9.995674e-01 1.176799e+00 0 0 -3.104209e-02 6.495242e-03 -5.162288e-02 2.894738e-02 -5.811812e-02
-3.000000e+00 0.000000e+00 1.000187e+00 1.003771e+00 9.904463e-01 1.001141e+00 1.191231e+00 0 0 7.277374e-03 -4.705980e-03 -2.691801e-02 -8.359283e-04 -2.221203e-02
-3.000000e+00 3.453460e-01 1.000987e+00 1.001840e+00 9.901092e-01 1.001879e+00 1.189908e+00 0 0 6.061128e-03 -5.959703e-03 -2.915949e-02 -6.657627e-04 -2.319979e-02
-3.000000e+00 1.000000e+00 1.001097e+00 9.985655e-01 9.909057e-01 1.002042e+00 1.188385e+00 0 0 -1.189231e-03 -3.339277e-03 -2.793726e-02 3.432014e-03 -2.459798e-02
-3.000000e+00 1.654654e+00 1.000328e+00 9.977677e-01 9.942405e-01 1.000782e+00 1.190185e+00 0 0 -5.430397e-03 6.659432e-04 -1.724251e-02 5.917910e-03 -1.790845e-02
-3.000000e+00 2.000000e+00 1.000273e+00 9.981791e-01 9.960951e-01 1.000478e+00 1.191686e+00 0 0 -4.666804e-03 1.438050e-03 -1.136385e-02 4.647704e-03 -1.280190e-02
-3.654654e+00 0.000000e+00 9.999017e-01 9.977408e-01 9.999201e-01 9.990025e-01 1.194369e+00 0 0 -1.799475e-03 2.276857e-03 -3.964424e-03 -5.158485e-03 -6.241282e-03
-3.654654e+00 3.453460e-01 9.991976e-01 9.985985e-01 9.990254e-01 9.983998e-01 1.194286e+00 0 0 -4.882539e-03 2.508703e-03 -6.354329e-03 -6.726863e-04 -8.863032e-03
-3.654654e+00 1.000000e+00 9.990656e-01 9.999554e-01 9.995546e-01 9.981757e-01 1.195468e+00 0 0 -4.790882e-03 1.435308e-03 -3.221752e-03 1.322302e-03 -4.657060e-03
-3.654654e+00 1.654654e+00 9.997570e-01 1.000396e+00 1.000142e+00 9.993205e-01 1.195811e+00 0 0 -1.689969e-03 -2.672393e-05 -7.769944e-04 4.307840e-04 -7.502705e-04
-3.654654e+00 2.000000e+00 9.997849e-01 1.000300e+00 1.000267e+00 9.995946e-01 1.195681e+00 0 0 -1.346393e-03 -4.697100e-04 -1.548820e-04 1.099251e-04 3.148280e-04
-4.000000e+00 0.000000e+00 1.000810e+00 1.004430e+00 9.989937e-01 1.002754e+00 1.196118e+00 0 0 -2.848428e-02 -3.098393e-03 9.652269e-03 1.162763e-02 1.275066e-02
-4.000000e+00 3.453460e-01 1.001705e+00 1.003128e+00 1.000960e+00 1.003202e+00 1.196778e+00 0 0 -7.708233e-03 -4.121024e-03 9.969828e-04 1.290418e-03 5.118007e-03
-4.000000e+00 1.000000e+00 1.001368e+00 1.000583e+00 9.997109e-01 1.003040e+00 1.194408e+00 0 0 1.280251e-02 -3.205972e-03 1.764236e-03 -2.821939e-03 4.970208e-03
-4.000000e+00 1.654654e+00 9.999250e-01 9.993090e-01 9.986726e-01 1.000715e+00 1.193551e+00 0 0 1.145181e-02 -5.354402e-04 5.494324e-03 -3.301951e-04 6.029764e-03
-4.000000e+00 2.000000e+00 1.000024e+00 9.993979e-01 9.986092e-01 1.000313e+00 1.193865e+00 0 0 9.063725e-03 1.055577e-03 6.211928e-03 3.299358e-04 5.156351e-03
VARIABLES = "X", "Y", "ro", "u", "v", "pre", "Ma", "PART", "IMEX", "Ux", "Uy", "Vx", "Vy", "Vort" 
ZONE I=5, J=5, DATAPACKING=POINT
-2.000000e+00 2.000000e+00 9.999439e-01 9.719475e-01 9.505881e-01 9.996779e-01 1.149159e+00 0 0 -7.258404e-02 2.565685e-02 -1.424238e-01 7.879606e-02 -1.680806e-01
-2.000000e+00 2.345346e+00 9.997607e-01 9.809812e-01 9.728064e-01 9.994904e-01 1.167779e+00 0 0 -4.561357e-02 2.508060e-02 -7.829093e-02 5.089913e-02 -1.033715e-01
-2.000000e+00 3.000000e+00 9.999098e-01 9.940186e-01 9.936020e-01 9.998666e-01 1.187856e+00 0 0 -1.396601e-02 1.370027e-02 -2.004932e-02 1.649699e-02 -3.374958e-02
-2.000000e+00 3.654654e+00 9.998156e-01 9.990512e-01 9.988946e-01 9.997278e-01 1.194053e+00 0 0 -2.093827e-03 2.812892e-03 -4.436210e-03 2.636960e-03 -7.249102e-03
-2.000000e+00 4.000000e+00 9.998446e-01 9.996430e-01 9.995341e-01 9.997902e-01 1.194769e+00 0 0 -7.148457e-04 1.332156e-03 -2.697263e-03 1.729716e-03 -4.029419e-03
-2.345346e+00 2.000000e+00 9.997467e-01 9.890980e-01 9.796949e-01 9.996011e-01 1.176678e+00 0 0 -3.126083e-02 8.217685e-03 -5.198467e-02 3.132110e-02 -6.020236e-02
-2.345346e+00 2.345346e+00 9.999378e-01 9.922948e-01 9.887801e-01 9.999222e-01 1.183930e+00 0 0 -2.135937e-02 9.415501e-03 -2.843420e-02 2.109451e-02 -3.784970e-02
-2.345346e+00 3.000000e+00 1.000036e+00 9.974394e-01 9.974603e-01 1.000054e+00 1.192170e+00 0 0 -6.683599e-03 5.606633e-03 -6.448734e-03 6.853465e-03 -1.205537e-02
-2.345346e+00 3.654654e+00 1.000027e+00 9.995201e-01 9.996154e-01 1.000041e+00 1.194704e+00 0 0 -1.004657e-03 1.207889e-03 -1.003059e-03 1.043872e-03 -2.210947e-03
-2.345346e+00 4.000000e+00 9.999782e-01 9.998052e-01 9.998812e-01 9.999663e-01 1.195048e+00 0 0 -3.872278e-04 7.660032e-04 -3.000933e-04 6.392926e-04 -1.066097e-03
-3.000000e+00 2.000000e+00 1.000218e+00 9.981747e-01 9.961474e-01 1.000391e+00 1.191733e+00 0 0 -4.669333e-03 1.691106e-03 -1.123098e-02 6.235929e-03 -1.292209e-02
-3.000000e+00 2.345346e+00 1.000090e+00 9.987613e-01 9.978228e-01 1.000149e+00 1.193152e+00 0 0 -3.385868e-03 1.629529e-03 -6.326967e-03 3.853509e-03 -7.956497e-03
-3.000000e+00 3.000000e+00 1.000046e+00 9.996090e-01 9.994481e-01 1.000065e+00 1.194654e+00 0 0 -1.256489e-03 8.878610e-04 -1.558396e-03 1.369440e-03 -2.446257e-03
-3.000000e+00 3.654654e+00 9.999853e-01 9.999319e-01 9.998875e-01 9.999782e-01 1.195125e+00 0 0 -3.410208e-04 1.826644e-04 -2.855662e-04 1.782831e-04 -4.682306e-04
-3.000000e+00 4.000000e+00 9.999853e-01 9.999782e-01 9.999288e-01 9.999818e-01 1.195175e+00 0 0 -1.398657e-04 1.589907e-04 -1.565718e-04 1.849374e-04 -3.155625e-04
-3.654654e+00 2.000000e+00 9.998293e-01 1.000299e+00 1.000205e+00 9.996660e-01 1.195628e+00 0 0 -1.386502e-03 -5.491607e-04 -3.127682e-04 -7.132551e-04 2.363925e-04
-3.654654e+00 2.345346e+00 9.999491e-01 1.000151e+00 1.000133e+00 9.999014e-01 1.195427e+00 0 0 -9.182433e-04 -3.278682e-04 -9.432377e-05 -8.895016e-05 2.335444e-04
-3.654654e+00 3.000000e+00 9.999862e-01 1.000027e+00 1.000082e+00 9.999793e-01 1.195297e+00 0 0 -1.767118e-04 -8.067284e-05 9.495789e-05 -1.067715e-04 1.756307e-04
-3.654654e+00 3.654654e+00 1.000018e+00 1.000007e+00 1.000031e+00 1.000026e+00 1.195246e+00 0 0 7.324059e-05 -9.991216e-06 5.762317e-05 -1.137708e-05 6.761438e-05
-3.654654e+00 4.000000e+00 1.000007e+00 9.999971e-01 1.000036e+00 1.000007e+00 1.195248e+00 0 0 3.732268e-05 -7.753284e-05 6.561861e-05 -3.193563e-05 1.431515e-04
-4.000000e+00 2.000000e+00 9.999023e-01 9.994002e-01 9.987499e-01 1.000123e+00 1.193992e+00 0 0 9.199190e-03 9.524373e-04 5.579995e-03 2.598884e-03 4.627558e-03
-4.000000e+00 2.345346e+00 9.998234e-01 9.996735e-01 9.992145e-01 9.998387e-01 1.194555e+00 0 0 5.212487e-03 6.460391e-04 3.319933e-03 9.642166e-04 2.673894e-03
-4.000000e+00 3.000000e+00 9.999594e-01 9.999357e-01 9.996839e-01 9.999480e-01 1.195008e+00 0 0 9.066317e-04 1.832912e-04 1.336066e-03 5.596252e-04 1.152775e-03
-4.000000e+00 3.654654e+00 9.999480e-01 9.999762e-01 9.999005e-01 9.999249e-01 1.195169e+00 0 0 -5.078584e-05 1.478003e-05 4.082861e-04 7.091887e-05 3.935060e-04
-4.000000e+00 4.000000e+00 9.999842e-01 1.000001e+00 9.999048e-01 9.999833e-01 1.195173e+00 0 0 -1.504626e-04 1.936698e-04 4.309125e-04 1.432742e-04 2.372428e-04
VARIABLES = "X", "Y", "ro", "u", "v", "pre", "Ma", "PART", "IMEX", "Ux", "Uy", "Vx", "Vy", "Vort" 
ZONE I=5, J=5, DATAPACKING=POINT
-2.000000e+00 4.000000e+00 9.998222e-01 9.996500e-01 9.995439e-01 9.997613e-01 1.194783e+00 0 0 -6.859574e-04 1.023962e-03 -2.199775e-03 1.635561e-03 -3.223737e-03
-2.000000e+00 4.345346e+00 9.999726e-01 9.998864e-01 9.999008e-01 9.999635e-01 1.195107e+00 0 0 -8.588762e-05 4.320126e-04 -3.019757e-04 5.824131e-04 -7.339883e-04
-2.000000e+00 5.000000e+00 1.000006e+00 1.000003e+00 1.000006e+00 1.000008e+00 1.195233e+00 0 0 -2.994772e-05 2.999931e-05 -6.987357e-05 -5.253357e-05 -9.987288e-05
-2.000000e+00 5.654654e+00 9.999866e-01 1.000003e+00 9.999855e-01 9.999814e-01 1.195225e+00 0 0 4.344993e-05 -1.277839e-05 6.827922e-06 2.433392e-05 1.960631e-05
-2.000000e+00 6.000000e+00 1.000006e+00 9.999918e-01 9.999991e-01 1.000009e+00 1.195221e+00 0 0 -3.200530e-05 -8.274347e-05 2.682143e-05 4.002554e-05 1.095649e-04
-2.345346e+00 4.000000e+00 9.999885e-01 9.998065e-01 9.998604e-01 9.999806e-01 1.195034e+00 0 0 -3.880139e-04 5.058852e-04 -3.409738e-04 3.067978e-04 -8.468591e-04
-2.345346e+00 4.345346e+00 9.999974e-01 9.999311e-01 9.999661e-01 9.999968e-01 1.195168e+00 0 0 -1.384197e-04 2.422106e-04 -9.317166e-05 2.037864e-04 -3.353823e-04
-2.345346e+00 5.000000e+00 1.000006e+00 1.000002e+00 1.000007e+00 1.000009e+00 1.195233e+00 0 0 7.872054e-06 2.006931e-05 1.589432e-05 -2.839264e-05 -4.174993e-06
-2.345346e+00 5.654654e+00 9.999928e-01 9.999993e-01 9.999911e-01 9.999902e-01 1.195224e+00 0 0 -1.614038e-06 -8.362539e-06 -1.699016e-05 7.214455e-06 -8.627621e-06
-2.345346e+00 6.000000e+00 1.000000e+00 9.999986e-01 9.999986e-01 9.999998e-01 1.195227e+00 0 0 -5.622483e-06 9.504624e-06 -6.202954e-06 2.141058e-05 -1.570758e-05
-3.000000e+00 4.000000e+00 9.999748e-01 9.999816e-01 9.999357e-01 9.999671e-01 1.195184e+00 0 0 -1.348478e-04 7.682845e-05 -1.429192e-04 2.856804e-04 -2.197476e-04
-3.000000e+00 4.345346e+00 9.999979e-01 9.999942e-01 9.999885e-01 9.999966e-01 1.195219e+00 0 0 -3.885700e-05 1.959529e-05 -2.199839e-05 7.668130e-05 -4.159368e-05
-3.000000e+00 5.000000e+00 9.999999e-01 1.000000e+00 9.999995e-01 1.000000e+00 1.195228e+00 0 0 -4.305944e-06 4.953604e-06 -3.316570e-07 -8.258389e-06 -5.285261e-06
-3.000000e+00 5.654654e+00 9.999982e-01 1.000001e+00 9.999980e-01 9.999972e-01 1.195229e+00 0 0 2.153538e-06 -4.095449e-06 -4.085996e-06 6.114398e-06 9.453009e-09
-3.000000e+00 6.000000e+00 1.000002e+00 9.999980e-01 1.000001e+00 1.000003e+00 1.195228e+00 0 0 -9.432987e-07 -1.596351e-05 1.703359e-06 1.538550e-05 1.766686e-05
-3.654654e+00 4.000000e+00 1.000017e+00 9.999939e-01 1.000026e+00 1.000021e+00 1.195238e+00 0 0 3.735915e-05 -2.606063e-05 4.182911e-05 -1.624099e-04 6.788974e-05
-3.654654e+00 4.345346e+00 1.000002e+00 9.999954e-01 1.000005e+00 1.000003e+00 1.195228e+00 0 0 2.212425e-06 1.286700e-05 -5.394167e-07 -2.476905e-05 -1.340642e-05
-3.654654e+00 5.000000e+00 1.000001e+00 1.000001e+00 1.000001e+00 1.000001e+00 1.195230e+00 0 0 5.626732e-06 2.730586e-07 4.577823e-06 -1.600233e-06 4.304764e-06
-3.654654e+00 5.654654e+00 1.000000e+00 9.999986e-01 9.999997e-01 1.000000e+00 1.195227e+00 0 0 -1.238947e-06 -1.684953e-06 -2.661622e-06 -9.247934e-07 -9.766687e-07
-3.654654e+00 6.000000e+00 9.999988e-01 1.000001e+00 9.999994e-01 9.999980e-01 1.195229e+00 0 0 -2.002470e-06 2.359337e-05 -1.314663e-06 -6.938411e-06 -2.490803e-05
-4.000000e+00 4.000000e+00 9.999628e-01 1.000007e+00 9.999258e-01 9.999534e-01 1.195194e+00 0 0 -2.056464e-04 6.081390e-05 3.400193e-04 4.210472e-04 2.792054e-04
-4.000000e+00 4.345346e+00 9.999958e-01 1.000007e+00 9.999865e-01 9.999930e-01 1.195226e+00 0 0 -8.215774e-05 -1.782034e-05 8.730839e-05 7.469392e-05 1.051287e-04
-4.000000e+00 5.000000e+00 9.999982e-01 9.999976e-01 9.999967e-01 9.999982e-01 1.195225e+00 0 0 7.754174e-06 -1.141180e-07 1.079035e-05 7.093681e-08 1.090447e-05
-4.000000e+00 5.654654e+00 9.999999e-01 1.000003e+00 1.000000e+00 9.999991e-01 1.195231e+00 0 0 -2.099631e-05 2.285852e-06 3.956330e-06 5.074448e-06 1.670478e-06
-4.000000e+00 6.000000e+00 1.000002e+00 9.999976e-01 1.000002e+00 1.000003e+00 1.195227e+00 0 0 2.740624e-05 -4.334666e-05 -6.914702e-06 1.706351e-05 3.643196e-05
VARIABLES = "X", "Y", "ro", "u", "v", "pre", "Ma", "PART", "IMEX", "Ux", "Uy", "Vx", "Vy", "Vort" 
ZONE I=5, J=5, DATAPACKING=POINT
-2.000000e+00 6.000000e+00 1.000003e+00 9.999886e-01 1.000000e+00 1.000006e+00 1.195220e+00 0 0 -6.630755e-05 4.477955e-05 4.095480e-05 7.093254e-05 -3.824753e-06
-2.000000e+00 6.345346e+00 1.000006e+00 1.000001e+00 1.000008e+00 1.000007e+00 1.195233e+00 0 0 3.464505e-06 1.382631e-05 -2.083959e-05 -8.447470e-06 -3.466589e-05
-2.000000e+00 7.000000e+00 9.999968e-01 9.999996e-01 9.999954e-01 9.999964e-01 1.195226e+00 0 0 -6.593834e-06 -5.573969e-06 1.338857e-05 -6.410817e-06 1.896254e-05
-2.000000e+00 7.654654e+00 1.000003e+00 1.000000e+00 1.000004e+00 1.000003e+00 1.195231e+00 0 0 6.101149e-06 6.916618e-06 -1.355278e-05 9.368673e-06 -2.046940e-05
-2.000000e+00 8.000000e+00 9.999969e-01 1.000003e+00 9.999921e-01 9.999991e-01 1.195224e+00 0 0 5.587675e-06 2.295718e-05 4.287823e-05 -1.550194e-04 1.992105e-05
-2.345346e+00 6.000000e+00 1.000001e+00 9.999994e-01 9.999981e-01 9.999996e-01 1.195228e+00 0 0 -7.419798e-06 1.905518e-06 -7.840317e-06 5.817343e-05 -9.745836e-06
-2.345346e+00 6.345346e+00 1.000004e+00 9.999989e-01 1.000006e+00 1.000006e+00 1.195230e+00 0 0 1.790488e-06 6.016446e-07 1.284954e-05 -5.222491e-06 1.224790e-05
-2.345346e+00 7.000000e+00 9.999983e-01 1.000001e+00 9.999966e-01 9.999973e-01 1.195228e+00 0 0 -1.146281e-06 1.876100e-06 -7.432306e-06 -4.085290e-06 -9.308406e-06
-2.345346e+00 7.654654e+00 1.000001e+00 9.999989e-01 1.000003e+00 1.000002e+00 1.195229e+00 0 0 1.066678e-06 -3.246545e-06 7.391317e-06 5.658411e-06 1.063786e-05
-2.345346e+00 8.000000e+00 1.000001e+00 1.000002e+00 9.999935e-01 1.000000e+00 1.195226e+00 0 0 -2.328211e-09 5.268230e-05 -1.732600e-05 -1.025133e-04 -7.000830e-05
-3.000000e+00 6.000000e+00 1.000001e+00 9.999979e-01 1.000002e+00 1.000002e+00 1.195228e+00 0 0 -1.021581e-06 7.865583e-06 2.718890e-06 -4.933534e-06 -5.146693e-06
-3.000000e+00 6.345346e+00 1.000001e+00 9.999996e-01 1.000000e+00 1.000001e+00 1.195228e+00 0 0 -2.004189e-06 2.765178e-06 1.267917e-06 -1.967588e-06 -1.497261e-06
-3.000000e+00 7.000000e+00 9.999993e-01 1.000000e+00 9.999998e-01 9.999992e-01 1.195229e+00 0 0 1.287975e-06 -4.110623e-07 -6.093423e-07 -4.415753e-07 -1.982800e-07
-3.000000e+00 7.654654e+00 1.000001e+00 9.999994e-01 1.000000e+00 1.000001e+00 1.195228e+00 0 0 -1.303423e-06 1.528335e-07 5.083025e-07 1.791320e-06 3.554689e-07
-3.000000e+00 8.000000e+00 9.999976e-01 1.000002e+00 1.000001e+00 9.999973e-01 1.195230e+00 0 0 1.752457e-06 3.047069e-05 7.899473e-07 -5.083526e-06 -2.968074e-05
-3.654654e+00 6.000000e+00 9.999995e-01 1.000002e+00 9.999987e-01 9.999985e-01 1.195230e+00 0 0 -9.480695e-07 -6.034822e-06 -1.829633e-06 1.004337e-05 4.205189e-06
-3.654654e+00 6.345346e+00 1.000000e+00 9.999999e-01 1.000001e+00 1.000001e+00 1.195229e+00 0 0 8.038018e-07 -2.629521e-06 2.378081e-06 4.251936e-07 5.007602e-06
-3.654654e+00 7.000000e+00 1.000000e+00 1.000000e+00 9.999995e-01 9.999998e-01 1.195228e+00 0 0 -4.747058e-08 1.218618e-06 -1.477497e-06 -7.039975e-07 -2.696115e-06
-3.654654e+00 7.654654e+00 9.999999e-01 9.999999e-01 1.000001e+00 1.000000e+00 1.195229e+00 0 0 -2.467456e-07 -1.426033e-06 1.470684e-06 5.865486e-07 2.896717e-06
-3.654654e+00 8.000000e+00 1.000001e+00 1.000000e+00 9.999986e-01 1.000001e+00 1.195228e+00 0 0 1.611251e-06 5.465639e-06 -3.668611e-06 -1.530631e-05 -9.134249e-06
-4.000000e+00 6.000000e+00 1.000000e+00 9.999964e-01 1.000003e+00 1.000002e+00 1.195227e+00 0 0 3.556357e-05 1.138974e-05 -1.721056e-05 -2.530492e-05 -2.860030e-05
-4.000000e+00 6.345346e+00 1.000000e+00 1.000000e+00 9.999985e-01 9.999997e-01 1.195228e+00 0 0 -3.769678e-06 4.898590e-06 5.312867e-06 -7.260425e-07 4.142771e-07
-4.000000e+00 7.000000e+00 9.999996e-01 9.999999e-01 1.000001e+00 9.999997e-01 1.195229e+00 0 0 1.824959e-06 -1.925723e-06 -3.982216e-06 6.641352e-07 -2.056492e-06
-4.000000e+00 7.654654e+00 1.000001e+00 1.000000e+00 9.999989e-01 1.000000e+00 1.195228e+00 0 0 -9.621619e-07 2.187536e-06 4.202795e-06 4.881238e-07 2.015259e-06
-4.000000e+00 8.000000e+00 9.999966e-01 1.000000e+00 1.000004e+00 9.999966e-01 1.195231e+00 0 0 -5.674756e-06 1.199506e-07 -1.520961e-05 2.804995e-05 -1.532956e-05
VARIABLES = "X", "Y", "ro", "u", "v", "pre", "Ma", "PART", "IMEX", "Ux", "Uy", "Vx", "Vy", "Vort" 
ZONE I=5, J=5, DATAPACKING=POINT
0.000000e+00 0.000000e+00 6.717068e-01 1.497895e+00 5.225584e-01 5.789131e-01 1.444241e+00 0 0 3.978070e-01 -7.073576e-01 1.018882e+00 -4.561272e-01 1.726240e+00
0.000000e+00 3.453460e-01 5.989160e-01 1.183981e+00 4.168264e-01 4.961140e-01 1.165588e+00 0 0 3.522706e-01 -1.124431e+00 1.290345e+00 -1.439066e-01 2.414776e+00
0.000000e+00 1.000000e+00 6.640457e-01 4.982523e-01 4.993109e-01 5.650592e-01 6.462695e-01 0 0 -6.112081e-02 -6.825585e-01 1.057890e+00 2.972740e-01 1.740449e+00
0.000000e+00 1.654654e+00 8.776258e-01 3.443498e-01 7.014906e-01 8.292102e-01 6.794542e-01 0 0 -2.101668e-01 1.115594e-01 5.104871e-01 3.046104e-01 3.989277e-01
0.000000e+00 2.000000e+00 9.450696e-01 4.216629e-01 8.124655e-01 9.256558e-01 7.816983e-01 0 0 -2.302525e-01 2.793760e-01 3.431372e-01 3.460903e-01 6.376122e-02
-3.453460e-01 0.000000e+00 7.894042e-01 1.383952e+00 3.399909e-01 7.158067e-01 1.264835e+00 0 0 3.047767e-01 -5.399756e-01 2.067135e-01 -5.242391e-01 7.466891e-01
-3.453460e-01 3.453460e-01 7.341244e-01 1.133429e+00 2.146903e-01 6.468324e-01 1.038661e+00 0 0 9.690520e-02 -8.959580e-01 1.499710e-01 -1.733047e-01 1.045929e+00
-3.453460e-01 1.000000e+00 7.833172e-01 5.926343e-01 3.140346e-01 7.104434e-01 5.952040e-01 0 0 -3.719152e-01 -5.561579e-01 1.744625e-01 3.862785e-01 7.306204e-01
-3.453460e-01 1.654654e+00 9.235738e-01 4.655885e-01 5.995602e-01 8.927871e-01 6.525314e-01 0 0 -4.364527e-01 1.083860e-01 1.180371e-01 4.339195e-01 9.651038e-03
-3.453460e-01 2.000000e+00 9.688982e-01 5.355447e-01 7.431990e-01 9.585935e-01 7.783561e-01 0 0 -3.931173e-01 2.367908e-01 8.391148e-02 3.978249e-01 -1.528793e-01
-1.000000e+00 0.000000e+00 9.511962e-01 1.192966e+00 4.410922e-01 9.347616e-01 1.084360e+00 0 0 2.781095e-01 -2.713361e-01 -4.089776e-01 -2.935375e-01 -1.376414e-01
-1.000000e+00 3.453460e-01 9.362272e-01 1.068449e+00 3.719186e-01 9.138091e-01 9.678052e-01 0 0 1.085970e-01 -4.237802e-01 -4.797286e-01 -9.201101e-02 -5.594843e-02
-1.000000e+00 1.000000e+00 9.515614e-01 8.175346e-01 4.393188e-01 9.328127e-01 7.922286e-01 0 0 -2.694201e-01 -2.699112e-01 -4.295967e-01 2.698840e-01 -1.596855e-01
-1.000000e+00 1.654654e+00 9.806867e-01 7.518970e-01 6.685034e-01 9.734968e-01 8.534476e-01 0 0 -3.762737e-01 5.668133e-02 -2.626492e-01 3.768630e-01 -3.193305e-01
-1.000000e+00 2.000000e+00 9.939076e-01 7.885891e-01 7.866235e-01 9.914588e-01 9.425321e-01 0 0 -3.272027e-01 1.237257e-01 -1.724614e-01 2.901132e-01 -2.961871e-01
-1.654654e+00 0.000000e+00 9.958510e-01 1.049799e+00 7.584305e-01 9.910923e-01 1.097187e+00 0 0 1.182282e-01 -7.066877e-02 -4.449342e-01 -1.502112e-01 -3.742655e-01
-1.654654e+00 3.453460e-01 9.914157e-01 1.014594e+00 7.258891e-01 9.858274e-01 1.057334e+00 0 0 2.769777e-02 -1.226930e-01 -5.029115e-01 -3.823981e-02 -3.802185e-01
-1.654654e+00 1.000000e+00 9.941878e-01 9.410840e-01 7.580377e-01 9.910180e-01 1.022927e+00 0 0 -1.248485e-01 -7.904251e-02 -4.412618e-01 1.206382e-01 -3.622193e-01
-1.654654e+00 1.654654e+00 9.984726e-01 9.234352e-01 8.587884e-01 9.977534e-01 1.066167e+00 0 0 -1.529278e-01 2.116113e-02 -2.488555e-01 1.649980e-01 -2.700166e-01
-1.654654e+00 2.000000e+00 9.991780e-01 9.355287e-01 9.108429e-01 9.988564e-01 1.103694e+00 0 0 -1.295954e-01 3.897802e-02 -1.600990e-01 1.261921e-01 -1.990770e-01
-2.000000e+00 0.000000e+00 1.000316e+00 1.040312e+00 8.589470e-01 1.010810e+00 1.134254e+00 0 0 -3.464333e-02 -3.680794e-02 -1.150938e-01 -4.525590e-02 -7.828590e-02
-2.000000e+00 3.453460e-01 1.000629e+00 1.021738e+00 8.478492e-01 1.008344e+00 1.117814e+00 0 0 -2.606600e-02 -6.550078e-02 -1.622985e-01 -1.566758e-02 -9.679776e-02
-2.000000e+00 1.000000e+00 1.001467e+00 9.802568e-01 8.621662e-01 1.005627e+00 1.101033e+00 0 0 -9.483439e-02 -4.935125e-02 -1.448583e-01 5.884305e-02 -9.550703e-02
-2.000000e+00 1.654654e+00 1.001521e+00 9.656540e-01 9.165235e-01 1.003018e+00 1.124359e+00 0 0 -1.143794e-01 5.827599e-03 -9.132941e-02 9.521831e-02 -9.715701e-02
-2.000000e+00 2.000000e+00 1.001323e+00 9.719140e-01 9.471546e-01 1.001456e+00 1.146882e+00 0 0 -9.797810e-02 2.804801e-02 -5.381056e-02 7.733931e-02 -8.185857e-02
VARIABLES = "X", "Y", "ro", "u", "v", "pre", "Ma", "PART", "IMEX", "Ux", "Uy", "Vx", "Vy", "Vort" 
ZONE I=5, J=5, DATAPACKING=POINT
0.000000e+00 2.000000e+00 9.458974e-01 4.129163e-01 8.109084e-01 9.273088e-01 7.767476e-01 0 0 -2.297033e-01 5.275056e-01 3.357949e-01 2.926673e-01 -1.917106e-01
0.000000e+00 2.345346e+00 9.821852e-01 6.060016e-01 8.942945e-01 9.773155e-01 9.152734e-01 0 0 -1.762765e-01 5.298207e-01 1.726548e-01 1.905037e-01 -3.571659e-01
0.000000e+00 3.000000e+00 9.992799e-01 8.758889e-01 9.742301e-01 9.979729e-01 1.107943e+00 0 0 -5.602820e-02 2.741294e-01 3.849297e-02 6.700229e-02 -2.356365e-01
0.000000e+00 3.654654e+00 1.000523e+00 9.736879e-01 9.967719e-01 1.001379e+00 1.177152e+00 0 0 -1.014192e-02 5.799225e-02 3.403320e-03 1.192712e-02 -5.458893e-02
0.000000e+00 4.000000e+00 1.000403e+00 9.910214e-01 9.991676e-01 1.000331e+00 1.189418e+00 0 0 -7.232182e-03 6.330702e-02 6.904353e-03 2.722767e-03 -5.640266e-02
-3.453460e-01 2.000000e+00 9.687736e-01 5.284357e-01 7.431815e-01 9.586317e-01 7.747629e-01 0 0 -4.000195e-01 4.403306e-01 8.101385e-02 4.200716e-01 -3.593168e-01
-3.453460e-01 2.345346e+00 9.879777e-01 6.869821e-01 8.590321e-01 9.845679e-01 9.312321e-01 0 0 -2.676433e-01 4.282713e-01 4.202135e-02 2.612880e-01 -3.862499e-01
-3.453460e-01 3.000000e+00 1.000185e+00 9.005145e-01 9.663205e-01 9.996575e-01 1.116635e+00 0 0 -8.182770e-02 2.139173e-01 8.818273e-03 8.805708e-02 -2.050990e-01
-3.453460e-01 3.654654e+00 1.000486e+00 9.790142e-01 9.956399e-01 1.001078e+00 1.179774e+00 0 0 -1.862917e-02 5.097364e-02 2.655640e-03 1.394264e-02 -4.831800e-02
-3.453460e-01 4.000000e+00 9.999576e-01 9.933849e-01 9.976562e-01 9.997241e-01 1.190016e+00 0 0 -6.377955e-03 4.561718e-02 2.138365e-03 -7.009574e-06 -4.347882e-02
-1.000000e+00 2.000000e+00 9.929431e-01 7.860836e-01 7.870752e-01 9.897303e-01 9.416670e-01 0 0 -3.326222e-01 1.923257e-01 -1.714435e-01 3.487720e-01 -3.637692e-01
-1.000000e+00 2.345346e+00 9.973308e-01 8.556965e-01 8.835812e-01 9.961573e-01 1.040163e+00 0 0 -2.169783e-01 1.912580e-01 -9.364291e-02 2.190017e-01 -2.849009e-01
-1.000000e+00 3.000000e+00 1.000716e+00 9.532368e-01 9.727155e-01 1.000986e+00 1.150880e+00 0 0 -6.942702e-02 1.006142e-01 -2.264991e-02 7.104361e-02 -1.232641e-01
-1.000000e+00 3.654654e+00 9.998729e-01 9.908723e-01 9.955930e-01 9.998321e-01 1.187168e+00 0 0 -1.476550e-02 2.406185e-02 -2.636171e-03 1.093875e-02 -2.669802e-02
-1.000000e+00 4.000000e+00 9.996986e-01 9.968784e-01 9.980526e-01 9.995521e-01 1.192287e+00 0 0 -4.235316e-03 1.599845e-02 -2.317463e-03 6.508398e-03 -1.831591e-02
-1.654654e+00 2.000000e+00 9.992193e-01 9.349417e-01 9.103676e-01 9.989341e-01 1.103038e+00 0 0 -1.308504e-01 5.509454e-02 -1.596443e-01 1.391887e-01 -2.147388e-01
-1.654654e+00 2.345346e+00 1.000324e+00 9.553456e-01 9.504752e-01 1.000549e+00 1.138821e+00 0 0 -9.248522e-02 5.766380e-02 -8.674677e-02 9.251988e-02 -1.444106e-01
-1.654654e+00 3.000000e+00 1.000342e+00 9.855435e-01 9.883990e-01 1.000500e+00 1.179564e+00 0 0 -3.023437e-02 3.165130e-02 -1.975162e-02 3.003852e-02 -5.140292e-02
-1.654654e+00 3.654654e+00 1.000114e+00 9.971668e-01 9.981027e-01 1.000167e+00 1.192370e+00 0 0 -5.482940e-03 6.968520e-03 -3.532110e-03 5.186719e-03 -1.050063e-02
-1.654654e+00 4.000000e+00 9.999240e-01 9.989568e-01 9.994142e-01 9.998762e-01 1.194284e+00 0 0 -2.232033e-03 5.328700e-03 -1.022315e-03 2.972128e-03 -6.351015e-03
-2.000000e+00 2.000000e+00 1.001114e+00 9.718538e-01 9.472999e-01 1.000974e+00 1.147088e+00 0 0 -9.986777e-02 2.776196e-02 -5.772578e-02 8.551768e-02 -8.548774e-02
-2.000000e+00 2.345346e+00 1.000116e+00 9.811452e-01 9.710215e-01 9.997469e-01 1.166874e+00 0 0 -6.408467e-02 2.512922e-02 -3.474078e-02 5.407431e-02 -5.987000e-02
-2.000000e+00 3.000000e+00 1.000141e+00 9.939782e-01 9.930862e-01 1.000180e+00 1.187475e+00 0 0 -2.152942e-02 1.341144e-02 -8.837906e-03 1.757124e-02 -2.224934e-02
-2.000000e+00 3.654654e+00 9.998659e-01 9.989932e-01 9.987292e-01 9.997766e-01 1.193921e+00 0 0 -6.469327e-03 2.957711e-03 -2.842524e-04 2.752406e-03 -3.241963e-03
-2.000000e+00 4.000000e+00 9.998455e-01 9.996140e-01 9.994052e-01 9.998112e-01 1.194663e+00 0 0 -1.805096e-03 1.273523e-03 5.250726e-04 2.168770e-03 -7.484499e-04
VARIABLES = "X", "Y", "ro", "u", "v", "pre", "Ma", "PART", "IMEX", "Ux", "Uy", "Vx", "Vy", "Vort" 
ZONE I=5, J=5, DATAPACKING=POINT
0.000000e+00 4.000000e+00 1.000625e+00 9.916662e-01 9.989755e-01 1.000430e+00 1.189760e+00 0 0 -7.289990e-03 3.114647e-02 6.408372e-03 -3.658446e-03 -2.473809e-02
0.000000e+00 4.345346e+00 9.994113e-01 9.976972e-01 9.989512e-01 9.990447e-01 1.193445e+00 0 0 -9.671029e-04 9.323503e-03 2.700210e-04 1.711609e-03 -9.053482e-03
0.000000e+00 5.000000e+00 1.000186e+00 9.996565e-01 1.000185e+00 1.000310e+00 1.195059e+00 0 0 2.186173e-05 4.320017e-04 -1.695344e-04 8.567705e-04 -6.015361e-04
0.000000e+00 5.654654e+00 9.998849e-01 1.000136e+00 9.998757e-01 9.997928e-01 1.195291e+00 0 0 -1.636068e-04 5.696909e-04 2.258094e-04 -1.005065e-03 -3.438814e-04
0.000000e+00 6.000000e+00 9.998752e-01 9.998913e-01 9.998283e-01 9.998846e-01 1.195055e+00 0 0 3.720643e-04 -3.045196e-03 -4.763667e-04 1.634001e-03 2.568829e-03
-3.453460e-01 4.000000e+00 9.996825e-01 9.938717e-01 9.976648e-01 9.992528e-01 1.190429e+00 0 0 -5.759368e-03 2.142833e-02 1.674307e-03 4.391195e-03 -1.975403e-02
-3.453460e-01 4.345346e+00 9.995448e-01 9.980621e-01 9.990016e-01 9.993116e-01 1.193613e+00 0 0 -1.295227e-03 6.796870e-03 -5.532978e-04 3.281933e-03 -7.350168e-03
-3.453460e-01 5.000000e+00 1.000205e+00 9.997335e-01 1.000187e+00 1.000307e+00 1.195120e+00 0 0 -3.066020e-04 6.926713e-04 1.441766e-04 3.135660e-04 -5.484946e-04
-3.453460e-01 5.654654e+00 9.998405e-01 1.000118e+00 9.998440e-01 9.997583e-01 1.195255e+00 0 0 1.257397e-04 1.832788e-04 -4.816713e-05 -6.019817e-04 -2.314459e-04
-3.453460e-01 6.000000e+00 1.000012e+00 9.998637e-01 9.999448e-01 1.000047e+00 1.195093e+00 0 0 -4.955625e-05 -2.388909e-03 -2.166005e-04 2.043831e-03 2.172308e-03
-1.000000e+00 4.000000e+00 9.995420e-01 9.970118e-01 9.981231e-01 9.993385e-01 1.192443e+00 0 0 -3.893595e-03 9.177457e-03 -2.087642e-03 6.245256e-03 -1.126510e-02
-1.000000e+00 4.345346e+00 9.999085e-01 9.989879e-01 9.995024e-01 9.998835e-01 1.194341e+00 0 0 -1.342255e-03 3.478315e-03 -7.133543e-04 2.430726e-03 -4.191669e-03
-1.000000e+00 5.000000e+00 1.000074e+00 9.999211e-01 1.000058e+00 1.000099e+00 1.195201e+00 0 0 -2.041140e-04 3.425950e-04 1.531240e-04 -8.665847e-05 -1.894710e-04
-1.000000e+00 5.654654e+00 9.999291e-01 1.000031e+00 9.999295e-01 9.999036e-01 1.195220e+00 0 0 9.472337e-05 1.073949e-05 -1.284907e-04 -4.891546e-05 -1.392302e-04
-1.000000e+00 6.000000e+00 1.000029e+00 9.999391e-01 9.999980e-01 1.000043e+00 1.195182e+00 0 0 -1.152970e-04 -8.511843e-04 1.753634e-06 6.345991e-04 8.529379e-04
-1.654654e+00 4.000000e+00 9.999580e-01 9.989910e-01 9.993416e-01 9.999273e-01 1.194251e+00 0 0 -2.182953e-03 3.048021e-03 -1.052634e-03 1.362340e-03 -4.100655e-03
-1.654654e+00 4.345346e+00 9.999727e-01 9.996679e-01 9.997953e-01 9.999656e-01 1.194912e+00 0 0 -7.256146e-04 1.211443e-03 -2.473068e-04 9.130808e-04 -1.458750e-03
-1.654654e+00 5.000000e+00 1.000025e+00 9.999885e-01 1.000021e+00 1.000034e+00 1.195229e+00 0 0 -3.086481e-05 8.777377e-05 5.327338e-06 -4.410023e-05 -8.244643e-05
-1.654654e+00 5.654654e+00 9.999745e-01 1.000004e+00 9.999700e-01 9.999660e-01 1.195218e+00 0 0 2.924052e-06 -2.849876e-06 -1.978789e-05 6.668608e-06 -1.693802e-05
-1.654654e+00 6.000000e+00 9.999997e-01 9.999869e-01 9.999930e-01 9.999986e-01 1.195217e+00 0 0 -3.448139e-05 -1.591119e-04 -9.200575e-06 1.034321e-04 1.499113e-04
-2.000000e+00 4.000000e+00 9.997917e-01 9.996183e-01 9.994549e-01 9.997383e-01 1.194707e+00 0 0 -1.662444e-03 1.200580e-03 -1.123968e-05 2.374732e-03 -1.211820e-03
-2.000000e+00 4.345346e+00 9.999898e-01 9.998898e-01 9.999039e-01 9.999881e-01 1.195106e+00 0 0 -6.065717e-04 4.649378e-04 -4.696095e-04 6.563280e-04 -9.345473e-04
-2.000000e+00 5.000000e+00 1.000005e+00 9.999984e-01 9.999993e-01 1.000007e+00 1.195226e+00 0 0 -6.172901e-05 1.403863e-05 1.309415e-04 -6.691251e-05 1.169029e-04
-2.000000e+00 5.654654e+00 9.999881e-01 1.000006e+00 9.999893e-01 9.999829e-01 1.195229e+00 0 0 -1.521325e-06 9.123960e-06 -1.073290e-04 4.364433e-05 -1.164529e-04
-2.000000e+00 6.000000e+00 1.000008e+00 9.999931e-01 1.000002e+00 1.000013e+00 1.195223e+00 0 0 6.461894e-06 -1.363963e-04 -2.575033e-05 1.064868e-05 1.106460e-04
VARIABLES = "X", "Y", "ro", "u", "v", "pre", "Ma", "PART", "IMEX", "Ux", "Uy", "Vx", "Vy", "Vort" 
ZONE I=5, J=5, DATAPACKING=POINT
0.000000e+00 6.000000e+00 9.998933e-01 9.998037e-01 9.998978e-01 9.999072e-01 1.195042e+00 0 0 3.975329e-04 3.278579e-04 -5.655718e-04 1.810312e-03 -8.934297e-04
0.000000e+00 6.345346e+00 1.000086e+00 1.000009e+00 1.000101e+00 1.000122e+00 1.195273e+00 0 0 -4.156579e-05 3.303174e-04 9.566655e-05 -1.082221e-05 -2.346509e-04
0.000000e+00 7.000000e+00 9.999739e-01 9.999756e-01 9.999659e-01 9.999594e-01 1.195202e+00 0 0 -1.038125e-05 -1.374779e-04 -3.686338e-05 -9.779322e-05 1.006145e-04
0.000000e+00 7.654654e+00 1.000006e+00 1.000053e+00 1.000014e+00 1.000014e+00 1.195264e+00 0 0 3.484926e-05 9.982335e-05 1.667146e-05 1.111737e-04 -8.315190e-05
0.000000e+00 8.000000e+00 1.000082e+00 9.998268e-01 1.000016e+00 1.000097e+00 1.195126e+00 0 0 -1.722707e-04 -3.464306e-03 6.036881e-05 1.873274e-04 3.524675e-03
-3.453460e-01 6.000000e+00 1.000028e+00 9.997867e-01 1.000027e+00 1.000071e+00 1.195091e+00 0 0 -1.011305e-04 6.191104e-04 -1.795493e-04 1.006632e-03 -7.986597e-04
-3.453460e-01 6.345346e+00 1.000061e+00 1.000020e+00 1.000072e+00 1.000081e+00 1.195271e+00 0 0 -1.893401e-05 3.224910e-04 8.744896e-05 -1.568205e-04 -2.350420e-04
-3.453460e-01 7.000000e+00 9.999787e-01 9.999768e-01 9.999754e-01 9.999721e-01 1.195204e+00 0 0 -3.898367e-06 -1.456264e-04 -2.767122e-05 -6.796852e-06 1.179552e-04
-3.453460e-01 7.654654e+00 1.000009e+00 1.000043e+00 1.000012e+00 1.000011e+00 1.195261e+00 0 0 2.865715e-05 1.222276e-04 7.603557e-06 1.490493e-05 -1.146241e-04
-3.453460e-01 8.000000e+00 1.000043e+00 9.998781e-01 9.999954e-01 1.000067e+00 1.195139e+00 0 0 -1.387458e-04 -2.608937e-03 4.489609e-05 1.486296e-04 2.653833e-03
-1.000000e+00 6.000000e+00 1.000033e+00 9.999028e-01 1.000024e+00 1.000052e+00 1.195173e+00 0 0 -1.757421e-04 3.715669e-04 8.815998e-05 3.010589e-04 -2.834069e-04
-1.000000e+00 6.345346e+00 1.000020e+00 1.000019e+00 1.000028e+00 1.000023e+00 1.195255e+00 0 0 1.828916e-05 1.301603e-04 3.648580e-05 -8.188237e-05 -9.367450e-05
-1.000000e+00 7.000000e+00 9.999922e-01 9.999836e-01 9.999883e-01 9.999934e-01 1.195211e+00 0 0 -1.751699e-05 -7.210114e-05 -9.321577e-06 8.052946e-06 6.277957e-05
-1.000000e+00 7.654654e+00 1.000005e+00 1.000023e+00 1.000009e+00 1.000001e+00 1.195250e+00 0 0 3.116731e-05 7.604517e-05 5.045199e-07 -1.190521e-05 -7.554065e-05
-1.000000e+00 8.000000e+00 1.000016e+00 9.999513e-01 9.999767e-01 1.000039e+00 1.195172e+00 0 0 -8.133481e-05 -1.134168e-03 1.455850e-05 -1.440867e-04 1.148727e-03
-1.654654e+00 6.000000e+00 1.000002e+00 9.999796e-01 9.999947e-01 1.000002e+00 1.195213e+00 0 0 -5.781403e-05 8.116944e-05 -1.478084e-05 1.942107e-04 -9.595028e-05
-1.654654e+00 6.345346e+00 1.000011e+00 1.000004e+00 1.000018e+00 1.000015e+00 1.195239e+00 0 0 2.019466e-05 2.540173e-05 1.414206e-05 -1.828379e-05 -1.125967e-05
-1.654654e+00 7.000000e+00 9.999963e-01 9.999964e-01 9.999910e-01 9.999951e-01 1.195222e+00 0 0 -1.650592e-05 -1.257336e-05 -6.760422e-06 -9.030625e-06 5.812939e-06
-1.654654e+00 7.654654e+00 1.000002e+00 1.000005e+00 1.000008e+00 1.000003e+00 1.195236e+00 0 0 2.057352e-05 1.204128e-05 6.198682e-06 8.031446e-06 -5.842600e-06
-1.654654e+00 8.000000e+00 1.000010e+00 9.999872e-01 9.999797e-01 1.000016e+00 1.195206e+00 0 0 -3.829738e-05 -2.474002e-04 -2.974719e-05 -2.490422e-04 2.176530e-04
-2.000000e+00 6.000000e+00 1.000002e+00 9.999882e-01 1.000003e+00 1.000007e+00 1.195220e+00 0 0 1.024854e-05 2.986951e-05 3.982840e-06 2.820801e-05 -2.588667e-05
-2.000000e+00 6.345346e+00 1.000006e+00 9.999996e-01 1.000005e+00 1.000006e+00 1.195231e+00 0 0 -4.658708e-06 1.549039e-05 5.422519e-05 -6.105334e-06 3.873480e-05
-2.000000e+00 7.000000e+00 9.999961e-01 9.999998e-01 9.999972e-01 9.999965e-01 1.195227e+00 0 0 -9.334664e-08 -5.394462e-06 -2.539369e-05 -5.395879e-06 -1.999923e-05
-2.000000e+00 7.654654e+00 1.000004e+00 1.000000e+00 1.000003e+00 1.000003e+00 1.195231e+00 0 0 8.815201e-06 7.036119e-06 2.174672e-05 9.004307e-06 1.471060e-05
-2.000000e+00 8.000000e+00 9.999938e-01 1.000003e+00 9.999967e-01 9.999984e-01 1.195225e+00 0 0 -5.845119e-05 2.341589e-05 -4.850445e-05 -1.115878e-04 -7.192034e-05
