VARIABLES = "X", "Y", "Z", "ro", "u", "v", "w", "pre", "Ma", "PART", "IMEX" 
ZONE I=3, J=3, K=3, DATAPACKING=POINT
-8.000000e+00 -8.000000e+00 5.000000e-01 9.999993e-01 9.999999e-01 1.000000e+00 -1.389933e-18 9.999987e-01 1.195229e+00 3 0
-7.000000e+00 -8.000000e+00 5.000000e-01 1.000000e+00 1.000001e+00 9.999998e-01 -4.831796e-17 1.000001e+00 1.195229e+00 3 0
-6.000000e+00 -8.000000e+00 5.000000e-01 9.999996e-01 9.999974e-01 9.999998e-01 -1.136577e-16 9.999994e-01 1.195227e+00 3 0
-8.000000e+00 -7.000000e+00 5.000000e-01 1.000001e+00 1.000000e+00 9.999996e-01 -3.048864e-17 1.000002e+00 1.195228e+00 3 0
-7.000000e+00 -7.000000e+00 5.000000e-01 1.000000e+00 9.999993e-01 1.000000e+00 -5.224766e-16 9.999995e-01 1.195229e+00 3 0
-6.000000e+00 -7.000000e+00 5.000000e-01 1.000001e+00 1.000003e+00 9.999986e-01 1.449942e-16 1.000002e+00 1.195229e+00 3 0
-8.000000e+00 -6.000000e+00 5.000000e-01 9.999976e-01 9.999991e-01 9.999998e-01 7.593654e-17 9.999964e-01 1.195229e+00 3 0
-7.000000e+00 -6.000000e+00 5.000000e-01 1.000000e+00 1.000003e+00 1.000001e+00 -1.650497e-16 1.000001e+00 1.195231e+00 3 0
-6.000000e+00 -6.000000e+00 5.000000e-01 9.999979e-01 9.999930e-01 9.999983e-01 8.626079e-18 9.999976e-01 1.195224e+00 3 0
-8.000000e+00 -8.000000e+00 0.000000e+00 9.999993e-01 9.999999e-01 1.000000e+00 6.096600e-18 9.999987e-01 1.195229e+00 3 0
-7.000000e+00 -8.000000e+00 0.000000e+00 1.000000e+00 1.000001e+00 9.999998e-01 1.612419e-16 1.000001e+00 1.195229e+00 3 0
-6.000000e+00 -8.000000e+00 0.000000e+00 9.999996e-01 9.999974e-01 9.999998e-01 9.381272e-17 9.999994e-01 1.195227e+00 3 0
-8.000000e+00 -7.000000e+00 0.000000e+00 1.000001e+00 1.000000e+00 9.999996e-01 1.427642e-16 1.000002e+00 1.195228e+00 3 0
-7.000000e+00 -7.000000e+00 0.000000e+00 1.000000e+00 9.999993e-01 1.000000e+00 -5.926501e-16 9.999995e-01 1.195229e+00 3 0
-6.000000e+00 -7.000000e+00 0.000000e+00 1.000001e+00 1.000003e+00 9.999986e-01 6.158772e-17 1.000002e+00 1.195229e+00 3 0
-8.000000e+00 -6.000000e+00 0.000000e+00 9.999976e-01 9.999991e-01 9.999998e-01 1.186271e-16 9.999964e-01 1.195229e+00 3 0
-7.000000e+00 -6.000000e+00 0.000000e+00 1.000000e+00 1.000003e+00 1.000001e+00 -6.823968e-16 1.000001e+00 1.195231e+00 3 0
-6.000000e+00 -6.000000e+00 0.000000e+00 9.999979e-01 9.999930e-01 9.999983e-01 -1.139101e-15 9.999976e-01 1.195224e+00 3 0
-8.000000e+00 -8.000000e+00 -5.000000e-01 9.999993e-01 9.999999e-01 1.000000e+00 -1.338637e-18 9.999987e-01 1.195229e+00 3 0
-7.000000e+00 -8.000000e+00 -5.000000e-01 1.000000e+00 1.000001e+00 9.999998e-01 1.336929e-16 1.000001e+00 1.195229e+00 3 0
-6.000000e+00 -8.000000e+00 -5.000000e-01 9.999996e-01 9.999974e-01 9.999998e-01 1.781244e-16 9.999994e-01 1.195227e+00 3 0
-8.000000e+00 -7.000000e+00 -5.000000e-01 1.000001e+00 1.000000e+00 9.999996e-01 9.260975e-17 1.000002e+00 1.195228e+00 3 0
-7.000000e+00 -7.000000e+00 -5.000000e-01 1.000000e+00 9.999993e-01 1.000000e+00 2.830011e-16 9.999995e-01 1.195229e+00 3 0
-6.000000e+00 -7.000000e+00 -5.000000e-01 1.000001e+00 1.000003e+00 9.999986e-01 -3.006831e-16 1.000002e+00 1.195229e+00 3 0
-8.000000e+00 -6.000000e+00 -5.000000e-01 9.999976e-01 9.999991e-01 9.999998e-01 -9.477257e-17 9.999964e-01 1.195229e+00 3 0
-7.000000e+00 -6.000000e+00 -5.000000e-01 1.000000e+00 1.000003e+00 1.000001e+00 5.621101e-17 1.000001e+00 1.195231e+00 3 0
-6.000000e+00 -6.000000e+00 -5.000000e-01 9.999979e-01 9.999930e-01 9.999983e-01 -7.546986e-17 9.999976e-01 1.195224e+00 3 0
VARIABLES = "X", "Y", "Z", "ro", "u", "v", "w", "pre", "Ma", "PART", "IMEX" 
ZONE I=3, J=3, K=3, DATAPACKING=POINT
-8.000000e+00 -6.000000e+00 5.000000e-01 9.999956e-01 9.999977e-01 9.999983e-01 1.106971e-17 9.999936e-01 1.195227e+00 3 0
-7.000000e+00 -6.000000e+00 5.000000e-01 1.000001e+00 1.000007e+00 1.000002e+00 -2.413211e-16 1.000003e+00 1.195233e+00 3 0
-6.000000e+00 -6.000000e+00 5.000000e-01 9.999967e-01 9.999836e-01 9.999941e-01 -1.252033e-16 9.999974e-01 1.195215e+00 3 0
-8.000000e+00 -5.000000e+00 5.000000e-01 1.000003e+00 1.000001e+00 1.000000e+00 6.335816e-17 1.000004e+00 1.195229e+00 3 0
-7.000000e+00 -5.000000e+00 5.000000e-01 9.999989e-01 9.999964e-01 9.999990e-01 4.304395e-16 9.999983e-01 1.195226e+00 3 0
-6.000000e+00 -5.000000e+00 5.000000e-01 1.000002e+00 1.000009e+00 1.000003e+00 1.886120e-16 1.000001e+00 1.195236e+00 3 0
-8.000000e+00 -4.000000e+00 5.000000e-01 1.000002e+00 9.999984e-01 9.999898e-01 -1.699447e-16 1.000006e+00 1.195219e+00 3 0
-7.000000e+00 -4.000000e+00 5.000000e-01 9.999937e-01 1.000005e+00 1.000016e+00 1.090697e-17 9.999884e-01 1.195244e+00 3 0
-6.000000e+00 -4.000000e+00 5.000000e-01 1.000014e+00 9.999800e-01 9.999700e-01 -1.919017e-16 1.000026e+00 1.195192e+00 3 0
-8.000000e+00 -6.000000e+00 0.000000e+00 9.999956e-01 9.999977e-01 9.999983e-01 8.623702e-17 9.999936e-01 1.195227e+00 3 0
-7.000000e+00 -6.000000e+00 0.000000e+00 1.000001e+00 1.000007e+00 1.000002e+00 -8.231051e-16 1.000003e+00 1.195233e+00 3 0
-6.000000e+00 -6.000000e+00 0.000000e+00 9.999967e-01 9.999836e-01 9.999941e-01 -1.720274e-15 9.999974e-01 1.195215e+00 3 0
-8.000000e+00 -5.000000e+00 0.000000e+00 1.000003e+00 1.000001e+00 1.000000e+00 -3.826460e-16 1.000004e+00 1.195229e+00 3 0
-7.000000e+00 -5.000000e+00 0.000000e+00 9.999989e-01 9.999964e-01 9.999990e-01 1.149022e-16 9.999983e-01 1.195226e+00 3 0
-6.000000e+00 -5.000000e+00 0.000000e+00 1.000002e+00 1.000009e+00 1.000003e+00 5.015795e-16 1.000001e+00 1.195236e+00 3 0
-8.000000e+00 -4.000000e+00 0.000000e+00 1.000002e+00 9.999984e-01 9.999898e-01 3.255989e-19 1.000006e+00 1.195219e+00 3 0
-7.000000e+00 -4.000000e+00 0.000000e+00 9.999937e-01 1.000005e+00 1.000016e+00 -3.125723e-16 9.999884e-01 1.195244e+00 3 0
-6.000000e+00 -4.000000e+00 0.000000e+00 1.000014e+00 9.999800e-01 9.999700e-01 6.618049e-16 1.000026e+00 1.195192e+00 3 0
-8.000000e+00 -6.000000e+00 -5.000000e-01 9.999956e-01 9.999977e-01 9.999983e-01 -9.550278e-17 9.999936e-01 1.195227e+00 3 0
-7.000000e+00 -6.000000e+00 -5.000000e-01 1.000001e+00 1.000007e+00 1.000002e+00 6.579713e-17 1.000003e+00 1.195233e+00 3 0
-6.000000e+00 -6.000000e+00 -5.000000e-01 9.999967e-01 9.999836e-01 9.999941e-01 8.125030e-18 9.999974e-01 1.195215e+00 3 0
-8.000000e+00 -5.000000e+00 -5.000000e-01 1.000003e+00 1.000001e+00 1.000000e+00 -1.861111e-16 1.000004e+00 1.195229e+00 3 0
-7.000000e+00 -5.000000e+00 -5.000000e-01 9.999989e-01 9.999964e-01 9.999990e-01 -1.952230e-16 9.999983e-01 1.195226e+00 3 0
-6.000000e+00 -5.000000e+00 -5.000000e-01 1.000002e+00 1.000009e+00 1.000003e+00 -1.201138e-16 1.000001e+00 1.195236e+00 3 0
-8.000000e+00 -4.000000e+00 -5.000000e-01 1.000002e+00 9.999984e-01 9.999898e-01 1.163708e-16 1.000006e+00 1.195219e+00 3 0
-7.000000e+00 -4.000000e+00 -5.000000e-01 9.999937e-01 1.000005e+00 1.000016e+00 2.827337e-17 9.999884e-01 1.195244e+00 3 0
-6.000000e+00 -4.000000e+00 -5.000000e-01 1.000014e+00 9.999800e-01 9.999700e-01 8.935629e-17 1.000026e+00 1.195192e+00 3 0
VARIABLES = "X", "Y", "Z", "ro", "u", "v", "w", "pre", "Ma", "PART", "IMEX" 
ZONE I=3, J=3, K=3, DATAPACKING=POINT
-8.000000e+00 -4.000000e+00 5.000000e-01 9.999980e-01 9.999944e-01 9.999878e-01 -1.830160e-16 1.000005e+00 1.195214e+00 3 0
-7.000000e+00 -4.000000e+00 5.000000e-01 9.999990e-01 1.000009e+00 1.000020e+00 7.023307e-17 9.999905e-01 1.195251e+00 3 0
-6.000000e+00 -4.000000e+00 5.000000e-01 1.000001e+00 9.999626e-01 9.999673e-01 -9.019912e-17 1.000016e+00 1.195177e+00 3 0
-8.000000e+00 -3.000000e+00 5.000000e-01 1.000005e+00 9.999971e-01 1.000001e+00 3.277426e-16 1.000001e+00 1.195230e+00 3 0
-7.000000e+00 -3.000000e+00 5.000000e-01 9.999816e-01 1.000010e+00 1.000009e+00 4.303877e-16 9.999810e-01 1.195240e+00 3 0
-6.000000e+00 -3.000000e+00 5.000000e-01 9.999882e-01 9.999962e-01 1.000042e+00 4.716071e-17 9.999733e-01 1.195260e+00 3 0
-8.000000e+00 -2.000000e+00 5.000000e-01 1.000191e+00 9.999723e-01 9.997608e-01 1.314012e-16 1.000284e+00 1.195014e+00 3 0
-7.000000e+00 -2.000000e+00 5.000000e-01 9.997151e-01 1.000044e+00 1.000362e+00 -2.340055e-16 9.995807e-01 1.195552e+00 3 0
-6.000000e+00 -2.000000e+00 5.000000e-01 1.000352e+00 9.996804e-01 9.996962e-01 -1.351973e-16 1.000515e+00 1.194759e+00 3 0
-8.000000e+00 -4.000000e+00 0.000000e+00 9.999980e-01 9.999944e-01 9.999878e-01 -6.641672e-17 1.000005e+00 1.195214e+00 3 0
-7.000000e+00 -4.000000e+00 0.000000e+00 9.999990e-01 1.000009e+00 1.000020e+00 -6.710574e-16 9.999905e-01 1.195251e+00 3 0
-6.000000e+00 -4.000000e+00 0.000000e+00 1.000001e+00 9.999626e-01 9.999673e-01 5.072395e-16 1.000016e+00 1.195177e+00 3 0
-8.000000e+00 -3.000000e+00 0.000000e+00 1.000005e+00 9.999971e-01 1.000001e+00 2.448911e-16 1.000001e+00 1.195230e+00 3 0
-7.000000e+00 -3.000000e+00 0.000000e+00 9.999816e-01 1.000010e+00 1.000009e+00 -5.485928e-16 9.999810e-01 1.195240e+00 3 0
-6.000000e+00 -3.000000e+00 0.000000e+00 9.999882e-01 9.999962e-01 1.000042e+00 5.637387e-16 9.999733e-01 1.195260e+00 3 0
-8.000000e+00 -2.000000e+00 0.000000e+00 1.000191e+00 9.999723e-01 9.997608e-01 -7.613524e-17 1.000284e+00 1.195014e+00 3 0
-7.000000e+00 -2.000000e+00 0.000000e+00 9.997151e-01 1.000044e+00 1.000362e+00 5.001044e-16 9.995807e-01 1.195552e+00 3 0
-6.000000e+00 -2.000000e+00 0.000000e+00 1.000352e+00 9.996804e-01 9.996962e-01 1.467038e-15 1.000515e+00 1.194759e+00 3 0
-8.000000e+00 -4.000000e+00 -5.000000e-01 9.999980e-01 9.999944e-01 9.999878e-01 6.114774e-17 1.000005e+00 1.195214e+00 3 0
-7.000000e+00 -4.000000e+00 -5.000000e-01 9.999990e-01 1.000009e+00 1.000020e+00 -2.163334e-16 9.999905e-01 1.195251e+00 3 0
-6.000000e+00 -4.000000e+00 -5.000000e-01 1.000001e+00 9.999626e-01 9.999673e-01 -6.304373e-17 1.000016e+00 1.195177e+00 3 0
-8.000000e+00 -3.000000e+00 -5.000000e-01 1.000005e+00 9.999971e-01 1.000001e+00 -4.012279e-16 1.000001e+00 1.195230e+00 3 0
-7.000000e+00 -3.000000e+00 -5.000000e-01 9.999816e-01 1.000010e+00 1.000009e+00 -3.339725e-16 9.999810e-01 1.195240e+00 3 0
-6.000000e+00 -3.000000e+00 -5.000000e-01 9.999882e-01 9.999962e-01 1.000042e+00 3.899857e-16 9.999733e-01 1.195260e+00 3 0
-8.000000e+00 -2.000000e+00 -5.000000e-01 1.000191e+00 9.999723e-01 9.997608e-01 -8.964837e-17 1.000284e+00 1.195014e+00 3 0
-7.000000e+00 -2.000000e+00 -5.000000e-01 9.997151e-01 1.000044e+00 1.000362e+00 2.741286e-16 9.995807e-01 1.195552e+00 3 0
-6.000000e+00 -2.000000e+00 -5.000000e-01 1.000352e+00 9.996804e-01 9.996962e-01 1.713420e-16 1.000515e+00 1.194759e+00 3 0
VARIABLES = "X", "Y", "Z", "ro", "u", "v", "w", "pre", "Ma", "PART", "IMEX" 
ZONE I=3, J=3, K=3, DATAPACKING=POINT
-8.000000e+00 -2.000000e+00 5.000000e-01 1.000241e+00 9.999748e-01 9.997359e-01 1.597407e-16 1.000372e+00 1.194978e+00 3 0
-7.000000e+00 -2.000000e+00 5.000000e-01 9.996698e-01 1.000011e+00 1.000418e+00 -1.917978e-16 9.994944e-01 1.195590e+00 3 0
-6.000000e+00 -2.000000e+00 5.000000e-01 1.000335e+00 9.998350e-01 9.996558e-01 1.892279e-16 1.000513e+00 1.194818e+00 3 0
-8.000000e+00 -1.000000e+00 5.000000e-01 1.000063e+00 9.998645e-01 9.996511e-01 5.245165e-17 1.000069e+00 1.194936e+00 3 0
-7.000000e+00 -1.000000e+00 5.000000e-01 9.996639e-01 1.000297e+00 1.000586e+00 1.593173e-16 9.995550e-01 1.195821e+00 3 0
-6.000000e+00 -1.000000e+00 5.000000e-01 1.000616e+00 9.983061e-01 9.999134e-01 1.042236e-16 1.000841e+00 1.194031e+00 3 0
-8.000000e+00 0.000000e+00 5.000000e-01 9.995387e-01 9.996450e-01 1.000087e+00 6.565361e-17 9.993844e-01 1.195161e+00 3 0
-7.000000e+00 0.000000e+00 5.000000e-01 1.000493e+00 1.000342e+00 1.000009e+00 2.531971e-17 1.000635e+00 1.195354e+00 3 0
-6.000000e+00 0.000000e+00 5.000000e-01 9.997091e-01 9.981191e-01 1.001360e+00 -3.983292e-16 9.995754e-01 1.194999e+00 3 0
-8.000000e+00 -2.000000e+00 0.000000e+00 1.000241e+00 9.999748e-01 9.997359e-01 -1.344622e-16 1.000372e+00 1.194978e+00 3 0
-7.000000e+00 -2.000000e+00 0.000000e+00 9.996698e-01 1.000011e+00 1.000418e+00 5.826980e-16 9.994944e-01 1.195590e+00 3 0
-6.000000e+00 -2.000000e+00 0.000000e+00 1.000335e+00 9.998350e-01 9.996558e-01 1.626974e-15 1.000513e+00 1.194818e+00 3 0
-8.000000e+00 -1.000000e+00 0.000000e+00 1.000063e+00 9.998645e-01 9.996511e-01 -8.894386e-17 1.000069e+00 1.194936e+00 3 0
-7.000000e+00 -1.000000e+00 0.000000e+00 9.996639e-01 1.000297e+00 1.000586e+00 3.566812e-16 9.995550e-01 1.195821e+00 3 0
-6.000000e+00 -1.000000e+00 0.000000e+00 1.000616e+00 9.983061e-01 9.999134e-01 1.350908e-15 1.000841e+00 1.194031e+00 3 0
-8.000000e+00 0.000000e+00 0.000000e+00 9.995387e-01 9.996450e-01 1.000087e+00 2.351192e-16 9.993844e-01 1.195161e+00 3 0
-7.000000e+00 0.000000e+00 0.000000e+00 1.000493e+00 1.000342e+00 1.000009e+00 3.911642e-16 1.000635e+00 1.195354e+00 3 0
-6.000000e+00 0.000000e+00 0.000000e+00 9.997091e-01 9.981191e-01 1.001360e+00 -9.232928e-16 9.995754e-01 1.194999e+00 3 0
-8.000000e+00 -2.000000e+00 -5.000000e-01 1.000241e+00 9.999748e-01 9.997359e-01 -4.617441e-17 1.000372e+00 1.194978e+00 3 0
-7.000000e+00 -2.000000e+00 -5.000000e-01 9.996698e-01 1.000011e+00 1.000418e+00 1.633221e-16 9.994944e-01 1.195590e+00 3 0
-6.000000e+00 -2.000000e+00 -5.000000e-01 1.000335e+00 9.998350e-01 9.996558e-01 -2.044761e-16 1.000513e+00 1.194818e+00 3 0
-8.000000e+00 -1.000000e+00 -5.000000e-01 1.000063e+00 9.998645e-01 9.996511e-01 -1.498680e-16 1.000069e+00 1.194936e+00 3 0
-7.000000e+00 -1.000000e+00 -5.000000e-01 9.996639e-01 1.000297e+00 1.000586e+00 -6.889015e-17 9.995550e-01 1.195821e+00 3 0
-6.000000e+00 -1.000000e+00 -5.000000e-01 1.000616e+00 9.983061e-01 9.999134e-01 -1.591793e-16 1.000841e+00 1.194031e+00 3 0
-8.000000e+00 0.000000e+00 -5.000000e-01 9.995387e-01 9.996450e-01 1.000087e+00 3.897457e-17 9.993844e-01 1.195161e+00 3 0
-7.000000e+00 0.000000e+00 -5.000000e-01 1.000493e+00 1.000342e+00 1.000009e+00 -6.053550e-17 1.000635e+00 1.195354e+00 3 0
-6.000000e+00 0.000000e+00 -5.000000e-01 9.997091e-01 9.981191e-01 1.001360e+00 2.744112e-16 9.995754e-01 1.194999e+00 3 0
VARIABLES = "X", "Y", "Z", "ro", "u", "v", "w", "pre", "Ma", "PART", "IMEX" 
ZONE I=3, J=3, K=3, DATAPACKING=POINT
-6.000000e+00 -8.000000e+00 5.000000e-01 9.999965e-01 9.999970e-01 9.999991e-01 -3.715651e-16 9.999956e-01 1.195227e+00 3 0
-5.000000e+00 -8.000000e+00 5.000000e-01 1.000001e+00 1.000002e+00 1.000001e+00 5.613862e-17 1.000001e+00 1.195230e+00 3 0
-4.000000e+00 -8.000000e+00 5.000000e-01 9.999999e-01 9.999964e-01 9.999958e-01 5.894912e-17 1.000004e+00 1.195222e+00 3 0
-6.000000e+00 -7.000000e+00 5.000000e-01 1.000005e+00 1.000004e+00 9.999970e-01 -8.097679e-17 1.000008e+00 1.195228e+00 3 0
-5.000000e+00 -7.000000e+00 5.000000e-01 9.999968e-01 9.999970e-01 1.000002e+00 -1.875270e-17 9.999962e-01 1.195228e+00 3 0
-4.000000e+00 -7.000000e+00 5.000000e-01 1.000004e+00 1.000004e+00 9.999979e-01 1.446550e-16 1.000002e+00 1.195231e+00 3 0
-6.000000e+00 -6.000000e+00 5.000000e-01 9.999880e-01 9.999925e-01 9.999978e-01 1.706791e-16 9.999850e-01 1.195225e+00 3 0
-5.000000e+00 -6.000000e+00 5.000000e-01 1.000006e+00 1.000005e+00 9.999997e-01 2.308050e-16 1.000006e+00 1.195231e+00 3 0
-4.000000e+00 -6.000000e+00 5.000000e-01 9.999918e-01 1.000003e+00 9.999953e-01 -1.085700e-16 9.999957e-01 1.195225e+00 3 0
-6.000000e+00 -8.000000e+00 0.000000e+00 9.999965e-01 9.999970e-01 9.999991e-01 1.541022e-16 9.999956e-01 1.195227e+00 3 0
-5.000000e+00 -8.000000e+00 0.000000e+00 1.000001e+00 1.000002e+00 1.000001e+00 -8.502281e-17 1.000001e+00 1.195230e+00 3 0
-4.000000e+00 -8.000000e+00 0.000000e+00 9.999999e-01 9.999964e-01 9.999958e-01 3.278632e-16 1.000004e+00 1.195222e+00 3 0
-6.000000e+00 -7.000000e+00 0.000000e+00 1.000005e+00 1.000004e+00 9.999970e-01 2.933810e-16 1.000008e+00 1.195228e+00 3 0
-5.000000e+00 -7.000000e+00 0.000000e+00 9.999968e-01 9.999970e-01 1.000002e+00 6.419755e-16 9.999962e-01 1.195228e+00 3 0
-4.000000e+00 -7.000000e+00 0.000000e+00 1.000004e+00 1.000004e+00 9.999979e-01 5.251815e-16 1.000002e+00 1.195231e+00 3 0
-6.000000e+00 -6.000000e+00 0.000000e+00 9.999880e-01 9.999925e-01 9.999978e-01 -1.329042e-15 9.999850e-01 1.195225e+00 3 0
-5.000000e+00 -6.000000e+00 0.000000e+00 1.000006e+00 1.000005e+00 9.999997e-01 5.746732e-17 1.000006e+00 1.195231e+00 3 0
-4.000000e+00 -6.000000e+00 0.000000e+00 9.999918e-01 1.000003e+00 9.999953e-01 1.082127e-16 9.999957e-01 1.195225e+00 3 0
-6.000000e+00 -8.000000e+00 -5.000000e-01 9.999965e-01 9.999970e-01 9.999991e-01 4.433218e-16 9.999956e-01 1.195227e+00 3 0
-5.000000e+00 -8.000000e+00 -5.000000e-01 1.000001e+00 1.000002e+00 1.000001e+00 -7.668066e-17 1.000001e+00 1.195230e+00 3 0
-4.000000e+00 -8.000000e+00 -5.000000e-01 9.999999e-01 9.999964e-01 9.999958e-01 8.129924e-17 1.000004e+00 1.195222e+00 3 0
-6.000000e+00 -7.000000e+00 -5.000000e-01 1.000005e+00 1.000004e+00 9.999970e-01 -2.780413e-17 1.000008e+00 1.195228e+00 3 0
-5.000000e+00 -7.000000e+00 -5.000000e-01 9.999968e-01 9.999970e-01 1.000002e+00 1.188668e-16 9.999962e-01 1.195228e+00 3 0
-4.000000e+00 -7.000000e+00 -5.000000e-01 1.000004e+00 1.000004e+00 9.999979e-01 -2.386283e-16 1.000002e+00 1.195231e+00 3 0
-6.000000e+00 -6.000000e+00 -5.000000e-01 9.999880e-01 9.999925e-01 9.999978e-01 -2.413484e-16 9.999850e-01 1.195225e+00 3 0
-5.000000e+00 -6.000000e+00 -5.000000e-01 1.000006e+00 1.000005e+00 9.999997e-01 -8.366878e-17 1.000006e+00 1.195231e+00 3 0
-4.000000e+00 -6.000000e+00 -5.000000e-01 9.999918e-01 1.000003e+00 9.999953e-01 2.784088e-17 9.999957e-01 1.195225e+00 3 0
VARIABLES = "X", "Y", "Z", "ro", "u", "v", "w", "pre", "Ma", "PART", "IMEX" 
ZONE I=3, J=3, K=3, DATAPACKING=POINT
-6.000000e+00 -6.000000e+00 5.000000e-01 9.999789e-01 9.999807e-01 9.999864e-01 1.707139e-16 9.999768e-01 1.195210e+00 3 0
-5.000000e+00 -6.000000e+00 5.000000e-01 1.000008e+00 1.000013e+00 1.000006e+00 2.136072e-16 1.000006e+00 1.195241e+00 3 0
-4.000000e+00 -6.000000e+00 5.000000e-01 9.999897e-01 9.999959e-01 9.999805e-01 1.613327e-16 1.000004e+00 1.195206e+00 3 0
-6.000000e+00 -5.000000e+00 5.000000e-01 1.000012e+00 1.000010e+00 1.000006e+00 -4.388383e-16 1.000012e+00 1.195238e+00 3 0
-5.000000e+00 -5.000000e+00 5.000000e-01 9.999958e-01 9.999933e-01 9.999978e-01 -2.211078e-16 9.999973e-01 1.195222e+00 3 0
-4.000000e+00 -5.000000e+00 5.000000e-01 1.000005e+00 1.000001e+00 1.000010e+00 4.350269e-16 9.999975e-01 1.195239e+00 3 0
-6.000000e+00 -4.000000e+00 5.000000e-01 1.000016e+00 9.999802e-01 9.999389e-01 -3.077688e-16 1.000038e+00 1.195167e+00 3 0
-5.000000e+00 -4.000000e+00 5.000000e-01 9.999865e-01 1.000016e+00 1.000028e+00 2.906264e-17 9.999728e-01 1.195263e+00 3 0
-4.000000e+00 -4.000000e+00 5.000000e-01 1.000030e+00 9.999836e-01 9.999449e-01 -7.281042e-17 1.000055e+00 1.195171e+00 3 0
-6.000000e+00 -6.000000e+00 0.000000e+00 9.999789e-01 9.999807e-01 9.999864e-01 -2.067366e-15 9.999768e-01 1.195210e+00 3 0
-5.000000e+00 -6.000000e+00 0.000000e+00 1.000008e+00 1.000013e+00 1.000006e+00 -1.645650e-16 1.000006e+00 1.195241e+00 3 0
-4.000000e+00 -6.000000e+00 0.000000e+00 9.999897e-01 9.999959e-01 9.999805e-01 2.025226e-16 1.000004e+00 1.195206e+00 3 0
-6.000000e+00 -5.000000e+00 0.000000e+00 1.000012e+00 1.000010e+00 1.000006e+00 1.623359e-16 1.000012e+00 1.195238e+00 3 0
-5.000000e+00 -5.000000e+00 0.000000e+00 9.999958e-01 9.999933e-01 9.999978e-01 -2.974863e-16 9.999973e-01 1.195222e+00 3 0
-4.000000e+00 -5.000000e+00 0.000000e+00 1.000005e+00 1.000001e+00 1.000010e+00 -1.027413e-15 9.999975e-01 1.195239e+00 3 0
-6.000000e+00 -4.000000e+00 0.000000e+00 1.000016e+00 9.999802e-01 9.999389e-01 5.692037e-16 1.000038e+00 1.195167e+00 3 0
-5.000000e+00 -4.000000e+00 0.000000e+00 9.999865e-01 1.000016e+00 1.000028e+00 4.016207e-16 9.999728e-01 1.195263e+00 3 0
-4.000000e+00 -4.000000e+00 0.000000e+00 1.000030e+00 9.999836e-01 9.999449e-01 -1.003558e-15 1.000055e+00 1.195171e+00 3 0
-6.000000e+00 -6.000000e+00 -5.000000e-01 9.999789e-01 9.999807e-01 9.999864e-01 -2.938391e-16 9.999768e-01 1.195210e+00 3 0
-5.000000e+00 -6.000000e+00 -5.000000e-01 1.000008e+00 1.000013e+00 1.000006e+00 -1.756677e-16 1.000006e+00 1.195241e+00 3 0
-4.000000e+00 -6.000000e+00 -5.000000e-01 9.999897e-01 9.999959e-01 9.999805e-01 -3.010558e-16 1.000004e+00 1.195206e+00 3 0
-6.000000e+00 -5.000000e+00 -5.000000e-01 1.000012e+00 1.000010e+00 1.000006e+00 2.359657e-16 1.000012e+00 1.195238e+00 3 0
-5.000000e+00 -5.000000e+00 -5.000000e-01 9.999958e-01 9.999933e-01 9.999978e-01 2.713234e-16 9.999973e-01 1.195222e+00 3 0
-4.000000e+00 -5.000000e+00 -5.000000e-01 1.000005e+00 1.000001e+00 1.000010e+00 -3.011061e-16 9.999975e-01 1.195239e+00 3 0
-6.000000e+00 -4.000000e+00 -5.000000e-01 1.000016e+00 9.999802e-01 9.999389e-01 2.075489e-17 1.000038e+00 1.195167e+00 3 0
-5.000000e+00 -4.000000e+00 -5.000000e-01 9.999865e-01 1.000016e+00 1.000028e+00 -4.834405e-17 9.999728e-01 1.195263e+00 3 0
-4.000000e+00 -4.000000e+00 -5.000000e-01 1.000030e+00 9.999836e-01 9.999449e-01 1.980973e-16 1.000055e+00 1.195171e+00 3 0
VARIABLES = "X", "Y", "Z", "ro", "u", "v", "w", "pre", "Ma", "PART", "IMEX" 
ZONE I=3, J=3, K=3, DATAPACKING=POINT
-6.000000e+00 -4.000000e+00 5.000000e-01 9.999873e-01 9.999503e-01 9.999308e-01 -1.979209e-16 1.000022e+00 1.195137e+00 3 0
-5.000000e+00 -4.000000e+00 5.000000e-01 9.999942e-01 1.000038e+00 1.000029e+00 7.054016e-17 9.999713e-01 1.195282e+00 3 0
-4.000000e+00 -4.000000e+00 5.000000e-01 1.000013e+00 9.999727e-01 9.999500e-01 9.627898e-17 1.000047e+00 1.195162e+00 3 0
-6.000000e+00 -3.000000e+00 5.000000e-01 9.999778e-01 9.999954e-01 1.000086e+00 8.167491e-17 9.999432e-01 1.195298e+00 3 0
-5.000000e+00 -3.000000e+00 5.000000e-01 1.000017e+00 9.999880e-01 9.999578e-01 1.813029e-16 1.000035e+00 1.195185e+00 3 0
-4.000000e+00 -3.000000e+00 5.000000e-01 9.998938e-01 1.000086e+00 1.000123e+00 -3.198587e-16 9.998430e-01 1.195384e+00 3 0
-6.000000e+00 -2.000000e+00 5.000000e-01 1.000645e+00 9.997087e-01 9.992724e-01 -1.015676e-16 1.000955e+00 1.194435e+00 3 0
-5.000000e+00 -2.000000e+00 5.000000e-01 9.996046e-01 1.000217e+00 1.000347e+00 1.620253e-16 9.994291e-01 1.195670e+00 3 0
-4.000000e+00 -2.000000e+00 5.000000e-01 1.000490e+00 9.995845e-01 9.997923e-01 -9.070198e-17 1.000660e+00 1.194754e+00 3 0
-6.000000e+00 -4.000000e+00 0.000000e+00 9.999873e-01 9.999503e-01 9.999308e-01 3.056673e-16 1.000022e+00 1.195137e+00 3 0
-5.000000e+00 -4.000000e+00 0.000000e+00 9.999942e-01 1.000038e+00 1.000029e+00 4.776222e-16 9.999713e-01 1.195282e+00 3 0
-4.000000e+00 -4.000000e+00 0.000000e+00 1.000013e+00 9.999727e-01 9.999500e-01 -1.197725e-15 1.000047e+00 1.195162e+00 3 0
-6.000000e+00 -3.000000e+00 0.000000e+00 9.999778e-01 9.999954e-01 1.000086e+00 7.053550e-16 9.999432e-01 1.195298e+00 3 0
-5.000000e+00 -3.000000e+00 0.000000e+00 1.000017e+00 9.999880e-01 9.999578e-01 1.651643e-17 1.000035e+00 1.195185e+00 3 0
-4.000000e+00 -3.000000e+00 0.000000e+00 9.998938e-01 1.000086e+00 1.000123e+00 -9.549353e-16 9.998430e-01 1.195384e+00 3 0
-6.000000e+00 -2.000000e+00 0.000000e+00 1.000645e+00 9.997087e-01 9.992724e-01 2.314999e-15 1.000955e+00 1.194435e+00 3 0
-5.000000e+00 -2.000000e+00 0.000000e+00 9.996046e-01 1.000217e+00 1.000347e+00 4.663560e-16 9.994291e-01 1.195670e+00 3 0
-4.000000e+00 -2.000000e+00 0.000000e+00 1.000490e+00 9.995845e-01 9.997923e-01 -5.954855e-16 1.000660e+00 1.194754e+00 3 0
-6.000000e+00 -4.000000e+00 -5.000000e-01 9.999873e-01 9.999503e-01 9.999308e-01 -1.833482e-16 1.000022e+00 1.195137e+00 3 0
-5.000000e+00 -4.000000e+00 -5.000000e-01 9.999942e-01 1.000038e+00 1.000029e+00 -1.733937e-16 9.999713e-01 1.195282e+00 3 0
-4.000000e+00 -4.000000e+00 -5.000000e-01 1.000013e+00 9.999727e-01 9.999500e-01 -8.341156e-17 1.000047e+00 1.195162e+00 3 0
-6.000000e+00 -3.000000e+00 -5.000000e-01 9.999778e-01 9.999954e-01 1.000086e+00 3.124407e-16 9.999432e-01 1.195298e+00 3 0
-5.000000e+00 -3.000000e+00 -5.000000e-01 1.000017e+00 9.999880e-01 9.999578e-01 -2.130836e-16 1.000035e+00 1.195185e+00 3 0
-4.000000e+00 -3.000000e+00 -5.000000e-01 9.998938e-01 1.000086e+00 1.000123e+00 1.467588e-16 9.998430e-01 1.195384e+00 3 0
-6.000000e+00 -2.000000e+00 -5.000000e-01 1.000645e+00 9.997087e-01 9.992724e-01 3.881223e-16 1.000955e+00 1.194435e+00 3 0
-5.000000e+00 -2.000000e+00 -5.000000e-01 9.996046e-01 1.000217e+00 1.000347e+00 -1.335668e-19 9.994291e-01 1.195670e+00 3 0
-4.000000e+00 -2.000000e+00 -5.000000e-01 1.000490e+00 9.995845e-01 9.997923e-01 1.740627e-16 1.000660e+00 1.194754e+00 3 0
VARIABLES = "X", "Y", "Z", "ro", "u", "v", "w", "pre", "Ma", "PART", "IMEX" 
ZONE I=3, J=3, K=3, DATAPACKING=POINT
-6.000000e+00 -2.000000e+00 5.000000e-01 1.000819e+00 9.998057e-01 9.992353e-01 2.523788e-16 1.001251e+00 1.194398e+00 3 0
-5.000000e+00 -2.000000e+00 5.000000e-01 9.995304e-01 1.000142e+00 1.000369e+00 6.133640e-17 9.993107e-01 1.195665e+00 3 0
-4.000000e+00 -2.000000e+00 5.000000e-01 1.000494e+00 9.999402e-01 9.997843e-01 -9.767586e-17 1.000624e+00 1.194986e+00 3 0
-6.000000e+00 -1.000000e+00 5.000000e-01 9.997451e-01 9.986970e-01 9.995920e-01 -2.494848e-16 9.995991e-01 1.194293e+00 3 0
-5.000000e+00 -1.000000e+00 5.000000e-01 9.996434e-01 1.000881e+00 1.000230e+00 1.542116e-16 9.995052e-01 1.195975e+00 3 0
-4.000000e+00 -1.000000e+00 5.000000e-01 1.002216e+00 9.964551e-01 9.998290e-01 1.967644e-16 1.003193e+00 1.192429e+00 3 0
-6.000000e+00 0.000000e+00 5.000000e-01 9.976219e-01 9.981197e-01 1.002850e+00 -7.707350e-16 9.966096e-01 1.196419e+00 3 0
-5.000000e+00 0.000000e+00 5.000000e-01 1.000517e+00 1.000840e+00 9.981686e-01 6.696167e-17 1.000819e+00 1.194457e+00 3 0
-4.000000e+00 0.000000e+00 5.000000e-01 1.002855e+00 9.951289e-01 1.004690e+00 7.563359e-17 1.003593e+00 1.194695e+00 3 0
-6.000000e+00 -2.000000e+00 0.000000e+00 1.000819e+00 9.998057e-01 9.992353e-01 2.506867e-15 1.001251e+00 1.194398e+00 3 0
-5.000000e+00 -2.000000e+00 0.000000e+00 9.995304e-01 1.000142e+00 1.000369e+00 7.702886e-16 9.993107e-01 1.195665e+00 3 0
-4.000000e+00 -2.000000e+00 0.000000e+00 1.000494e+00 9.999402e-01 9.997843e-01 -8.725384e-16 1.000624e+00 1.194986e+00 3 0
-6.000000e+00 -1.000000e+00 0.000000e+00 9.997451e-01 9.986970e-01 9.995920e-01 1.539942e-15 9.995991e-01 1.194293e+00 3 0
-5.000000e+00 -1.000000e+00 0.000000e+00 9.996434e-01 1.000881e+00 1.000230e+00 3.338620e-16 9.995052e-01 1.195975e+00 3 0
-4.000000e+00 -1.000000e+00 0.000000e+00 1.002216e+00 9.964551e-01 9.998290e-01 -2.848555e-16 1.003193e+00 1.192429e+00 3 0
-6.000000e+00 0.000000e+00 0.000000e+00 9.976219e-01 9.981197e-01 1.002850e+00 -1.117179e-15 9.966096e-01 1.196419e+00 3 0
-5.000000e+00 0.000000e+00 0.000000e+00 1.000517e+00 1.000840e+00 9.981686e-01 -9.496759e-16 1.000819e+00 1.194457e+00 3 0
-4.000000e+00 0.000000e+00 0.000000e+00 1.002855e+00 9.951289e-01 1.004690e+00 -5.248930e-16 1.003593e+00 1.194695e+00 3 0
-6.000000e+00 -2.000000e+00 -5.000000e-01 1.000819e+00 9.998057e-01 9.992353e-01 5.887977e-17 1.001251e+00 1.194398e+00 3 0
-5.000000e+00 -2.000000e+00 -5.000000e-01 9.995304e-01 1.000142e+00 1.000369e+00 1.625076e-16 9.993107e-01 1.195665e+00 3 0
-4.000000e+00 -2.000000e+00 -5.000000e-01 1.000494e+00 9.999402e-01 9.997843e-01 9.390187e-17 1.000624e+00 1.194986e+00 3 0
-6.000000e+00 -1.000000e+00 -5.000000e-01 9.997451e-01 9.986970e-01 9.995920e-01 8.209587e-17 9.995991e-01 1.194293e+00 3 0
-5.000000e+00 -1.000000e+00 -5.000000e-01 9.996434e-01 1.000881e+00 1.000230e+00 -1.595747e-16 9.995052e-01 1.195975e+00 3 0
-4.000000e+00 -1.000000e+00 -5.000000e-01 1.002216e+00 9.964551e-01 9.998290e-01 -1.368674e-16 1.003193e+00 1.192429e+00 3 0
-6.000000e+00 0.000000e+00 -5.000000e-01 9.976219e-01 9.981197e-01 1.002850e+00 5.629939e-16 9.966096e-01 1.196419e+00 3 0
-5.000000e+00 0.000000e+00 -5.000000e-01 1.000517e+00 1.000840e+00 9.981686e-01 -2.018582e-16 1.000819e+00 1.194457e+00 3 0
-4.000000e+00 0.000000e+00 -5.000000e-01 1.002855e+00 9.951289e-01 1.004690e+00 -2.258054e-16 1.003593e+00 1.194695e+00 3 0
VARIABLES = "X", "Y", "Z", "ro", "u", "v", "w", "pre", "Ma", "PART", "IMEX" 
ZONE I=3, J=3, K=3, DATAPACKING=POINT
-4.000000e+00 -8.000000e+00 5.000000e-01 9.999960e-01 9.999952e-01 9.999901e-01 1.614054e-16 1.000004e+00 1.195215e+00 3 0
-3.000000e+00 -8.000000e+00 5.000000e-01 1.000001e+00 1.000002e+00 1.000013e+00 -1.064395e-16 9.999944e-01 1.195241e+00 3 0
-2.000000e+00 -8.000000e+00 5.000000e-01 9.999630e-01 1.000063e+00 1.000003e+00 -1.468533e-17 9.999613e-01 1.195269e+00 3 0
-4.000000e+00 -7.000000e+00 5.000000e-01 1.000013e+00 1.000005e+00 9.999963e-01 -3.599767e-16 1.000009e+00 1.195232e+00 3 0
-3.000000e+00 -7.000000e+00 5.000000e-01 1.000008e+00 9.999834e-01 9.999874e-01 -2.646872e-16 1.000018e+00 1.195205e+00 3 0
-2.000000e+00 -7.000000e+00 5.000000e-01 1.000109e+00 9.998605e-01 9.999524e-01 6.508794e-16 1.000138e+00 1.195100e+00 3 0
-4.000000e+00 -6.000000e+00 5.000000e-01 9.999853e-01 1.000000e+00 9.999900e-01 -2.497498e-16 9.999972e-01 1.195216e+00 3 0
-3.000000e+00 -6.000000e+00 5.000000e-01 1.000028e+00 9.999576e-01 1.000026e+00 -7.327234e-16 1.000027e+00 1.195220e+00 3 0
-2.000000e+00 -6.000000e+00 5.000000e-01 9.999337e-01 1.000033e+00 1.000148e+00 3.717965e-16 9.999290e-01 1.195340e+00 3 0
-4.000000e+00 -8.000000e+00 0.000000e+00 9.999960e-01 9.999952e-01 9.999901e-01 3.624359e-16 1.000004e+00 1.195215e+00 3 0
-3.000000e+00 -8.000000e+00 0.000000e+00 1.000001e+00 1.000002e+00 1.000013e+00 3.801133e-16 9.999944e-01 1.195241e+00 3 0
-2.000000e+00 -8.000000e+00 0.000000e+00 9.999630e-01 1.000063e+00 1.000003e+00 -2.181769e-16 9.999613e-01 1.195269e+00 3 0
-4.000000e+00 -7.000000e+00 0.000000e+00 1.000013e+00 1.000005e+00 9.999963e-01 6.073956e-16 1.000009e+00 1.195232e+00 3 0
-3.000000e+00 -7.000000e+00 0.000000e+00 1.000008e+00 9.999834e-01 9.999874e-01 -6.868218e-16 1.000018e+00 1.195205e+00 3 0
-2.000000e+00 -7.000000e+00 0.000000e+00 1.000109e+00 9.998605e-01 9.999524e-01 4.788204e-16 1.000138e+00 1.195100e+00 3 0
-4.000000e+00 -6.000000e+00 0.000000e+00 9.999853e-01 1.000000e+00 9.999900e-01 -4.035956e-16 9.999972e-01 1.195216e+00 3 0
-3.000000e+00 -6.000000e+00 0.000000e+00 1.000028e+00 9.999576e-01 1.000026e+00 -3.324706e-16 1.000027e+00 1.195220e+00 3 0
-2.000000e+00 -6.000000e+00 0.000000e+00 9.999337e-01 1.000033e+00 1.000148e+00 1.301311e-15 9.999290e-01 1.195340e+00 3 0
-4.000000e+00 -8.000000e+00 -5.000000e-01 9.999960e-01 9.999952e-01 9.999901e-01 -3.711878e-17 1.000004e+00 1.195215e+00 3 0
-3.000000e+00 -8.000000e+00 -5.000000e-01 1.000001e+00 1.000002e+00 1.000013e+00 2.036728e-16 9.999944e-01 1.195241e+00 3 0
-2.000000e+00 -8.000000e+00 -5.000000e-01 9.999630e-01 1.000063e+00 1.000003e+00 -1.915381e-17 9.999613e-01 1.195269e+00 3 0
-4.000000e+00 -7.000000e+00 -5.000000e-01 1.000013e+00 1.000005e+00 9.999963e-01 1.642262e-16 1.000009e+00 1.195232e+00 3 0
-3.000000e+00 -7.000000e+00 -5.000000e-01 1.000008e+00 9.999834e-01 9.999874e-01 1.596324e-16 1.000018e+00 1.195205e+00 3 0
-2.000000e+00 -7.000000e+00 -5.000000e-01 1.000109e+00 9.998605e-01 9.999524e-01 -4.443529e-16 1.000138e+00 1.195100e+00 3 0
-4.000000e+00 -6.000000e+00 -5.000000e-01 9.999853e-01 1.000000e+00 9.999900e-01 -2.659752e-17 9.999972e-01 1.195216e+00 3 0
-3.000000e+00 -6.000000e+00 -5.000000e-01 1.000028e+00 9.999576e-01 1.000026e+00 7.722331e-16 1.000027e+00 1.195220e+00 3 0
-2.000000e+00 -6.000000e+00 -5.000000e-01 9.999337e-01 1.000033e+00 1.000148e+00 -3.909651e-17 9.999290e-01 1.195340e+00 3 0
VARIABLES = "X", "Y", "Z", "ro", "u", "v", "w", "pre", "Ma", "PART", "IMEX" 
ZONE I=3, J=3, K=3, DATAPACKING=POINT
-4.000000e+00 -6.000000e+00 5.000000e-01 9.999798e-01 9.999802e-01 9.999578e-01 -1.246799e-16 1.000018e+00 1.195169e+00 3 0
-3.000000e+00 -6.000000e+00 5.000000e-01 1.000052e+00 9.999206e-01 1.000056e+00 -4.979793e-17 1.000043e+00 1.195221e+00 3 0
-2.000000e+00 -6.000000e+00 5.000000e-01 9.999294e-01 1.000057e+00 1.000103e+00 6.244931e-16 9.999528e-01 1.195310e+00 3 0
-4.000000e+00 -5.000000e+00 5.000000e-01 1.000007e+00 1.000011e+00 1.000020e+00 -2.586451e-17 9.999858e-01 1.195260e+00 3 0
-3.000000e+00 -5.000000e+00 5.000000e-01 9.999769e-01 1.000043e+00 9.999810e-01 2.281353e-16 9.999825e-01 1.195240e+00 3 0
-2.000000e+00 -5.000000e+00 5.000000e-01 1.000094e+00 9.999561e-01 9.999559e-01 1.355233e-16 1.000108e+00 1.195167e+00 3 0
-4.000000e+00 -4.000000e+00 5.000000e-01 1.000091e+00 9.999326e-01 9.998736e-01 3.212337e-17 1.000160e+00 1.195072e+00 3 0
-3.000000e+00 -4.000000e+00 5.000000e-01 1.000074e+00 9.998975e-01 9.999715e-01 -5.423870e-17 1.000090e+00 1.195141e+00 3 0
-2.000000e+00 -4.000000e+00 5.000000e-01 1.000078e+00 9.997982e-01 9.998552e-01 2.653114e-16 1.000111e+00 1.195002e+00 3 0
-4.000000e+00 -6.000000e+00 0.000000e+00 9.999798e-01 9.999802e-01 9.999578e-01 -4.342441e-16 1.000018e+00 1.195169e+00 3 0
-3.000000e+00 -6.000000e+00 0.000000e+00 1.000052e+00 9.999206e-01 1.000056e+00 -2.405455e-16 1.000043e+00 1.195221e+00 3 0
-2.000000e+00 -6.000000e+00 0.000000e+00 9.999294e-01 1.000057e+00 1.000103e+00 1.423971e-15 9.999528e-01 1.195310e+00 3 0
-4.000000e+00 -5.000000e+00 0.000000e+00 1.000007e+00 1.000011e+00 1.000020e+00 -1.488363e-15 9.999858e-01 1.195260e+00 3 0
-3.000000e+00 -5.000000e+00 0.000000e+00 9.999769e-01 1.000043e+00 9.999810e-01 -1.327309e-16 9.999825e-01 1.195240e+00 3 0
-2.000000e+00 -5.000000e+00 0.000000e+00 1.000094e+00 9.999561e-01 9.999559e-01 -1.731932e-17 1.000108e+00 1.195167e+00 3 0
-4.000000e+00 -4.000000e+00 0.000000e+00 1.000091e+00 9.999326e-01 9.998736e-01 -1.280290e-15 1.000160e+00 1.195072e+00 3 0
-3.000000e+00 -4.000000e+00 0.000000e+00 1.000074e+00 9.998975e-01 9.999715e-01 -4.683251e-16 1.000090e+00 1.195141e+00 3 0
-2.000000e+00 -4.000000e+00 0.000000e+00 1.000078e+00 9.997982e-01 9.998552e-01 -2.194991e-16 1.000111e+00 1.195002e+00 3 0
-4.000000e+00 -6.000000e+00 -5.000000e-01 9.999798e-01 9.999802e-01 9.999578e-01 -2.556145e-16 1.000018e+00 1.195169e+00 3 0
-3.000000e+00 -6.000000e+00 -5.000000e-01 1.000052e+00 9.999206e-01 1.000056e+00 4.185705e-17 1.000043e+00 1.195221e+00 3 0
-2.000000e+00 -6.000000e+00 -5.000000e-01 9.999294e-01 1.000057e+00 1.000103e+00 -3.471496e-16 9.999528e-01 1.195310e+00 3 0
-4.000000e+00 -5.000000e+00 -5.000000e-01 1.000007e+00 1.000011e+00 1.000020e+00 3.650422e-17 9.999858e-01 1.195260e+00 3 0
-3.000000e+00 -5.000000e+00 -5.000000e-01 9.999769e-01 1.000043e+00 9.999810e-01 -1.372530e-16 9.999825e-01 1.195240e+00 3 0
-2.000000e+00 -5.000000e+00 -5.000000e-01 1.000094e+00 9.999561e-01 9.999559e-01 -8.458096e-17 1.000108e+00 1.195167e+00 3 0
-4.000000e+00 -4.000000e+00 -5.000000e-01 1.000091e+00 9.999326e-01 9.998736e-01 8.813073e-17 1.000160e+00 1.195072e+00 3 0
-3.000000e+00 -4.000000e+00 -5.000000e-01 1.000074e+00 9.998975e-01 9.999715e-01 7.750332e-17 1.000090e+00 1.195141e+00 3 0
-2.000000e+00 -4.000000e+00 -5.000000e-01 1.000078e+00 9.997982e-01 9.998552e-01 -3.119332e-16 1.000111e+00 1.195002e+00 3 0
VARIABLES = "X", "Y", "Z", "ro", "u", "v", "w", "pre", "Ma", "PART", "IMEX" 
ZONE I=3, J=3, K=3, DATAPACKING=POINT
-4.000000e+00 -4.000000e+00 5.000000e-01 1.000102e+00 9.998330e-01 9.998857e-01 6.595919e-17 1.000217e+00 1.194992e+00 3 0
-3.000000e+00 -4.000000e+00 5.000000e-01 1.000093e+00 9.997937e-01 9.999932e-01 3.956778e-17 1.000103e+00 1.195095e+00 3 0
-2.000000e+00 -4.000000e+00 5.000000e-01 9.999688e-01 9.995177e-01 9.998679e-01 4.924152e-16 9.999444e-01 1.194876e+00 3 0
-4.000000e+00 -3.000000e+00 5.000000e-01 9.998097e-01 1.000158e+00 1.000261e+00 -1.282092e-16 9.997098e-01 1.195539e+00 3 0
-3.000000e+00 -3.000000e+00 5.000000e-01 1.000027e+00 1.000063e+00 9.999100e-01 5.895404e-16 1.000036e+00 1.195207e+00 3 0
-2.000000e+00 -3.000000e+00 5.000000e-01 9.992923e-01 1.001250e+00 1.000587e+00 -6.831038e-17 9.990542e-01 1.196469e+00 3 0
-4.000000e+00 -2.000000e+00 5.000000e-01 1.001096e+00 9.992796e-01 9.995165e-01 2.644282e-16 1.001479e+00 1.194281e+00 3 0
-3.000000e+00 -2.000000e+00 5.000000e-01 1.000389e+00 9.998901e-01 9.988689e-01 7.420069e-17 1.000626e+00 1.194345e+00 3 0
-2.000000e+00 -2.000000e+00 5.000000e-01 1.000189e+00 1.001284e+00 9.981014e-01 -1.436571e-16 1.000010e+00 1.194969e+00 3 0
-4.000000e+00 -4.000000e+00 0.000000e+00 1.000102e+00 9.998330e-01 9.998857e-01 -1.507330e-15 1.000217e+00 1.194992e+00 3 0
-3.000000e+00 -4.000000e+00 0.000000e+00 1.000093e+00 9.997937e-01 9.999932e-01 -4.248281e-16 1.000103e+00 1.195095e+00 3 0
-2.000000e+00 -4.000000e+00 0.000000e+00 9.999688e-01 9.995177e-01 9.998679e-01 -1.801529e-16 9.999444e-01 1.194876e+00 3 0
-4.000000e+00 -3.000000e+00 0.000000e+00 9.998097e-01 1.000158e+00 1.000261e+00 -7.300130e-16 9.997098e-01 1.195539e+00 3 0
-3.000000e+00 -3.000000e+00 0.000000e+00 1.000027e+00 1.000063e+00 9.999100e-01 -3.151937e-16 1.000036e+00 1.195207e+00 3 0
-2.000000e+00 -3.000000e+00 0.000000e+00 9.992923e-01 1.001250e+00 1.000587e+00 7.739676e-17 9.990542e-01 1.196469e+00 3 0
-4.000000e+00 -2.000000e+00 0.000000e+00 1.001096e+00 9.992796e-01 9.995165e-01 -3.673760e-16 1.001479e+00 1.194281e+00 3 0
-3.000000e+00 -2.000000e+00 0.000000e+00 1.000389e+00 9.998901e-01 9.988689e-01 -1.621995e-15 1.000626e+00 1.194345e+00 3 0
-2.000000e+00 -2.000000e+00 0.000000e+00 1.000189e+00 1.001284e+00 9.981014e-01 -1.543136e-15 1.000010e+00 1.194969e+00 3 0
-4.000000e+00 -4.000000e+00 -5.000000e-01 1.000102e+00 9.998330e-01 9.998857e-01 2.318109e-17 1.000217e+00 1.194992e+00 3 0
-3.000000e+00 -4.000000e+00 -5.000000e-01 1.000093e+00 9.997937e-01 9.999932e-01 5.573745e-17 1.000103e+00 1.195095e+00 3 0
-2.000000e+00 -4.000000e+00 -5.000000e-01 9.999688e-01 9.995177e-01 9.998679e-01 -5.262037e-16 9.999444e-01 1.194876e+00 3 0
-4.000000e+00 -3.000000e+00 -5.000000e-01 9.998097e-01 1.000158e+00 1.000261e+00 1.042236e-16 9.997098e-01 1.195539e+00 3 0
-3.000000e+00 -3.000000e+00 -5.000000e-01 1.000027e+00 1.000063e+00 9.999100e-01 -3.919184e-16 1.000036e+00 1.195207e+00 3 0
-2.000000e+00 -3.000000e+00 -5.000000e-01 9.992923e-01 1.001250e+00 1.000587e+00 1.962310e-16 9.990542e-01 1.196469e+00 3 0
-4.000000e+00 -2.000000e+00 -5.000000e-01 1.001096e+00 9.992796e-01 9.995165e-01 -1.843030e-16 1.001479e+00 1.194281e+00 3 0
-3.000000e+00 -2.000000e+00 -5.000000e-01 1.000389e+00 9.998901e-01 9.988689e-01 -1.841089e-16 1.000626e+00 1.194345e+00 3 0
-2.000000e+00 -2.000000e+00 -5.000000e-01 1.000189e+00 1.001284e+00 9.981014e-01 2.611386e-16 1.000010e+00 1.194969e+00 3 0
VARIABLES = "X", "Y", "Z", "ro", "u", "v", "w", "pre", "Ma", "PART", "IMEX" 
ZONE I=3, J=3, K=3, DATAPACKING=POINT
-4.000000e+00 -2.000000e+00 5.000000e-01 1.001527e+00 9.994003e-01 9.996525e-01 1.668143e-18 1.001993e+00 1.194384e+00 3 0
-3.000000e+00 -2.000000e+00 5.000000e-01 1.000201e+00 9.998684e-01 9.987067e-01 -2.006185e-16 1.000471e+00 1.194216e+00 3 0
-2.000000e+00 -2.000000e+00 5.000000e-01 9.996433e-01 1.001328e+00 9.986099e-01 1.623619e-16 9.989576e-01 1.195603e+00 3 0
-4.000000e+00 -1.000000e+00 5.000000e-01 1.000250e+00 9.976737e-01 1.000626e+00 2.135209e-16 1.000562e+00 1.194027e+00 3 0
-3.000000e+00 -1.000000e+00 5.000000e-01 1.000228e+00 1.000252e+00 9.984791e-01 -1.424942e-16 1.000128e+00 1.194530e+00 3 0
-2.000000e+00 -1.000000e+00 5.000000e-01 9.926467e-01 1.008190e+00 1.004573e+00 2.782497e-16 9.902152e-01 1.204334e+00 3 0
-4.000000e+00 0.000000e+00 5.000000e-01 9.988216e-01 9.979709e-01 1.010892e+00 2.410257e-17 9.974583e-01 1.201370e+00 3 0
-3.000000e+00 0.000000e+00 5.000000e-01 9.969360e-01 1.002042e+00 9.952827e-01 -9.845628e-17 9.963371e-01 1.193995e+00 3 0
-2.000000e+00 0.000000e+00 5.000000e-01 9.813068e-01 1.027919e+00 1.015110e+00 1.812834e-17 9.729930e-01 1.226173e+00 3 0
-4.000000e+00 -2.000000e+00 0.000000e+00 1.001527e+00 9.994003e-01 9.996525e-01 -9.004153e-16 1.001993e+00 1.194384e+00 3 0
-3.000000e+00 -2.000000e+00 0.000000e+00 1.000201e+00 9.998684e-01 9.987067e-01 -1.456459e-15 1.000471e+00 1.194216e+00 3 0
-2.000000e+00 -2.000000e+00 0.000000e+00 9.996433e-01 1.001328e+00 9.986099e-01 -1.739824e-15 9.989576e-01 1.195603e+00 3 0
-4.000000e+00 -1.000000e+00 0.000000e+00 1.000250e+00 9.976737e-01 1.000626e+00 3.521501e-16 1.000562e+00 1.194027e+00 3 0
-3.000000e+00 -1.000000e+00 0.000000e+00 1.000228e+00 1.000252e+00 9.984791e-01 -9.588794e-16 1.000128e+00 1.194530e+00 3 0
-2.000000e+00 -1.000000e+00 0.000000e+00 9.926467e-01 1.008190e+00 1.004573e+00 -1.088709e-15 9.902152e-01 1.204334e+00 3 0
-4.000000e+00 0.000000e+00 0.000000e+00 9.988216e-01 9.979709e-01 1.010892e+00 -5.417843e-16 9.974583e-01 1.201370e+00 3 0
-3.000000e+00 0.000000e+00 0.000000e+00 9.969360e-01 1.002042e+00 9.952827e-01 -1.700793e-16 9.963371e-01 1.193995e+00 3 0
-2.000000e+00 0.000000e+00 0.000000e+00 9.813068e-01 1.027919e+00 1.015110e+00 4.773892e-16 9.729930e-01 1.226173e+00 3 0
-4.000000e+00 -2.000000e+00 -5.000000e-01 1.001527e+00 9.994003e-01 9.996525e-01 -9.159911e-17 1.001993e+00 1.194384e+00 3 0
-3.000000e+00 -2.000000e+00 -5.000000e-01 1.000201e+00 9.998684e-01 9.987067e-01 2.503605e-16 1.000471e+00 1.194216e+00 3 0
-2.000000e+00 -2.000000e+00 -5.000000e-01 9.996433e-01 1.001328e+00 9.986099e-01 -9.827253e-18 9.989576e-01 1.195603e+00 3 0
-4.000000e+00 -1.000000e+00 -5.000000e-01 1.000250e+00 9.976737e-01 1.000626e+00 1.640467e-17 1.000562e+00 1.194027e+00 3 0
-3.000000e+00 -1.000000e+00 -5.000000e-01 1.000228e+00 1.000252e+00 9.984791e-01 2.149075e-16 1.000128e+00 1.194530e+00 3 0
-2.000000e+00 -1.000000e+00 -5.000000e-01 9.926467e-01 1.008190e+00 1.004573e+00 -1.310258e-16 9.902152e-01 1.204334e+00 3 0
-4.000000e+00 0.000000e+00 -5.000000e-01 9.988216e-01 9.979709e-01 1.010892e+00 -2.124144e-16 9.974583e-01 1.201370e+00 3 0
-3.000000e+00 0.000000e+00 -5.000000e-01 9.969360e-01 1.002042e+00 9.952827e-01 -4.901761e-17 9.963371e-01 1.193995e+00 3 0
-2.000000e+00 0.000000e+00 -5.000000e-01 9.813068e-01 1.027919e+00 1.015110e+00 -1.513464e-16 9.729930e-01 1.226173e+00 3 0
VARIABLES = "X", "Y", "Z", "ro", "u", "v", "w", "pre", "Ma", "PART", "IMEX" 
ZONE I=3, J=3, K=3, DATAPACKING=POINT
-2.000000e+00 -8.000000e+00 5.000000e-01 9.999602e-01 1.000061e+00 9.999756e-01 1.566748e-16 9.999710e-01 1.195244e+00 3 0
-1.000000e+00 -8.000000e+00 5.000000e-01 9.999869e-01 1.000080e+00 1.000073e+00 2.690675e-17 9.999657e-01 1.195332e+00 3 0
0.000000e+00 -8.000000e+00 5.000000e-01 9.998338e-01 1.000314e+00 9.998759e-01 9.291927e-17 9.997700e-01 1.195380e+00 3 0
-2.000000e+00 -7.000000e+00 5.000000e-01 1.000117e+00 9.998520e-01 9.999885e-01 4.549978e-16 1.000133e+00 1.195124e+00 3 0
-1.000000e+00 -7.000000e+00 5.000000e-01 1.000070e+00 9.998686e-01 9.998319e-01 1.148297e-16 1.000116e+00 1.195022e+00 3 0
0.000000e+00 -7.000000e+00 5.000000e-01 1.000077e+00 9.996612e-01 1.000224e+00 2.223346e-16 1.000093e+00 1.195150e+00 3 0
-2.000000e+00 -6.000000e+00 5.000000e-01 1.000008e+00 1.000037e+00 1.000043e+00 4.080805e-16 1.000055e+00 1.195248e+00 3 0
-1.000000e+00 -6.000000e+00 5.000000e-01 9.994988e-01 1.000015e+00 1.000702e+00 1.370884e-16 9.992712e-01 1.195793e+00 3 0
0.000000e+00 -6.000000e+00 5.000000e-01 9.989331e-01 1.000556e+00 1.000523e+00 -1.099145e-16 9.984736e-01 1.196148e+00 3 0
-2.000000e+00 -8.000000e+00 0.000000e+00 9.999602e-01 1.000061e+00 9.999756e-01 -2.971843e-16 9.999710e-01 1.195244e+00 3 0
-1.000000e+00 -8.000000e+00 0.000000e+00 9.999869e-01 1.000080e+00 1.000073e+00 -2.061338e-16 9.999657e-01 1.195332e+00 3 0
0.000000e+00 -8.000000e+00 0.000000e+00 9.998338e-01 1.000314e+00 9.998759e-01 -1.488650e-16 9.997700e-01 1.195380e+00 3 0
-2.000000e+00 -7.000000e+00 0.000000e+00 1.000117e+00 9.998520e-01 9.999885e-01 3.359167e-16 1.000133e+00 1.195124e+00 3 0
-1.000000e+00 -7.000000e+00 0.000000e+00 1.000070e+00 9.998686e-01 9.998319e-01 4.245270e-16 1.000116e+00 1.195022e+00 3 0
0.000000e+00 -7.000000e+00 0.000000e+00 1.000077e+00 9.996612e-01 1.000224e+00 1.860945e-16 1.000093e+00 1.195150e+00 3 0
-2.000000e+00 -6.000000e+00 0.000000e+00 1.000008e+00 1.000037e+00 1.000043e+00 1.104424e-15 1.000055e+00 1.195248e+00 3 0
-1.000000e+00 -6.000000e+00 0.000000e+00 9.994988e-01 1.000015e+00 1.000702e+00 -2.547003e-16 9.992712e-01 1.195793e+00 3 0
0.000000e+00 -6.000000e+00 0.000000e+00 9.989331e-01 1.000556e+00 1.000523e+00 -1.067106e-15 9.984736e-01 1.196148e+00 3 0
-2.000000e+00 -8.000000e+00 -5.000000e-01 9.999602e-01 1.000061e+00 9.999756e-01 -2.124713e-16 9.999710e-01 1.195244e+00 3 0
-1.000000e+00 -8.000000e+00 -5.000000e-01 9.999869e-01 1.000080e+00 1.000073e+00 -6.057250e-17 9.999657e-01 1.195332e+00 3 0
0.000000e+00 -8.000000e+00 -5.000000e-01 9.998338e-01 1.000314e+00 9.998759e-01 6.497226e-18 9.997700e-01 1.195380e+00 3 0
-2.000000e+00 -7.000000e+00 -5.000000e-01 1.000117e+00 9.998520e-01 9.999885e-01 -3.851642e-16 1.000133e+00 1.195124e+00 3 0
-1.000000e+00 -7.000000e+00 -5.000000e-01 1.000070e+00 9.998686e-01 9.998319e-01 -9.611058e-17 1.000116e+00 1.195022e+00 3 0
0.000000e+00 -7.000000e+00 -5.000000e-01 1.000077e+00 9.996612e-01 1.000224e+00 -2.213095e-16 1.000093e+00 1.195150e+00 3 0
-2.000000e+00 -6.000000e+00 -5.000000e-01 1.000008e+00 1.000037e+00 1.000043e+00 -2.674305e-16 1.000055e+00 1.195248e+00 3 0
-1.000000e+00 -6.000000e+00 -5.000000e-01 9.994988e-01 1.000015e+00 1.000702e+00 -3.553971e-17 9.992712e-01 1.195793e+00 3 0
0.000000e+00 -6.000000e+00 -5.000000e-01 9.989331e-01 1.000556e+00 1.000523e+00 -5.373378e-17 9.984736e-01 1.196148e+00 3 0
VARIABLES = "X", "Y", "Z", "ro", "u", "v", "w", "pre", "Ma", "PART", "IMEX" 
ZONE I=3, J=3, K=3, DATAPACKING=POINT
-2.000000e+00 -6.000000e+00 5.000000e-01 9.999834e-01 1.000021e+00 1.000000e+00 6.823311e-16 1.000085e+00 1.195181e+00 3 0
-1.000000e+00 -6.000000e+00 5.000000e-01 9.997340e-01 1.000034e+00 1.000353e+00 -3.119942e-17 9.995640e-01 1.195561e+00 3 0
0.000000e+00 -6.000000e+00 5.000000e-01 9.987958e-01 1.001035e+00 9.996020e-01 -3.776368e-16 9.982364e-01 1.195945e+00 3 0
-2.000000e+00 -5.000000e+00 5.000000e-01 1.000038e+00 9.999741e-01 1.000019e+00 2.521998e-17 1.000005e+00 1.195245e+00 3 0
-1.000000e+00 -5.000000e+00 5.000000e-01 1.000485e+00 9.999155e-01 9.997305e-01 2.335299e-16 1.000707e+00 1.194884e+00 3 0
0.000000e+00 -5.000000e+00 5.000000e-01 1.000861e+00 9.998408e-01 9.998471e-01 4.392291e-17 1.001274e+00 1.194796e+00 3 0
-2.000000e+00 -4.000000e+00 5.000000e-01 1.000306e+00 9.996593e-01 9.996302e-01 3.713897e-16 1.000443e+00 1.194722e+00 3 0
-1.000000e+00 -4.000000e+00 5.000000e-01 9.981534e-01 1.000278e+00 1.001429e+00 1.201232e-16 9.974146e-01 1.196691e+00 3 0
0.000000e+00 -4.000000e+00 5.000000e-01 9.957196e-01 9.990246e-01 1.004245e+00 -2.482197e-16 9.938322e-01 1.198323e+00 3 0
-2.000000e+00 -6.000000e+00 0.000000e+00 9.999834e-01 1.000021e+00 1.000000e+00 1.511630e-15 1.000085e+00 1.195181e+00 3 0
-1.000000e+00 -6.000000e+00 0.000000e+00 9.997340e-01 1.000034e+00 1.000353e+00 -9.668033e-16 9.995640e-01 1.195561e+00 3 0
0.000000e+00 -6.000000e+00 0.000000e+00 9.987958e-01 1.001035e+00 9.996020e-01 -1.750294e-15 9.982364e-01 1.195945e+00 3 0
-2.000000e+00 -5.000000e+00 0.000000e+00 1.000038e+00 9.999741e-01 1.000019e+00 -2.717977e-16 1.000005e+00 1.195245e+00 3 0
-1.000000e+00 -5.000000e+00 0.000000e+00 1.000485e+00 9.999155e-01 9.997305e-01 6.652118e-16 1.000707e+00 1.194884e+00 3 0
0.000000e+00 -5.000000e+00 0.000000e+00 1.000861e+00 9.998408e-01 9.998471e-01 4.988256e-16 1.001274e+00 1.194796e+00 3 0
-2.000000e+00 -4.000000e+00 0.000000e+00 1.000306e+00 9.996593e-01 9.996302e-01 -5.694917e-16 1.000443e+00 1.194722e+00 3 0
-1.000000e+00 -4.000000e+00 0.000000e+00 9.981534e-01 1.000278e+00 1.001429e+00 1.115405e-15 9.974146e-01 1.196691e+00 3 0
0.000000e+00 -4.000000e+00 0.000000e+00 9.957196e-01 9.990246e-01 1.004245e+00 -2.031098e-16 9.938322e-01 1.198323e+00 3 0
-2.000000e+00 -6.000000e+00 -5.000000e-01 9.999834e-01 1.000021e+00 1.000000e+00 -4.799785e-16 1.000085e+00 1.195181e+00 3 0
-1.000000e+00 -6.000000e+00 -5.000000e-01 9.997340e-01 1.000034e+00 1.000353e+00 5.697583e-17 9.995640e-01 1.195561e+00 3 0
0.000000e+00 -6.000000e+00 -5.000000e-01 9.987958e-01 1.001035e+00 9.996020e-01 1.610590e-16 9.982364e-01 1.195945e+00 3 0
-2.000000e+00 -5.000000e+00 -5.000000e-01 1.000038e+00 9.999741e-01 1.000019e+00 4.704095e-17 1.000005e+00 1.195245e+00 3 0
-1.000000e+00 -5.000000e+00 -5.000000e-01 1.000485e+00 9.999155e-01 9.997305e-01 -2.060035e-16 1.000707e+00 1.194884e+00 3 0
0.000000e+00 -5.000000e+00 -5.000000e-01 1.000861e+00 9.998408e-01 9.998471e-01 1.778225e-16 1.001274e+00 1.194796e+00 3 0
-2.000000e+00 -4.000000e+00 -5.000000e-01 1.000306e+00 9.996593e-01 9.996302e-01 -3.930383e-16 1.000443e+00 1.194722e+00 3 0
-1.000000e+00 -4.000000e+00 -5.000000e-01 9.981534e-01 1.000278e+00 1.001429e+00 -9.149715e-17 9.974146e-01 1.196691e+00 3 0
0.000000e+00 -4.000000e+00 -5.000000e-01 9.957196e-01 9.990246e-01 1.004245e+00 7.298075e-17 9.938322e-01 1.198323e+00 3 0
VARIABLES = "X", "Y", "Z", "ro", "u", "v", "w", "pre", "Ma", "PART", "IMEX" 
ZONE I=3, J=3, K=3, DATAPACKING=POINT
-2.000000e+00 -4.000000e+00 5.000000e-01 1.000276e+00 9.991414e-01 9.997312e-01 3.371065e-16 1.000397e+00 1.194482e+00 3 0
-1.000000e+00 -4.000000e+00 5.000000e-01 9.980652e-01 9.999196e-01 1.000349e+00 -3.483063e-16 9.973179e-01 1.195837e+00 3 0
0.000000e+00 -4.000000e+00 5.000000e-01 9.959248e-01 9.976565e-01 1.001179e+00 -1.321374e-16 9.939947e-01 1.195694e+00 3 0
-2.000000e+00 -3.000000e+00 5.000000e-01 9.991568e-01 1.001550e+00 1.000500e+00 -2.226756e-16 9.988830e-01 1.196617e+00 3 0
-1.000000e+00 -3.000000e+00 5.000000e-01 1.000144e+00 1.000747e+00 1.001491e+00 1.060590e-16 1.000136e+00 1.196570e+00 3 0
0.000000e+00 -3.000000e+00 5.000000e-01 1.003275e+00 1.000699e+00 9.989401e-01 1.314142e-17 1.004678e+00 1.194178e+00 3 0
-2.000000e+00 -2.000000e+00 5.000000e-01 1.000808e+00 1.000165e+00 9.980202e-01 1.315870e-16 1.000670e+00 1.194227e+00 3 0
-1.000000e+00 -2.000000e+00 5.000000e-01 1.000935e+00 1.001759e+00 9.970223e-01 -3.680946e-16 1.001666e+00 1.194068e+00 3 0
0.000000e+00 -2.000000e+00 5.000000e-01 9.977252e-01 9.947137e-01 1.000914e+00 -1.124361e-16 9.967712e-01 1.193192e+00 3 0
-2.000000e+00 -4.000000e+00 0.000000e+00 1.000276e+00 9.991414e-01 9.997312e-01 -5.097139e-16 1.000397e+00 1.194482e+00 3 0
-1.000000e+00 -4.000000e+00 0.000000e+00 9.980652e-01 9.999196e-01 1.000349e+00 9.802535e-16 9.973179e-01 1.195837e+00 3 0
0.000000e+00 -4.000000e+00 0.000000e+00 9.959248e-01 9.976565e-01 1.001179e+00 -5.166038e-16 9.939947e-01 1.195694e+00 3 0
-2.000000e+00 -3.000000e+00 0.000000e+00 9.991568e-01 1.001550e+00 1.000500e+00 3.824266e-16 9.988830e-01 1.196617e+00 3 0
-1.000000e+00 -3.000000e+00 0.000000e+00 1.000144e+00 1.000747e+00 1.001491e+00 -6.003027e-17 1.000136e+00 1.196570e+00 3 0
0.000000e+00 -3.000000e+00 0.000000e+00 1.003275e+00 1.000699e+00 9.989401e-01 3.827675e-16 1.004678e+00 1.194178e+00 3 0
-2.000000e+00 -2.000000e+00 0.000000e+00 1.000808e+00 1.000165e+00 9.980202e-01 -1.384363e-15 1.000670e+00 1.194227e+00 3 0
-1.000000e+00 -2.000000e+00 0.000000e+00 1.000935e+00 1.001759e+00 9.970223e-01 -8.620657e-16 1.001666e+00 1.194068e+00 3 0
0.000000e+00 -2.000000e+00 0.000000e+00 9.977252e-01 9.947137e-01 1.000914e+00 3.589569e-16 9.967712e-01 1.193192e+00 3 0
-2.000000e+00 -4.000000e+00 -5.000000e-01 1.000276e+00 9.991414e-01 9.997312e-01 -3.224382e-16 1.000397e+00 1.194482e+00 3 0
-1.000000e+00 -4.000000e+00 -5.000000e-01 9.980652e-01 9.999196e-01 1.000349e+00 3.677145e-16 9.973179e-01 1.195837e+00 3 0
0.000000e+00 -4.000000e+00 -5.000000e-01 9.959248e-01 9.976565e-01 1.001179e+00 -3.113463e-17 9.939947e-01 1.195694e+00 3 0
-2.000000e+00 -3.000000e+00 -5.000000e-01 9.991568e-01 1.001550e+00 1.000500e+00 4.052825e-16 9.988830e-01 1.196617e+00 3 0
-1.000000e+00 -3.000000e+00 -5.000000e-01 1.000144e+00 1.000747e+00 1.001491e+00 -1.039396e-16 1.000136e+00 1.196570e+00 3 0
0.000000e+00 -3.000000e+00 -5.000000e-01 1.003275e+00 1.000699e+00 9.989401e-01 4.923648e-17 1.004678e+00 1.194178e+00 3 0
-2.000000e+00 -2.000000e+00 -5.000000e-01 1.000808e+00 1.000165e+00 9.980202e-01 6.767459e-17 1.000670e+00 1.194227e+00 3 0
-1.000000e+00 -2.000000e+00 -5.000000e-01 1.000935e+00 1.001759e+00 9.970223e-01 3.923083e-16 1.001666e+00 1.194068e+00 3 0
0.000000e+00 -2.000000e+00 -5.000000e-01 9.977252e-01 9.947137e-01 1.000914e+00 1.592711e-16 9.967712e-01 1.193192e+00 3 0
VARIABLES = "X", "Y", "Z", "ro", "u", "v", "w", "pre", "Ma", "PART", "IMEX" 
ZONE I=3, J=3, K=3, DATAPACKING=POINT
-2.000000e+00 -2.000000e+00 5.000000e-01 1.000724e+00 9.998374e-01 9.987236e-01 2.440182e-16 1.000036e+00 1.194780e+00 3 0
-1.000000e+00 -2.000000e+00 5.000000e-01 9.979406e-01 1.001992e+00 9.968761e-01 -4.119993e-16 9.979627e-01 1.194543e+00 3 0
0.000000e+00 -2.000000e+00 5.000000e-01 9.909304e-01 9.930142e-01 9.991267e-01 3.416817e-18 9.881728e-01 1.192198e+00 3 0
-2.000000e+00 -1.000000e+00 5.000000e-01 9.916563e-01 1.011101e+00 1.004085e+00 6.159415e-17 9.892962e-01 1.205747e+00 3 0
-1.000000e+00 -1.000000e+00 5.000000e-01 9.883744e-01 1.010812e+00 1.012583e+00 -2.128100e-16 9.829317e-01 1.212554e+00 3 0
0.000000e+00 -1.000000e+00 5.000000e-01 9.977545e-01 1.042677e+00 9.903978e-01 3.783460e-16 9.960186e-01 1.216455e+00 3 0
-2.000000e+00 0.000000e+00 5.000000e-01 9.770272e-01 1.040167e+00 1.022284e+00 3.396317e-17 9.666228e-01 1.239213e+00 3 0
-1.000000e+00 0.000000e+00 5.000000e-01 9.969200e-01 1.034608e+00 9.582867e-01 -1.151565e-16 9.974833e-01 1.191519e+00 3 0
0.000000e+00 0.000000e+00 5.000000e-01 1.029046e+00 1.204931e+00 7.807441e-01 2.203847e-16 1.045620e+00 1.203787e+00 3 0
-2.000000e+00 -2.000000e+00 0.000000e+00 1.000724e+00 9.998374e-01 9.987236e-01 -1.831679e-15 1.000036e+00 1.194780e+00 3 0
-1.000000e+00 -2.000000e+00 0.000000e+00 9.979406e-01 1.001992e+00 9.968761e-01 -1.058848e-15 9.979627e-01 1.194543e+00 3 0
0.000000e+00 -2.000000e+00 0.000000e+00 9.909304e-01 9.930142e-01 9.991267e-01 3.258379e-16 9.881728e-01 1.192198e+00 3 0
-2.000000e+00 -1.000000e+00 0.000000e+00 9.916563e-01 1.011101e+00 1.004085e+00 -7.187281e-16 9.892962e-01 1.205747e+00 3 0
-1.000000e+00 -1.000000e+00 0.000000e+00 9.883744e-01 1.010812e+00 1.012583e+00 -1.366637e-15 9.829317e-01 1.212554e+00 3 0
0.000000e+00 -1.000000e+00 0.000000e+00 9.977545e-01 1.042677e+00 9.903978e-01 -4.413575e-16 9.960186e-01 1.216455e+00 3 0
-2.000000e+00 0.000000e+00 0.000000e+00 9.770272e-01 1.040167e+00 1.022284e+00 8.143188e-16 9.666228e-01 1.239213e+00 3 0
-1.000000e+00 0.000000e+00 0.000000e+00 9.969200e-01 1.034608e+00 9.582867e-01 -1.534562e-15 9.974833e-01 1.191519e+00 3 0
0.000000e+00 0.000000e+00 0.000000e+00 1.029046e+00 1.204931e+00 7.807441e-01 8.556842e-16 1.045620e+00 1.203787e+00 3 0
-2.000000e+00 -2.000000e+00 -5.000000e-01 1.000724e+00 9.998374e-01 9.987236e-01 -7.726908e-17 1.000036e+00 1.194780e+00 3 0
-1.000000e+00 -2.000000e+00 -5.000000e-01 9.979406e-01 1.001992e+00 9.968761e-01 5.098246e-16 9.979627e-01 1.194543e+00 3 0
0.000000e+00 -2.000000e+00 -5.000000e-01 9.909304e-01 9.930142e-01 9.991267e-01 3.288194e-17 9.881728e-01 1.192198e+00 3 0
-2.000000e+00 -1.000000e+00 -5.000000e-01 9.916563e-01 1.011101e+00 1.004085e+00 1.160623e-16 9.892962e-01 1.205747e+00 3 0
-1.000000e+00 -1.000000e+00 -5.000000e-01 9.883744e-01 1.010812e+00 1.012583e+00 1.752959e-16 9.829317e-01 1.212554e+00 3 0
0.000000e+00 -1.000000e+00 -5.000000e-01 9.977545e-01 1.042677e+00 9.903978e-01 -2.925520e-16 9.960186e-01 1.216455e+00 3 0
-2.000000e+00 0.000000e+00 -5.000000e-01 9.770272e-01 1.040167e+00 1.022284e+00 -3.176824e-16 9.666228e-01 1.239213e+00 3 0
-1.000000e+00 0.000000e+00 -5.000000e-01 9.969200e-01 1.034608e+00 9.582867e-01 2.332047e-17 9.974833e-01 1.191519e+00 3 0
0.000000e+00 0.000000e+00 -5.000000e-01 1.029046e+00 1.204931e+00 7.807441e-01 2.099847e-16 1.045620e+00 1.203787e+00 3 0
