VARIABLES = "X", "Y", "Z", "ro", "u", "v", "w", "pre", "Ma", "PART", "IMEX" 
ZONE I=3, J=3, K=3, DATAPACKING=POINT
0.000000e+00 0.000000e+00 5.000000e-01 1.046440e+00 1.221165e+00 7.618456e-01 1.368968e-17 1.059585e+00 1.208882e+00 1 0
1.000000e+00 0.000000e+00 5.000000e-01 1.014750e+00 1.535721e+00 8.978685e-01 7.734514e-16 1.007584e+00 1.508811e+00 1 0
2.000000e+00 0.000000e+00 5.000000e-01 9.695118e-01 1.601775e+00 1.157311e+00 6.691571e-16 9.418603e-01 1.694466e+00 1 0
0.000000e+00 1.000000e+00 5.000000e-01 9.940600e-01 1.167518e+00 4.538046e-01 2.580091e-16 9.965798e-01 1.057311e+00 1 0
1.000000e+00 1.000000e+00 5.000000e-01 7.214675e-01 1.458446e+00 5.809557e-01 7.670117e-16 6.519894e-01 1.395710e+00 1 0
2.000000e+00 1.000000e+00 5.000000e-01 7.109858e-01 1.414175e+00 1.463500e+00 -2.663055e-16 6.360334e-01 1.818516e+00 1 0
0.000000e+00 2.000000e+00 5.000000e-01 9.901184e-01 8.824017e-01 4.384062e-01 -4.160004e-16 9.725900e-01 8.402080e-01 1 0
1.000000e+00 2.000000e+00 5.000000e-01 7.121594e-01 4.830819e-01 4.808142e-01 8.939301e-17 6.436198e-01 6.059354e-01 1 0
2.000000e+00 2.000000e+00 5.000000e-01 6.895100e-01 5.020948e-01 1.544287e+00 1.150814e-16 6.012597e-01 1.469683e+00 1 0
0.000000e+00 0.000000e+00 0.000000e+00 1.046440e+00 1.221165e+00 7.618456e-01 1.332216e-15 1.059585e+00 1.208882e+00 1 0
1.000000e+00 0.000000e+00 0.000000e+00 1.014750e+00 1.535721e+00 8.978685e-01 -3.593136e-16 1.007584e+00 1.508811e+00 1 0
2.000000e+00 0.000000e+00 0.000000e+00 9.695118e-01 1.601775e+00 1.157311e+00 -2.436852e-16 9.418603e-01 1.694466e+00 1 0
0.000000e+00 1.000000e+00 0.000000e+00 9.940600e-01 1.167518e+00 4.538046e-01 3.117525e-16 9.965798e-01 1.057311e+00 1 0
1.000000e+00 1.000000e+00 0.000000e+00 7.214675e-01 1.458446e+00 5.809557e-01 3.468666e-16 6.519894e-01 1.395710e+00 1 0
2.000000e+00 1.000000e+00 0.000000e+00 7.109858e-01 1.414175e+00 1.463500e+00 -8.461183e-16 6.360334e-01 1.818516e+00 1 0
0.000000e+00 2.000000e+00 0.000000e+00 9.901184e-01 8.824017e-01 4.384062e-01 -1.240725e-15 9.725900e-01 8.402080e-01 1 0
1.000000e+00 2.000000e+00 0.000000e+00 7.121594e-01 4.830819e-01 4.808142e-01 9.675529e-16 6.436198e-01 6.059354e-01 1 0
2.000000e+00 2.000000e+00 0.000000e+00 6.895100e-01 5.020948e-01 1.544287e+00 -1.640137e-15 6.012597e-01 1.469683e+00 1 0
0.000000e+00 0.000000e+00 -5.000000e-01 1.046440e+00 1.221165e+00 7.618456e-01 2.386935e-16 1.059585e+00 1.208882e+00 1 0
1.000000e+00 0.000000e+00 -5.000000e-01 1.014750e+00 1.535721e+00 8.978685e-01 -6.429399e-16 1.007584e+00 1.508811e+00 1 0
2.000000e+00 0.000000e+00 -5.000000e-01 9.695118e-01 1.601775e+00 1.157311e+00 -3.515243e-16 9.418603e-01 1.694466e+00 1 0
0.000000e+00 1.000000e+00 -5.000000e-01 9.940600e-01 1.167518e+00 4.538046e-01 -2.220457e-16 9.965798e-01 1.057311e+00 1 0
1.000000e+00 1.000000e+00 -5.000000e-01 7.214675e-01 1.458446e+00 5.809557e-01 -5.917855e-16 6.519894e-01 1.395710e+00 1 0
2.000000e+00 1.000000e+00 -5.000000e-01 7.109858e-01 1.414175e+00 1.463500e+00 3.023779e-16 6.360334e-01 1.818516e+00 1 0
0.000000e+00 2.000000e+00 -5.000000e-01 9.901184e-01 8.824017e-01 4.384062e-01 1.231106e-16 9.725900e-01 8.402080e-01 1 0
1.000000e+00 2.000000e+00 -5.000000e-01 7.121594e-01 4.830819e-01 4.808142e-01 -1.939782e-16 6.436198e-01 6.059354e-01 1 0
2.000000e+00 2.000000e+00 -5.000000e-01 6.895100e-01 5.020948e-01 1.544287e+00 -4.914976e-16 6.012597e-01 1.469683e+00 1 0
VARIABLES = "X", "Y", "Z", "ro", "u", "v", "w", "pre", "Ma", "PART", "IMEX" 
ZONE I=3, J=3, K=3, DATAPACKING=POINT
0.000000e+00 2.000000e+00 5.000000e-01 9.854982e-01 8.696781e-01 4.325462e-01 -2.699127e-16 9.570368e-01 8.330209e-01 1 0
1.000000e+00 2.000000e+00 5.000000e-01 6.994839e-01 4.240598e-01 4.698146e-01 2.021878e-16 6.273344e-01 5.648134e-01 1 0
2.000000e+00 2.000000e+00 5.000000e-01 6.929988e-01 4.270472e-01 1.578234e+00 -1.653259e-17 5.907996e-01 1.496571e+00 1 0
0.000000e+00 3.000000e+00 5.000000e-01 9.978736e-01 8.425087e-01 7.292449e-01 3.497871e-16 9.827911e-01 9.489369e-01 1 0
1.000000e+00 3.000000e+00 5.000000e-01 9.231991e-01 5.105854e-01 7.862814e-01 3.635226e-16 9.061848e-01 7.997493e-01 1 0
2.000000e+00 3.000000e+00 5.000000e-01 9.055158e-01 4.440257e-01 1.151461e+00 -2.155367e-16 8.768436e-01 1.059927e+00 1 0
0.000000e+00 4.000000e+00 5.000000e-01 9.919134e-01 9.492347e-01 9.526534e-01 2.262198e-16 9.846905e-01 1.140758e+00 1 0
1.000000e+00 4.000000e+00 5.000000e-01 9.930491e-01 8.068792e-01 9.820873e-01 6.363824e-17 9.926691e-01 1.074433e+00 1 0
2.000000e+00 4.000000e+00 5.000000e-01 9.743670e-01 8.326589e-01 1.018943e+00 3.692032e-16 9.699111e-01 1.114682e+00 1 0
0.000000e+00 2.000000e+00 0.000000e+00 9.854982e-01 8.696781e-01 4.325462e-01 -1.491172e-15 9.570368e-01 8.330209e-01 1 0
1.000000e+00 2.000000e+00 0.000000e+00 6.994839e-01 4.240598e-01 4.698146e-01 1.186576e-15 6.273344e-01 5.648134e-01 1 0
2.000000e+00 2.000000e+00 0.000000e+00 6.929988e-01 4.270472e-01 1.578234e+00 -1.808165e-15 5.907996e-01 1.496571e+00 1 0
0.000000e+00 3.000000e+00 0.000000e+00 9.978736e-01 8.425087e-01 7.292449e-01 -3.521343e-16 9.827911e-01 9.489369e-01 1 0
1.000000e+00 3.000000e+00 0.000000e+00 9.231991e-01 5.105854e-01 7.862814e-01 -9.332714e-16 9.061848e-01 7.997493e-01 1 0
2.000000e+00 3.000000e+00 0.000000e+00 9.055158e-01 4.440257e-01 1.151461e+00 -1.977374e-15 8.768436e-01 1.059927e+00 1 0
0.000000e+00 4.000000e+00 0.000000e+00 9.919134e-01 9.492347e-01 9.526534e-01 4.936668e-17 9.846905e-01 1.140758e+00 1 0
1.000000e+00 4.000000e+00 0.000000e+00 9.930491e-01 8.068792e-01 9.820873e-01 1.556768e-16 9.926691e-01 1.074433e+00 1 0
2.000000e+00 4.000000e+00 0.000000e+00 9.743670e-01 8.326589e-01 1.018943e+00 8.987176e-17 9.699111e-01 1.114682e+00 1 0
0.000000e+00 2.000000e+00 -5.000000e-01 9.854982e-01 8.696781e-01 4.325462e-01 -8.663474e-17 9.570368e-01 8.330209e-01 1 0
1.000000e+00 2.000000e+00 -5.000000e-01 6.994839e-01 4.240598e-01 4.698146e-01 -4.123129e-16 6.273344e-01 5.648134e-01 1 0
2.000000e+00 2.000000e+00 -5.000000e-01 6.929988e-01 4.270472e-01 1.578234e+00 -6.360309e-16 5.907996e-01 1.496571e+00 1 0
0.000000e+00 3.000000e+00 -5.000000e-01 9.978736e-01 8.425087e-01 7.292449e-01 -6.600904e-17 9.827911e-01 9.489369e-01 1 0
1.000000e+00 3.000000e+00 -5.000000e-01 9.231991e-01 5.105854e-01 7.862814e-01 -2.526307e-16 9.061848e-01 7.997493e-01 1 0
2.000000e+00 3.000000e+00 -5.000000e-01 9.055158e-01 4.440257e-01 1.151461e+00 3.033879e-16 8.768436e-01 1.059927e+00 1 0
0.000000e+00 4.000000e+00 -5.000000e-01 9.919134e-01 9.492347e-01 9.526534e-01 2.291597e-16 9.846905e-01 1.140758e+00 1 0
1.000000e+00 4.000000e+00 -5.000000e-01 9.930491e-01 8.068792e-01 9.820873e-01 2.295350e-16 9.926691e-01 1.074433e+00 1 0
2.000000e+00 4.000000e+00 -5.000000e-01 9.743670e-01 8.326589e-01 1.018943e+00 -1.332702e-16 9.699111e-01 1.114682e+00 1 0
VARIABLES = "X", "Y", "Z", "ro", "u", "v", "w", "pre", "Ma", "PART", "IMEX" 
ZONE I=3, J=3, K=3, DATAPACKING=POINT
0.000000e+00 4.000000e+00 5.000000e-01 9.922303e-01 9.584426e-01 9.580225e-01 2.234172e-16 9.857448e-01 1.149068e+00 1 0
1.000000e+00 4.000000e+00 5.000000e-01 1.001491e+00 8.235861e-01 9.832566e-01 -2.006299e-16 1.003777e+00 1.082768e+00 1 0
2.000000e+00 4.000000e+00 5.000000e-01 9.821810e-01 8.495309e-01 1.011918e+00 6.684876e-17 9.772875e-01 1.119446e+00 1 0
0.000000e+00 5.000000e+00 5.000000e-01 9.985884e-01 1.011866e+00 1.008709e+00 -6.925968e-17 9.989212e-01 1.207324e+00 1 0
1.000000e+00 5.000000e+00 5.000000e-01 1.001313e+00 1.006264e+00 9.995588e-01 -2.339677e-16 1.000415e+00 1.199253e+00 1 0
2.000000e+00 5.000000e+00 5.000000e-01 1.008978e+00 9.963275e-01 9.995634e-01 -6.466312e-16 1.009603e+00 1.192405e+00 1 0
0.000000e+00 6.000000e+00 5.000000e-01 1.008549e+00 9.996186e-01 1.004566e+00 -3.601015e-16 1.011788e+00 1.195814e+00 1 0
1.000000e+00 6.000000e+00 5.000000e-01 9.979618e-01 1.004102e+00 9.961031e-01 -1.135662e-16 9.977146e-01 1.195509e+00 1 0
2.000000e+00 6.000000e+00 5.000000e-01 9.946620e-01 9.986413e-01 9.992914e-01 -7.156308e-17 9.942997e-01 1.194211e+00 1 0
0.000000e+00 4.000000e+00 0.000000e+00 9.922303e-01 9.584426e-01 9.580225e-01 5.998363e-17 9.857448e-01 1.149068e+00 1 0
1.000000e+00 4.000000e+00 0.000000e+00 1.001491e+00 8.235861e-01 9.832566e-01 8.413042e-17 1.003777e+00 1.082768e+00 1 0
2.000000e+00 4.000000e+00 0.000000e+00 9.821810e-01 8.495309e-01 1.011918e+00 -1.339994e-16 9.772875e-01 1.119446e+00 1 0
0.000000e+00 5.000000e+00 0.000000e+00 9.985884e-01 1.011866e+00 1.008709e+00 5.206441e-17 9.989212e-01 1.207324e+00 1 0
1.000000e+00 5.000000e+00 0.000000e+00 1.001313e+00 1.006264e+00 9.995588e-01 5.623428e-16 1.000415e+00 1.199253e+00 1 0
2.000000e+00 5.000000e+00 0.000000e+00 1.008978e+00 9.963275e-01 9.995634e-01 8.305911e-16 1.009603e+00 1.192405e+00 1 0
0.000000e+00 6.000000e+00 0.000000e+00 1.008549e+00 9.996186e-01 1.004566e+00 3.252372e-16 1.011788e+00 1.195814e+00 1 0
1.000000e+00 6.000000e+00 0.000000e+00 9.979618e-01 1.004102e+00 9.961031e-01 1.538347e-16 9.977146e-01 1.195509e+00 1 0
2.000000e+00 6.000000e+00 0.000000e+00 9.946620e-01 9.986413e-01 9.992914e-01 9.724808e-16 9.942997e-01 1.194211e+00 1 0
0.000000e+00 4.000000e+00 -5.000000e-01 9.922303e-01 9.584426e-01 9.580225e-01 2.337634e-16 9.857448e-01 1.149068e+00 1 0
1.000000e+00 4.000000e+00 -5.000000e-01 1.001491e+00 8.235861e-01 9.832566e-01 4.408604e-16 1.003777e+00 1.082768e+00 1 0
2.000000e+00 4.000000e+00 -5.000000e-01 9.821810e-01 8.495309e-01 1.011918e+00 5.812390e-17 9.772875e-01 1.119446e+00 1 0
0.000000e+00 5.000000e+00 -5.000000e-01 9.985884e-01 1.011866e+00 1.008709e+00 3.028022e-16 9.989212e-01 1.207324e+00 1 0
1.000000e+00 5.000000e+00 -5.000000e-01 1.001313e+00 1.006264e+00 9.995588e-01 3.071769e-16 1.000415e+00 1.199253e+00 1 0
2.000000e+00 5.000000e+00 -5.000000e-01 1.008978e+00 9.963275e-01 9.995634e-01 5.257459e-16 1.009603e+00 1.192405e+00 1 0
0.000000e+00 6.000000e+00 -5.000000e-01 1.008549e+00 9.996186e-01 1.004566e+00 2.153215e-16 1.011788e+00 1.195814e+00 1 0
1.000000e+00 6.000000e+00 -5.000000e-01 9.979618e-01 1.004102e+00 9.961031e-01 2.600458e-16 9.977146e-01 1.195509e+00 1 0
2.000000e+00 6.000000e+00 -5.000000e-01 9.946620e-01 9.986413e-01 9.992914e-01 1.182541e-16 9.942997e-01 1.194211e+00 1 0
VARIABLES = "X", "Y", "Z", "ro", "u", "v", "w", "pre", "Ma", "PART", "IMEX" 
ZONE I=3, J=3, K=3, DATAPACKING=POINT
0.000000e+00 6.000000e+00 5.000000e-01 1.008966e+00 9.971856e-01 1.005546e+00 -4.389328e-16 1.012091e+00 1.195023e+00 1 0
1.000000e+00 6.000000e+00 5.000000e-01 9.977060e-01 9.985698e-01 9.967503e-01 -5.596409e-17 9.977132e-01 1.192428e+00 1 0
2.000000e+00 6.000000e+00 5.000000e-01 9.931428e-01 9.952153e-01 9.972682e-01 -7.723107e-17 9.925274e-01 1.191106e+00 1 0
0.000000e+00 7.000000e+00 5.000000e-01 9.999921e-01 9.986309e-01 9.993610e-01 -4.282574e-16 9.999181e-01 1.194073e+00 1 0
1.000000e+00 7.000000e+00 5.000000e-01 1.000513e+00 9.960578e-01 1.000615e+00 9.890770e-17 1.000855e+00 1.193040e+00 1 0
2.000000e+00 7.000000e+00 5.000000e-01 9.989563e-01 9.981046e-01 9.994338e-01 -1.828463e-16 9.985408e-01 1.194006e+00 1 0
0.000000e+00 8.000000e+00 5.000000e-01 9.982328e-01 1.001565e+00 9.983774e-01 -7.179311e-17 9.976367e-01 1.195553e+00 1 0
1.000000e+00 8.000000e+00 5.000000e-01 9.998009e-01 1.002324e+00 9.994979e-01 -1.658394e-16 9.995227e-01 1.196485e+00 1 0
2.000000e+00 8.000000e+00 5.000000e-01 1.001827e+00 1.001051e+00 1.001598e+00 -6.546192e-16 1.002370e+00 1.196488e+00 1 0
0.000000e+00 6.000000e+00 0.000000e+00 1.008966e+00 9.971856e-01 1.005546e+00 3.868149e-16 1.012091e+00 1.195023e+00 1 0
1.000000e+00 6.000000e+00 0.000000e+00 9.977060e-01 9.985698e-01 9.967503e-01 -1.369488e-16 9.977132e-01 1.192428e+00 1 0
2.000000e+00 6.000000e+00 0.000000e+00 9.931428e-01 9.952153e-01 9.972682e-01 7.981354e-16 9.925274e-01 1.191106e+00 1 0
0.000000e+00 7.000000e+00 0.000000e+00 9.999921e-01 9.986309e-01 9.993610e-01 1.375941e-16 9.999181e-01 1.194073e+00 1 0
1.000000e+00 7.000000e+00 0.000000e+00 1.000513e+00 9.960578e-01 1.000615e+00 4.769144e-16 1.000855e+00 1.193040e+00 1 0
2.000000e+00 7.000000e+00 0.000000e+00 9.989563e-01 9.981046e-01 9.994338e-01 4.228248e-16 9.985408e-01 1.194006e+00 1 0
0.000000e+00 8.000000e+00 0.000000e+00 9.982328e-01 1.001565e+00 9.983774e-01 -3.192627e-16 9.976367e-01 1.195553e+00 1 0
1.000000e+00 8.000000e+00 0.000000e+00 9.998009e-01 1.002324e+00 9.994979e-01 6.400646e-16 9.995227e-01 1.196485e+00 1 0
2.000000e+00 8.000000e+00 0.000000e+00 1.001827e+00 1.001051e+00 1.001598e+00 -5.111654e-16 1.002370e+00 1.196488e+00 1 0
0.000000e+00 6.000000e+00 -5.000000e-01 1.008966e+00 9.971856e-01 1.005546e+00 2.948334e-16 1.012091e+00 1.195023e+00 1 0
1.000000e+00 6.000000e+00 -5.000000e-01 9.977060e-01 9.985698e-01 9.967503e-01 1.942894e-16 9.977132e-01 1.192428e+00 1 0
2.000000e+00 6.000000e+00 -5.000000e-01 9.931428e-01 9.952153e-01 9.972682e-01 1.348742e-16 9.925274e-01 1.191106e+00 1 0
0.000000e+00 7.000000e+00 -5.000000e-01 9.999921e-01 9.986309e-01 9.993610e-01 2.959898e-16 9.999181e-01 1.194073e+00 1 0
1.000000e+00 7.000000e+00 -5.000000e-01 1.000513e+00 9.960578e-01 1.000615e+00 -5.806829e-17 1.000855e+00 1.193040e+00 1 0
2.000000e+00 7.000000e+00 -5.000000e-01 9.989563e-01 9.981046e-01 9.994338e-01 2.730228e-16 9.985408e-01 1.194006e+00 1 0
0.000000e+00 8.000000e+00 -5.000000e-01 9.982328e-01 1.001565e+00 9.983774e-01 7.528547e-17 9.976367e-01 1.195553e+00 1 0
1.000000e+00 8.000000e+00 -5.000000e-01 9.998009e-01 1.002324e+00 9.994979e-01 -3.026744e-17 9.995227e-01 1.196485e+00 1 0
2.000000e+00 8.000000e+00 -5.000000e-01 1.001827e+00 1.001051e+00 1.001598e+00 3.376351e-16 1.002370e+00 1.196488e+00 1 0
VARIABLES = "X", "Y", "Z", "ro", "u", "v", "w", "pre", "Ma", "PART", "IMEX" 
ZONE I=3, J=3, K=3, DATAPACKING=POINT
2.000000e+00 0.000000e+00 5.000000e-01 9.605639e-01 1.635458e+00 1.169699e+00 3.953996e-16 9.247404e-01 1.731955e+00 1 0
3.000000e+00 0.000000e+00 5.000000e-01 1.007502e+00 1.270745e+00 1.210938e+00 2.229919e-17 1.009492e+00 1.482058e+00 1 0
4.000000e+00 0.000000e+00 5.000000e-01 1.022010e+00 1.008073e+00 1.053804e+00 -8.197885e-17 1.029417e+00 1.228068e+00 1 0
2.000000e+00 1.000000e+00 5.000000e-01 7.032517e-01 1.433087e+00 1.533064e+00 -1.581567e-16 6.163338e-01 1.894559e+00 1 0
3.000000e+00 1.000000e+00 5.000000e-01 9.237190e-01 1.113538e+00 1.533189e+00 -8.135546e-17 8.968962e-01 1.625251e+00 1 0
4.000000e+00 1.000000e+00 5.000000e-01 9.834776e-01 1.027287e+00 1.152581e+00 -1.393218e-17 9.828103e-01 1.305313e+00 1 0
2.000000e+00 2.000000e+00 5.000000e-01 6.907954e-01 4.822605e-01 1.606693e+00 -3.482697e-16 5.964802e-01 1.525730e+00 1 0
3.000000e+00 2.000000e+00 5.000000e-01 9.112572e-01 7.959799e-01 1.505126e+00 8.238021e-17 8.794272e-01 1.464805e+00 1 0
4.000000e+00 2.000000e+00 5.000000e-01 9.691459e-01 9.961487e-01 1.185637e+00 5.838512e-16 9.598992e-01 1.315063e+00 1 0
2.000000e+00 0.000000e+00 0.000000e+00 9.605639e-01 1.635458e+00 1.169699e+00 -7.881513e-16 9.247404e-01 1.731955e+00 1 0
3.000000e+00 0.000000e+00 0.000000e+00 1.007502e+00 1.270745e+00 1.210938e+00 1.059726e-15 1.009492e+00 1.482058e+00 1 0
4.000000e+00 0.000000e+00 0.000000e+00 1.022010e+00 1.008073e+00 1.053804e+00 5.846826e-16 1.029417e+00 1.228068e+00 1 0
2.000000e+00 1.000000e+00 0.000000e+00 7.032517e-01 1.433087e+00 1.533064e+00 -1.048571e-15 6.163338e-01 1.894559e+00 1 0
3.000000e+00 1.000000e+00 0.000000e+00 9.237190e-01 1.113538e+00 1.533189e+00 -6.175509e-17 8.968962e-01 1.625251e+00 1 0
4.000000e+00 1.000000e+00 0.000000e+00 9.834776e-01 1.027287e+00 1.152581e+00 1.402088e-15 9.828103e-01 1.305313e+00 1 0
2.000000e+00 2.000000e+00 0.000000e+00 6.907954e-01 4.822605e-01 1.606693e+00 -2.066235e-15 5.964802e-01 1.525730e+00 1 0
3.000000e+00 2.000000e+00 0.000000e+00 9.112572e-01 7.959799e-01 1.505126e+00 -1.224015e-16 8.794272e-01 1.464805e+00 1 0
4.000000e+00 2.000000e+00 0.000000e+00 9.691459e-01 9.961487e-01 1.185637e+00 1.843340e-15 9.598992e-01 1.315063e+00 1 0
2.000000e+00 0.000000e+00 -5.000000e-01 9.605639e-01 1.635458e+00 1.169699e+00 -3.463042e-16 9.247404e-01 1.731955e+00 1 0
3.000000e+00 0.000000e+00 -5.000000e-01 1.007502e+00 1.270745e+00 1.210938e+00 -1.801301e-16 1.009492e+00 1.482058e+00 1 0
4.000000e+00 0.000000e+00 -5.000000e-01 1.022010e+00 1.008073e+00 1.053804e+00 3.109022e-16 1.029417e+00 1.228068e+00 1 0
2.000000e+00 1.000000e+00 -5.000000e-01 7.032517e-01 1.433087e+00 1.533064e+00 1.639874e-16 6.163338e-01 1.894559e+00 1 0
3.000000e+00 1.000000e+00 -5.000000e-01 9.237190e-01 1.113538e+00 1.533189e+00 5.251939e-17 8.968962e-01 1.625251e+00 1 0
4.000000e+00 1.000000e+00 -5.000000e-01 9.834776e-01 1.027287e+00 1.152581e+00 1.936458e-16 9.828103e-01 1.305313e+00 1 0
2.000000e+00 2.000000e+00 -5.000000e-01 6.907954e-01 4.822605e-01 1.606693e+00 -3.442178e-17 5.964802e-01 1.525730e+00 1 0
3.000000e+00 2.000000e+00 -5.000000e-01 9.112572e-01 7.959799e-01 1.505126e+00 -3.332530e-17 8.794272e-01 1.464805e+00 1 0
4.000000e+00 2.000000e+00 -5.000000e-01 9.691459e-01 9.961487e-01 1.185637e+00 -3.708566e-16 9.598992e-01 1.315063e+00 1 0
VARIABLES = "X", "Y", "Z", "ro", "u", "v", "w", "pre", "Ma", "PART", "IMEX" 
ZONE I=3, J=3, K=3, DATAPACKING=POINT
2.000000e+00 2.000000e+00 5.000000e-01 6.952610e-01 4.053298e-01 1.638299e+00 -3.856419e-16 5.868721e-01 1.552502e+00 1 0
3.000000e+00 2.000000e+00 5.000000e-01 9.078138e-01 7.755295e-01 1.521486e+00 2.807354e-16 8.721849e-01 1.472486e+00 1 0
4.000000e+00 2.000000e+00 5.000000e-01 9.655854e-01 9.924626e-01 1.196091e+00 5.582124e-16 9.548952e-01 1.320892e+00 1 0
2.000000e+00 3.000000e+00 5.000000e-01 8.957110e-01 4.325151e-01 1.170066e+00 -1.634459e-16 8.595215e-01 1.076251e+00 1 0
3.000000e+00 3.000000e+00 5.000000e-01 9.625625e-01 7.471358e-01 1.200458e+00 1.944469e-16 9.487635e-01 1.203682e+00 1 0
4.000000e+00 3.000000e+00 5.000000e-01 9.997656e-01 9.767271e-01 1.097407e+00 -2.231903e-16 9.972595e-01 1.243188e+00 1 0
2.000000e+00 4.000000e+00 5.000000e-01 9.753024e-01 8.272915e-01 1.016568e+00 2.498598e-16 9.711585e-01 1.110068e+00 1 0
3.000000e+00 4.000000e+00 5.000000e-01 1.006214e+00 9.245324e-01 1.029951e+00 -5.653662e-16 1.007774e+00 1.168820e+00 1 0
4.000000e+00 4.000000e+00 5.000000e-01 1.017942e+00 9.988810e-01 1.025538e+00 2.255825e-16 1.022969e+00 1.206950e+00 1 0
2.000000e+00 2.000000e+00 0.000000e+00 6.952610e-01 4.053298e-01 1.638299e+00 -2.352830e-15 5.868721e-01 1.552502e+00 1 0
3.000000e+00 2.000000e+00 0.000000e+00 9.078138e-01 7.755295e-01 1.521486e+00 3.823895e-16 8.721849e-01 1.472486e+00 1 0
4.000000e+00 2.000000e+00 0.000000e+00 9.655854e-01 9.924626e-01 1.196091e+00 2.068120e-15 9.548952e-01 1.320892e+00 1 0
2.000000e+00 3.000000e+00 0.000000e+00 8.957110e-01 4.325151e-01 1.170066e+00 -2.012884e-15 8.595215e-01 1.076251e+00 1 0
3.000000e+00 3.000000e+00 0.000000e+00 9.625625e-01 7.471358e-01 1.200458e+00 -1.216857e-15 9.487635e-01 1.203682e+00 1 0
4.000000e+00 3.000000e+00 0.000000e+00 9.997656e-01 9.767271e-01 1.097407e+00 1.377938e-15 9.972595e-01 1.243188e+00 1 0
2.000000e+00 4.000000e+00 0.000000e+00 9.753024e-01 8.272915e-01 1.016568e+00 1.722038e-16 9.711585e-01 1.110068e+00 1 0
3.000000e+00 4.000000e+00 0.000000e+00 1.006214e+00 9.245324e-01 1.029951e+00 -2.077876e-16 1.007774e+00 1.168820e+00 1 0
4.000000e+00 4.000000e+00 0.000000e+00 1.017942e+00 9.988810e-01 1.025538e+00 8.821687e-16 1.022969e+00 1.206950e+00 1 0
2.000000e+00 2.000000e+00 -5.000000e-01 6.952610e-01 4.053298e-01 1.638299e+00 -2.442535e-16 5.868721e-01 1.552502e+00 1 0
3.000000e+00 2.000000e+00 -5.000000e-01 9.078138e-01 7.755295e-01 1.521486e+00 -2.551013e-16 8.721849e-01 1.472486e+00 1 0
4.000000e+00 2.000000e+00 -5.000000e-01 9.655854e-01 9.924626e-01 1.196091e+00 -2.840666e-16 9.548952e-01 1.320892e+00 1 0
2.000000e+00 3.000000e+00 -5.000000e-01 8.957110e-01 4.325151e-01 1.170066e+00 3.004574e-16 8.595215e-01 1.076251e+00 1 0
3.000000e+00 3.000000e+00 -5.000000e-01 9.625625e-01 7.471358e-01 1.200458e+00 8.903573e-18 9.487635e-01 1.203682e+00 1 0
4.000000e+00 3.000000e+00 -5.000000e-01 9.997656e-01 9.767271e-01 1.097407e+00 2.960888e-16 9.972595e-01 1.243188e+00 1 0
2.000000e+00 4.000000e+00 -5.000000e-01 9.753024e-01 8.272915e-01 1.016568e+00 3.706584e-17 9.711585e-01 1.110068e+00 1 0
3.000000e+00 4.000000e+00 -5.000000e-01 1.006214e+00 9.245324e-01 1.029951e+00 6.412982e-16 1.007774e+00 1.168820e+00 1 0
4.000000e+00 4.000000e+00 -5.000000e-01 1.017942e+00 9.988810e-01 1.025538e+00 -2.974675e-16 1.022969e+00 1.206950e+00 1 0
VARIABLES = "X", "Y", "Z", "ro", "u", "v", "w", "pre", "Ma", "PART", "IMEX" 
ZONE I=3, J=3, K=3, DATAPACKING=POINT
2.000000e+00 4.000000e+00 5.000000e-01 9.831466e-01 8.435744e-01 1.010384e+00 2.888717e-17 9.785310e-01 1.115048e+00 1 0
3.000000e+00 4.000000e+00 5.000000e-01 1.006510e+00 9.373593e-01 1.029913e+00 -2.096855e-16 1.007593e+00 1.176338e+00 1 0
4.000000e+00 4.000000e+00 5.000000e-01 1.018899e+00 1.001262e+00 1.025834e+00 1.713715e-16 1.024524e+00 1.208181e+00 1 0
2.000000e+00 5.000000e+00 5.000000e-01 1.007659e+00 9.970447e-01 9.992489e-01 -5.611096e-16 1.007443e+00 1.193142e+00 1 0
3.000000e+00 5.000000e+00 5.000000e-01 1.007328e+00 1.001776e+00 1.007769e+00 1.300858e-16 1.009774e+00 1.199483e+00 1 0
4.000000e+00 5.000000e+00 5.000000e-01 1.005838e+00 1.003431e+00 1.006578e+00 5.138255e-16 1.008556e+00 1.199592e+00 1 0
2.000000e+00 6.000000e+00 5.000000e-01 9.946008e-01 9.981804e-01 9.995248e-01 -1.186478e-16 9.944324e-01 1.193959e+00 1 0
3.000000e+00 6.000000e+00 5.000000e-01 9.969651e-01 9.959692e-01 9.999367e-01 4.750409e-16 9.964764e-01 1.193077e+00 1 0
4.000000e+00 6.000000e+00 5.000000e-01 9.977601e-01 9.994269e-01 9.987097e-01 6.637338e-16 9.967449e-01 1.194723e+00 1 0
2.000000e+00 4.000000e+00 0.000000e+00 9.831466e-01 8.435744e-01 1.010384e+00 -1.223443e-16 9.785310e-01 1.115048e+00 1 0
3.000000e+00 4.000000e+00 0.000000e+00 1.006510e+00 9.373593e-01 1.029913e+00 4.524382e-16 1.007593e+00 1.176338e+00 1 0
4.000000e+00 4.000000e+00 0.000000e+00 1.018899e+00 1.001262e+00 1.025834e+00 1.074760e-15 1.024524e+00 1.208181e+00 1 0
2.000000e+00 5.000000e+00 0.000000e+00 1.007659e+00 9.970447e-01 9.992489e-01 9.680130e-16 1.007443e+00 1.193142e+00 1 0
3.000000e+00 5.000000e+00 0.000000e+00 1.007328e+00 1.001776e+00 1.007769e+00 1.433600e-16 1.009774e+00 1.199483e+00 1 0
4.000000e+00 5.000000e+00 0.000000e+00 1.005838e+00 1.003431e+00 1.006578e+00 2.164897e-17 1.008556e+00 1.199592e+00 1 0
2.000000e+00 6.000000e+00 0.000000e+00 9.946008e-01 9.981804e-01 9.995248e-01 1.179082e-15 9.944324e-01 1.193959e+00 1 0
3.000000e+00 6.000000e+00 0.000000e+00 9.969651e-01 9.959692e-01 9.999367e-01 -7.176329e-16 9.964764e-01 1.193077e+00 1 0
4.000000e+00 6.000000e+00 0.000000e+00 9.977601e-01 9.994269e-01 9.987097e-01 6.489529e-16 9.967449e-01 1.194723e+00 1 0
2.000000e+00 4.000000e+00 -5.000000e-01 9.831466e-01 8.435744e-01 1.010384e+00 1.521556e-16 9.785310e-01 1.115048e+00 1 0
3.000000e+00 4.000000e+00 -5.000000e-01 1.006510e+00 9.373593e-01 1.029913e+00 2.935929e-16 1.007593e+00 1.176338e+00 1 0
4.000000e+00 4.000000e+00 -5.000000e-01 1.018899e+00 1.001262e+00 1.025834e+00 -2.704955e-16 1.024524e+00 1.208181e+00 1 0
2.000000e+00 5.000000e+00 -5.000000e-01 1.007659e+00 9.970447e-01 9.992489e-01 4.329953e-16 1.007443e+00 1.193142e+00 1 0
3.000000e+00 5.000000e+00 -5.000000e-01 1.007328e+00 1.001776e+00 1.007769e+00 -1.392534e-16 1.009774e+00 1.199483e+00 1 0
4.000000e+00 5.000000e+00 -5.000000e-01 1.005838e+00 1.003431e+00 1.006578e+00 -4.040877e-16 1.008556e+00 1.199592e+00 1 0
2.000000e+00 6.000000e+00 -5.000000e-01 9.946008e-01 9.981804e-01 9.995248e-01 4.616630e-18 9.944324e-01 1.193959e+00 1 0
3.000000e+00 6.000000e+00 -5.000000e-01 9.969651e-01 9.959692e-01 9.999367e-01 -2.594561e-16 9.964764e-01 1.193077e+00 1 0
4.000000e+00 6.000000e+00 -5.000000e-01 9.977601e-01 9.994269e-01 9.987097e-01 -1.380331e-16 9.967449e-01 1.194723e+00 1 0
VARIABLES = "X", "Y", "Z", "ro", "u", "v", "w", "pre", "Ma", "PART", "IMEX" 
ZONE I=3, J=3, K=3, DATAPACKING=POINT
2.000000e+00 6.000000e+00 5.000000e-01 9.934013e-01 9.942723e-01 9.975724e-01 2.689014e-16 9.931474e-01 1.190509e+00 1 0
3.000000e+00 6.000000e+00 5.000000e-01 9.961856e-01 9.947749e-01 9.984280e-01 3.150569e-16 9.953513e-01 1.191668e+00 1 0
4.000000e+00 6.000000e+00 5.000000e-01 9.975694e-01 9.992722e-01 9.978936e-01 3.507697e-16 9.963449e-01 1.194268e+00 1 0
2.000000e+00 7.000000e+00 5.000000e-01 9.990151e-01 9.979173e-01 9.992785e-01 1.681506e-16 9.986016e-01 1.193800e+00 1 0
3.000000e+00 7.000000e+00 5.000000e-01 9.997069e-01 9.997497e-01 9.996095e-01 -9.502442e-17 9.994553e-01 1.194996e+00 1 0
4.000000e+00 7.000000e+00 5.000000e-01 1.000465e+00 1.000372e+00 1.000342e+00 -1.509600e-16 1.000610e+00 1.195568e+00 1 0
2.000000e+00 8.000000e+00 5.000000e-01 1.001657e+00 1.001323e+00 1.001680e+00 -4.255322e-16 1.002124e+00 1.196744e+00 1 0
3.000000e+00 8.000000e+00 5.000000e-01 1.001227e+00 1.000521e+00 1.001691e+00 -3.929414e-18 1.001782e+00 1.196220e+00 1 0
4.000000e+00 8.000000e+00 5.000000e-01 1.000654e+00 1.000224e+00 1.000957e+00 -6.677401e-17 1.000983e+00 1.195738e+00 1 0
2.000000e+00 6.000000e+00 0.000000e+00 9.934013e-01 9.942723e-01 9.975724e-01 1.145456e-15 9.931474e-01 1.190509e+00 1 0
3.000000e+00 6.000000e+00 0.000000e+00 9.961856e-01 9.947749e-01 9.984280e-01 -8.020136e-16 9.953513e-01 1.191668e+00 1 0
4.000000e+00 6.000000e+00 0.000000e+00 9.975694e-01 9.992722e-01 9.978936e-01 8.193315e-16 9.963449e-01 1.194268e+00 1 0
2.000000e+00 7.000000e+00 0.000000e+00 9.990151e-01 9.979173e-01 9.992785e-01 9.714471e-17 9.986016e-01 1.193800e+00 1 0
3.000000e+00 7.000000e+00 0.000000e+00 9.997069e-01 9.997497e-01 9.996095e-01 5.424657e-16 9.994553e-01 1.194996e+00 1 0
4.000000e+00 7.000000e+00 0.000000e+00 1.000465e+00 1.000372e+00 1.000342e+00 1.292548e-16 1.000610e+00 1.195568e+00 1 0
2.000000e+00 8.000000e+00 0.000000e+00 1.001657e+00 1.001323e+00 1.001680e+00 -5.546091e-16 1.002124e+00 1.196744e+00 1 0
3.000000e+00 8.000000e+00 0.000000e+00 1.001227e+00 1.000521e+00 1.001691e+00 -7.067992e-16 1.001782e+00 1.196220e+00 1 0
4.000000e+00 8.000000e+00 0.000000e+00 1.000654e+00 1.000224e+00 1.000957e+00 -7.670339e-16 1.000983e+00 1.195738e+00 1 0
2.000000e+00 6.000000e+00 -5.000000e-01 9.934013e-01 9.942723e-01 9.975724e-01 -4.069529e-16 9.931474e-01 1.190509e+00 1 0
3.000000e+00 6.000000e+00 -5.000000e-01 9.961856e-01 9.947749e-01 9.984280e-01 -2.789232e-17 9.953513e-01 1.191668e+00 1 0
4.000000e+00 6.000000e+00 -5.000000e-01 9.975694e-01 9.992722e-01 9.978936e-01 1.903732e-16 9.963449e-01 1.194268e+00 1 0
2.000000e+00 7.000000e+00 -5.000000e-01 9.990151e-01 9.979173e-01 9.992785e-01 -1.284295e-16 9.986016e-01 1.193800e+00 1 0
3.000000e+00 7.000000e+00 -5.000000e-01 9.997069e-01 9.997497e-01 9.996095e-01 1.462146e-16 9.994553e-01 1.194996e+00 1 0
4.000000e+00 7.000000e+00 -5.000000e-01 1.000465e+00 1.000372e+00 1.000342e+00 9.030850e-17 1.000610e+00 1.195568e+00 1 0
2.000000e+00 8.000000e+00 -5.000000e-01 1.001657e+00 1.001323e+00 1.001680e+00 2.803672e-16 1.002124e+00 1.196744e+00 1 0
3.000000e+00 8.000000e+00 -5.000000e-01 1.001227e+00 1.000521e+00 1.001691e+00 -5.038250e-17 1.001782e+00 1.196220e+00 1 0
4.000000e+00 8.000000e+00 -5.000000e-01 1.000654e+00 1.000224e+00 1.000957e+00 3.555816e-17 1.000983e+00 1.195738e+00 1 0
VARIABLES = "X", "Y", "Z", "ro", "u", "v", "w", "pre", "Ma", "PART", "IMEX" 
ZONE I=3, J=3, K=3, DATAPACKING=POINT
4.000000e+00 0.000000e+00 5.000000e-01 1.016072e+00 1.008750e+00 1.038314e+00 -1.374502e-16 1.019662e+00 1.221326e+00 1 0
5.000000e+00 0.000000e+00 5.000000e-01 9.947280e-01 9.838057e-01 9.897997e-01 -2.650081e-16 9.920829e-01 1.181032e+00 1 0
6.000000e+00 0.000000e+00 5.000000e-01 9.927691e-01 9.952359e-01 1.001298e+00 3.824494e-17 9.907845e-01 1.194357e+00 1 0
4.000000e+00 1.000000e+00 5.000000e-01 9.895859e-01 1.017851e+00 1.127410e+00 -5.393282e-16 9.893144e-01 1.283886e+00 1 0
5.000000e+00 1.000000e+00 5.000000e-01 9.959750e-01 9.922877e-01 9.781353e-01 2.215696e-16 9.923982e-01 1.179704e+00 1 0
6.000000e+00 1.000000e+00 5.000000e-01 9.987779e-01 1.004273e+00 1.001252e+00 -1.142492e-16 9.994228e-01 1.198146e+00 1 0
4.000000e+00 2.000000e+00 5.000000e-01 9.755140e-01 9.943632e-01 1.167696e+00 7.354907e-16 9.683956e-01 1.300978e+00 1 0
5.000000e+00 2.000000e+00 5.000000e-01 1.002751e+00 1.010877e+00 9.899549e-01 -6.148093e-16 1.002566e+00 1.195902e+00 1 0
6.000000e+00 2.000000e+00 5.000000e-01 1.009029e+00 1.008781e+00 1.000966e+00 -1.288143e-17 1.012886e+00 1.198774e+00 1 0
4.000000e+00 0.000000e+00 0.000000e+00 1.016072e+00 1.008750e+00 1.038314e+00 1.459273e-16 1.019662e+00 1.221326e+00 1 0
5.000000e+00 0.000000e+00 0.000000e+00 9.947280e-01 9.838057e-01 9.897997e-01 2.103057e-16 9.920829e-01 1.181032e+00 1 0
6.000000e+00 0.000000e+00 0.000000e+00 9.927691e-01 9.952359e-01 1.001298e+00 -7.665935e-16 9.907845e-01 1.194357e+00 1 0
4.000000e+00 1.000000e+00 0.000000e+00 9.895859e-01 1.017851e+00 1.127410e+00 1.304945e-15 9.893144e-01 1.283886e+00 1 0
5.000000e+00 1.000000e+00 0.000000e+00 9.959750e-01 9.922877e-01 9.781353e-01 1.134719e-15 9.923982e-01 1.179704e+00 1 0
6.000000e+00 1.000000e+00 0.000000e+00 9.987779e-01 1.004273e+00 1.001252e+00 -7.118185e-16 9.994228e-01 1.198146e+00 1 0
4.000000e+00 2.000000e+00 0.000000e+00 9.755140e-01 9.943632e-01 1.167696e+00 2.446209e-15 9.683956e-01 1.300978e+00 1 0
5.000000e+00 2.000000e+00 0.000000e+00 1.002751e+00 1.010877e+00 9.899549e-01 3.628308e-16 1.002566e+00 1.195902e+00 1 0
6.000000e+00 2.000000e+00 0.000000e+00 1.009029e+00 1.008781e+00 1.000966e+00 -8.436653e-16 1.012886e+00 1.198774e+00 1 0
4.000000e+00 0.000000e+00 -5.000000e-01 1.016072e+00 1.008750e+00 1.038314e+00 4.321609e-16 1.019662e+00 1.221326e+00 1 0
5.000000e+00 0.000000e+00 -5.000000e-01 9.947280e-01 9.838057e-01 9.897997e-01 3.511872e-16 9.920829e-01 1.181032e+00 1 0
6.000000e+00 0.000000e+00 -5.000000e-01 9.927691e-01 9.952359e-01 1.001298e+00 -4.687070e-16 9.907845e-01 1.194357e+00 1 0
4.000000e+00 1.000000e+00 -5.000000e-01 9.895859e-01 1.017851e+00 1.127410e+00 7.011872e-16 9.893144e-01 1.283886e+00 1 0
5.000000e+00 1.000000e+00 -5.000000e-01 9.959750e-01 9.922877e-01 9.781353e-01 -2.750921e-16 9.923982e-01 1.179704e+00 1 0
6.000000e+00 1.000000e+00 -5.000000e-01 9.987779e-01 1.004273e+00 1.001252e+00 -6.794904e-17 9.994228e-01 1.198146e+00 1 0
4.000000e+00 2.000000e+00 -5.000000e-01 9.755140e-01 9.943632e-01 1.167696e+00 -3.692636e-16 9.683956e-01 1.300978e+00 1 0
5.000000e+00 2.000000e+00 -5.000000e-01 1.002751e+00 1.010877e+00 9.899549e-01 3.190606e-16 1.002566e+00 1.195902e+00 1 0
6.000000e+00 2.000000e+00 -5.000000e-01 1.009029e+00 1.008781e+00 1.000966e+00 -6.788643e-17 1.012886e+00 1.198774e+00 1 0
VARIABLES = "X", "Y", "Z", "ro", "u", "v", "w", "pre", "Ma", "PART", "IMEX" 
ZONE I=3, J=3, K=3, DATAPACKING=POINT
4.000000e+00 2.000000e+00 5.000000e-01 9.711092e-01 9.915282e-01 1.177948e+00 5.554900e-16 9.623031e-01 1.307228e+00 1 0
5.000000e+00 2.000000e+00 5.000000e-01 1.002030e+00 1.011469e+00 9.896503e-01 -3.471564e-16 1.001491e+00 1.196290e+00 1 0
6.000000e+00 2.000000e+00 5.000000e-01 1.009834e+00 1.009417e+00 1.001134e+00 1.432623e-16 1.013963e+00 1.199095e+00 1 0
4.000000e+00 3.000000e+00 5.000000e-01 1.003973e+00 9.826856e-01 1.092258e+00 -3.155640e-16 1.003308e+00 1.242155e+00 1 0
5.000000e+00 3.000000e+00 5.000000e-01 1.013630e+00 1.021078e+00 1.009682e+00 -1.355108e-16 1.019315e+00 1.210241e+00 1 0
6.000000e+00 3.000000e+00 5.000000e-01 1.008626e+00 1.004481e+00 1.001766e+00 1.187428e-16 1.011989e+00 1.196969e+00 1 0
4.000000e+00 4.000000e+00 5.000000e-01 1.020546e+00 1.001004e+00 1.026042e+00 4.235753e-16 1.026711e+00 1.207841e+00 1 0
5.000000e+00 4.000000e+00 5.000000e-01 1.011275e+00 1.010849e+00 1.010659e+00 3.544141e-17 1.016117e+00 1.205200e+00 1 0
6.000000e+00 4.000000e+00 5.000000e-01 1.000973e+00 1.000026e+00 9.998340e-01 2.921117e-17 1.001331e+00 1.194931e+00 1 0
4.000000e+00 2.000000e+00 0.000000e+00 9.711092e-01 9.915282e-01 1.177948e+00 2.628703e-15 9.623031e-01 1.307228e+00 1 0
5.000000e+00 2.000000e+00 0.000000e+00 1.002030e+00 1.011469e+00 9.896503e-01 2.924425e-16 1.001491e+00 1.196290e+00 1 0
6.000000e+00 2.000000e+00 0.000000e+00 1.009834e+00 1.009417e+00 1.001134e+00 -5.851536e-16 1.013963e+00 1.199095e+00 1 0
4.000000e+00 3.000000e+00 0.000000e+00 1.003973e+00 9.826856e-01 1.092258e+00 1.789998e-15 1.003308e+00 1.242155e+00 1 0
5.000000e+00 3.000000e+00 0.000000e+00 1.013630e+00 1.021078e+00 1.009682e+00 1.034070e-15 1.019315e+00 1.210241e+00 1 0
6.000000e+00 3.000000e+00 0.000000e+00 1.008626e+00 1.004481e+00 1.001766e+00 -5.126653e-16 1.011989e+00 1.196969e+00 1 0
4.000000e+00 4.000000e+00 0.000000e+00 1.020546e+00 1.001004e+00 1.026042e+00 1.145764e-15 1.026711e+00 1.207841e+00 1 0
5.000000e+00 4.000000e+00 0.000000e+00 1.011275e+00 1.010849e+00 1.010659e+00 3.114031e-16 1.016117e+00 1.205200e+00 1 0
6.000000e+00 4.000000e+00 0.000000e+00 1.000973e+00 1.000026e+00 9.998340e-01 -1.047901e-16 1.001331e+00 1.194931e+00 1 0
4.000000e+00 2.000000e+00 -5.000000e-01 9.711092e-01 9.915282e-01 1.177948e+00 -1.744838e-16 9.623031e-01 1.307228e+00 1 0
5.000000e+00 2.000000e+00 -5.000000e-01 1.002030e+00 1.011469e+00 9.896503e-01 2.182873e-16 1.001491e+00 1.196290e+00 1 0
6.000000e+00 2.000000e+00 -5.000000e-01 1.009834e+00 1.009417e+00 1.001134e+00 -5.778314e-17 1.013963e+00 1.199095e+00 1 0
4.000000e+00 3.000000e+00 -5.000000e-01 1.003973e+00 9.826856e-01 1.092258e+00 3.364742e-16 1.003308e+00 1.242155e+00 1 0
5.000000e+00 3.000000e+00 -5.000000e-01 1.013630e+00 1.021078e+00 1.009682e+00 1.846391e-16 1.019315e+00 1.210241e+00 1 0
6.000000e+00 3.000000e+00 -5.000000e-01 1.008626e+00 1.004481e+00 1.001766e+00 -1.201336e-16 1.011989e+00 1.196969e+00 1 0
4.000000e+00 4.000000e+00 -5.000000e-01 1.020546e+00 1.001004e+00 1.026042e+00 -4.583481e-16 1.026711e+00 1.207841e+00 1 0
5.000000e+00 4.000000e+00 -5.000000e-01 1.011275e+00 1.010849e+00 1.010659e+00 -2.591543e-16 1.016117e+00 1.205200e+00 1 0
6.000000e+00 4.000000e+00 -5.000000e-01 1.000973e+00 1.000026e+00 9.998340e-01 3.841875e-17 1.001331e+00 1.194931e+00 1 0
VARIABLES = "X", "Y", "Z", "ro", "u", "v", "w", "pre", "Ma", "PART", "IMEX" 
ZONE I=3, J=3, K=3, DATAPACKING=POINT
4.000000e+00 4.000000e+00 5.000000e-01 1.021293e+00 1.003127e+00 1.026426e+00 2.586003e-16 1.027942e+00 1.209041e+00 1 0
5.000000e+00 4.000000e+00 5.000000e-01 1.011506e+00 1.009954e+00 1.010864e+00 -6.119453e-16 1.016381e+00 1.204770e+00 1 0
6.000000e+00 4.000000e+00 5.000000e-01 1.000483e+00 9.998791e-01 9.994212e-01 8.348666e-17 1.000661e+00 1.194705e+00 1 0
4.000000e+00 5.000000e+00 5.000000e-01 1.006052e+00 1.003728e+00 1.006624e+00 6.000178e-16 1.008804e+00 1.199776e+00 1 0
5.000000e+00 5.000000e+00 5.000000e-01 1.001316e+00 1.000979e+00 1.000563e+00 -1.530452e-16 1.001783e+00 1.195872e+00 1 0
6.000000e+00 5.000000e+00 5.000000e-01 9.988886e-01 9.993395e-01 9.987216e-01 -2.264000e-17 9.984590e-01 1.194327e+00 1 0
4.000000e+00 6.000000e+00 5.000000e-01 9.979470e-01 9.994106e-01 9.985138e-01 4.860921e-16 9.969890e-01 1.194562e+00 1 0
5.000000e+00 6.000000e+00 5.000000e-01 9.991741e-01 1.000308e+00 9.988745e-01 -2.552875e-16 9.988609e-01 1.194928e+00 1 0
6.000000e+00 6.000000e+00 5.000000e-01 1.000133e+00 1.000081e+00 9.999265e-01 -4.369231e-16 1.000190e+00 1.195199e+00 1 0
4.000000e+00 4.000000e+00 0.000000e+00 1.021293e+00 1.003127e+00 1.026426e+00 1.194863e-15 1.027942e+00 1.209041e+00 1 0
5.000000e+00 4.000000e+00 0.000000e+00 1.011506e+00 1.009954e+00 1.010864e+00 -2.219611e-16 1.016381e+00 1.204770e+00 1 0
6.000000e+00 4.000000e+00 0.000000e+00 1.000483e+00 9.998791e-01 9.994212e-01 4.919245e-17 1.000661e+00 1.194705e+00 1 0
4.000000e+00 5.000000e+00 0.000000e+00 1.006052e+00 1.003728e+00 1.006624e+00 2.441075e-16 1.008804e+00 1.199776e+00 1 0
5.000000e+00 5.000000e+00 0.000000e+00 1.001316e+00 1.000979e+00 1.000563e+00 3.359776e-16 1.001783e+00 1.195872e+00 1 0
6.000000e+00 5.000000e+00 0.000000e+00 9.988886e-01 9.993395e-01 9.987216e-01 -1.021134e-15 9.984590e-01 1.194327e+00 1 0
4.000000e+00 6.000000e+00 0.000000e+00 9.979470e-01 9.994106e-01 9.985138e-01 6.073780e-16 9.969890e-01 1.194562e+00 1 0
5.000000e+00 6.000000e+00 0.000000e+00 9.991741e-01 1.000308e+00 9.988745e-01 2.888680e-16 9.988609e-01 1.194928e+00 1 0
6.000000e+00 6.000000e+00 0.000000e+00 1.000133e+00 1.000081e+00 9.999265e-01 -9.610223e-16 1.000190e+00 1.195199e+00 1 0
4.000000e+00 4.000000e+00 -5.000000e-01 1.021293e+00 1.003127e+00 1.026426e+00 -4.042518e-16 1.027942e+00 1.209041e+00 1 0
5.000000e+00 4.000000e+00 -5.000000e-01 1.011506e+00 1.009954e+00 1.010864e+00 2.303447e-16 1.016381e+00 1.204770e+00 1 0
6.000000e+00 4.000000e+00 -5.000000e-01 1.000483e+00 9.998791e-01 9.994212e-01 -2.881591e-17 1.000661e+00 1.194705e+00 1 0
4.000000e+00 5.000000e+00 -5.000000e-01 1.006052e+00 1.003728e+00 1.006624e+00 -4.144142e-16 1.008804e+00 1.199776e+00 1 0
5.000000e+00 5.000000e+00 -5.000000e-01 1.001316e+00 1.000979e+00 1.000563e+00 1.848033e-16 1.001783e+00 1.195872e+00 1 0
6.000000e+00 5.000000e+00 -5.000000e-01 9.988886e-01 9.993395e-01 9.987216e-01 -8.311934e-18 9.984590e-01 1.194327e+00 1 0
4.000000e+00 6.000000e+00 -5.000000e-01 9.979470e-01 9.994106e-01 9.985138e-01 -5.690615e-17 9.969890e-01 1.194562e+00 1 0
5.000000e+00 6.000000e+00 -5.000000e-01 9.991741e-01 1.000308e+00 9.988745e-01 -3.544745e-18 9.988609e-01 1.194928e+00 1 0
6.000000e+00 6.000000e+00 -5.000000e-01 1.000133e+00 1.000081e+00 9.999265e-01 2.210681e-16 1.000190e+00 1.195199e+00 1 0
VARIABLES = "X", "Y", "Z", "ro", "u", "v", "w", "pre", "Ma", "PART", "IMEX" 
ZONE I=3, J=3, K=3, DATAPACKING=POINT
4.000000e+00 6.000000e+00 5.000000e-01 9.977395e-01 9.992424e-01 9.977615e-01 4.524434e-16 9.965672e-01 1.194140e+00 1 0
5.000000e+00 6.000000e+00 5.000000e-01 9.992962e-01 1.000435e+00 9.990523e-01 -3.028657e-16 9.990435e-01 1.195073e+00 1 0
6.000000e+00 6.000000e+00 5.000000e-01 1.000261e+00 1.000201e+00 1.000067e+00 -4.098172e-16 1.000372e+00 1.195323e+00 1 0
4.000000e+00 7.000000e+00 5.000000e-01 1.000474e+00 1.000418e+00 1.000399e+00 -3.409431e-17 1.000632e+00 1.195622e+00 1 0
5.000000e+00 7.000000e+00 5.000000e-01 1.000451e+00 1.000373e+00 1.000459e+00 -2.216665e-16 1.000637e+00 1.195615e+00 1 0
6.000000e+00 7.000000e+00 5.000000e-01 1.000120e+00 1.000115e+00 1.000111e+00 -1.940989e-16 1.000166e+00 1.195336e+00 1 0
4.000000e+00 8.000000e+00 5.000000e-01 1.000688e+00 1.000240e+00 1.000944e+00 -4.759620e-17 1.001023e+00 1.195736e+00 1 0
5.000000e+00 8.000000e+00 5.000000e-01 1.000088e+00 9.999936e-01 1.000087e+00 1.101571e-16 1.000117e+00 1.195259e+00 1 0
6.000000e+00 8.000000e+00 5.000000e-01 9.999047e-01 9.999017e-01 9.999105e-01 4.645122e-17 9.998670e-01 1.195139e+00 1 0
4.000000e+00 6.000000e+00 0.000000e+00 9.977395e-01 9.992424e-01 9.977615e-01 9.101294e-16 9.965672e-01 1.194140e+00 1 0
5.000000e+00 6.000000e+00 0.000000e+00 9.992962e-01 1.000435e+00 9.990523e-01 1.349628e-16 9.990435e-01 1.195073e+00 1 0
6.000000e+00 6.000000e+00 0.000000e+00 1.000261e+00 1.000201e+00 1.000067e+00 -8.521275e-16 1.000372e+00 1.195323e+00 1 0
4.000000e+00 7.000000e+00 0.000000e+00 1.000474e+00 1.000418e+00 1.000399e+00 -1.736215e-18 1.000632e+00 1.195622e+00 1 0
5.000000e+00 7.000000e+00 0.000000e+00 1.000451e+00 1.000373e+00 1.000459e+00 -2.652280e-16 1.000637e+00 1.195615e+00 1 0
6.000000e+00 7.000000e+00 0.000000e+00 1.000120e+00 1.000115e+00 1.000111e+00 -4.623842e-16 1.000166e+00 1.195336e+00 1 0
4.000000e+00 8.000000e+00 0.000000e+00 1.000688e+00 1.000240e+00 1.000944e+00 -1.009680e-15 1.001023e+00 1.195736e+00 1 0
5.000000e+00 8.000000e+00 0.000000e+00 1.000088e+00 9.999936e-01 1.000087e+00 4.406073e-16 1.000117e+00 1.195259e+00 1 0
6.000000e+00 8.000000e+00 0.000000e+00 9.999047e-01 9.999017e-01 9.999105e-01 8.028167e-16 9.998670e-01 1.195139e+00 1 0
4.000000e+00 6.000000e+00 -5.000000e-01 9.977395e-01 9.992424e-01 9.977615e-01 2.419323e-17 9.965672e-01 1.194140e+00 1 0
5.000000e+00 6.000000e+00 -5.000000e-01 9.992962e-01 1.000435e+00 9.990523e-01 8.699330e-19 9.990435e-01 1.195073e+00 1 0
6.000000e+00 6.000000e+00 -5.000000e-01 1.000261e+00 1.000201e+00 1.000067e+00 1.469115e-16 1.000372e+00 1.195323e+00 1 0
4.000000e+00 7.000000e+00 -5.000000e-01 1.000474e+00 1.000418e+00 1.000399e+00 -1.623169e-18 1.000632e+00 1.195622e+00 1 0
5.000000e+00 7.000000e+00 -5.000000e-01 1.000451e+00 1.000373e+00 1.000459e+00 1.189691e-16 1.000637e+00 1.195615e+00 1 0
6.000000e+00 7.000000e+00 -5.000000e-01 1.000120e+00 1.000115e+00 1.000111e+00 -6.022745e-17 1.000166e+00 1.195336e+00 1 0
4.000000e+00 8.000000e+00 -5.000000e-01 1.000688e+00 1.000240e+00 1.000944e+00 6.855391e-17 1.001023e+00 1.195736e+00 1 0
5.000000e+00 8.000000e+00 -5.000000e-01 1.000088e+00 9.999936e-01 1.000087e+00 2.336994e-17 1.000117e+00 1.195259e+00 1 0
6.000000e+00 8.000000e+00 -5.000000e-01 9.999047e-01 9.999017e-01 9.999105e-01 2.795207e-17 9.998670e-01 1.195139e+00 1 0
VARIABLES = "X", "Y", "Z", "ro", "u", "v", "w", "pre", "Ma", "PART", "IMEX" 
ZONE I=3, J=3, K=3, DATAPACKING=POINT
6.000000e+00 0.000000e+00 5.000000e-01 9.933661e-01 9.953605e-01 1.001456e+00 -1.680619e-16 9.912372e-01 1.194613e+00 1 0
7.000000e+00 0.000000e+00 5.000000e-01 1.001686e+00 1.002010e+00 9.992586e-01 4.811515e-17 1.002180e+00 1.195693e+00 1 0
8.000000e+00 0.000000e+00 5.000000e-01 1.000601e+00 1.000953e+00 1.000281e+00 5.657886e-16 1.001022e+00 1.195715e+00 1 0
6.000000e+00 1.000000e+00 5.000000e-01 9.999767e-01 1.005335e+00 1.005627e+00 3.502251e-18 1.001355e+00 1.200952e+00 1 0
7.000000e+00 1.000000e+00 5.000000e-01 1.002633e+00 1.003381e+00 1.002783e+00 3.062237e-16 1.003791e+00 1.198220e+00 1 0
8.000000e+00 1.000000e+00 5.000000e-01 9.997675e-01 9.993097e-01 9.983564e-01 1.032787e-17 9.994538e-01 1.194021e+00 1 0
6.000000e+00 2.000000e+00 5.000000e-01 1.009510e+00 1.010112e+00 1.007682e+00 1.854779e-16 1.013989e+00 1.203197e+00 1 0
7.000000e+00 2.000000e+00 5.000000e-01 1.001506e+00 1.002001e+00 1.004799e+00 3.250119e-17 1.002361e+00 1.198782e+00 1 0
8.000000e+00 2.000000e+00 5.000000e-01 9.985773e-01 9.978690e-01 9.965363e-01 -3.456718e-16 9.976795e-01 1.192422e+00 1 0
6.000000e+00 0.000000e+00 0.000000e+00 9.933661e-01 9.953605e-01 1.001456e+00 -6.098398e-16 9.912372e-01 1.194613e+00 1 0
7.000000e+00 0.000000e+00 0.000000e+00 1.001686e+00 1.002010e+00 9.992586e-01 -1.709740e-15 1.002180e+00 1.195693e+00 1 0
8.000000e+00 0.000000e+00 0.000000e+00 1.000601e+00 1.000953e+00 1.000281e+00 -1.266748e-15 1.001022e+00 1.195715e+00 1 0
6.000000e+00 1.000000e+00 0.000000e+00 9.999767e-01 1.005335e+00 1.005627e+00 -1.139524e-15 1.001355e+00 1.200952e+00 1 0
7.000000e+00 1.000000e+00 0.000000e+00 1.002633e+00 1.003381e+00 1.002783e+00 -3.807564e-16 1.003791e+00 1.198220e+00 1 0
8.000000e+00 1.000000e+00 0.000000e+00 9.997675e-01 9.993097e-01 9.983564e-01 7.482500e-18 9.994538e-01 1.194021e+00 1 0
6.000000e+00 2.000000e+00 0.000000e+00 1.009510e+00 1.010112e+00 1.007682e+00 -1.192092e-15 1.013989e+00 1.203197e+00 1 0
7.000000e+00 2.000000e+00 0.000000e+00 1.001506e+00 1.002001e+00 1.004799e+00 -2.067052e-16 1.002361e+00 1.198782e+00 1 0
8.000000e+00 2.000000e+00 0.000000e+00 9.985773e-01 9.978690e-01 9.965363e-01 3.578597e-17 9.976795e-01 1.192422e+00 1 0
6.000000e+00 0.000000e+00 -5.000000e-01 9.933661e-01 9.953605e-01 1.001456e+00 -2.796688e-16 9.912372e-01 1.194613e+00 1 0
7.000000e+00 0.000000e+00 -5.000000e-01 1.001686e+00 1.002010e+00 9.992586e-01 -1.376602e-16 1.002180e+00 1.195693e+00 1 0
8.000000e+00 0.000000e+00 -5.000000e-01 1.000601e+00 1.000953e+00 1.000281e+00 -3.923900e-16 1.001022e+00 1.195715e+00 1 0
6.000000e+00 1.000000e+00 -5.000000e-01 9.999767e-01 1.005335e+00 1.005627e+00 -2.021180e-16 1.001355e+00 1.200952e+00 1 0
7.000000e+00 1.000000e+00 -5.000000e-01 1.002633e+00 1.003381e+00 1.002783e+00 -2.146041e-16 1.003791e+00 1.198220e+00 1 0
8.000000e+00 1.000000e+00 -5.000000e-01 9.997675e-01 9.993097e-01 9.983564e-01 -2.150995e-17 9.994538e-01 1.194021e+00 1 0
6.000000e+00 2.000000e+00 -5.000000e-01 1.009510e+00 1.010112e+00 1.007682e+00 -2.763785e-16 1.013989e+00 1.203197e+00 1 0
7.000000e+00 2.000000e+00 -5.000000e-01 1.001506e+00 1.002001e+00 1.004799e+00 -3.663956e-17 1.002361e+00 1.198782e+00 1 0
8.000000e+00 2.000000e+00 -5.000000e-01 9.985773e-01 9.978690e-01 9.965363e-01 1.496117e-16 9.976795e-01 1.192422e+00 1 0
VARIABLES = "X", "Y", "Z", "ro", "u", "v", "w", "pre", "Ma", "PART", "IMEX" 
ZONE I=3, J=3, K=3, DATAPACKING=POINT
6.000000e+00 2.000000e+00 5.000000e-01 1.010388e+00 1.010804e+00 1.008384e+00 1.246949e-16 1.015204e+00 1.203831e+00 1 0
7.000000e+00 2.000000e+00 5.000000e-01 1.001759e+00 1.002116e+00 1.005122e+00 -4.444134e-16 1.002747e+00 1.198965e+00 1 0
8.000000e+00 2.000000e+00 5.000000e-01 9.983834e-01 9.976950e-01 9.961979e-01 5.508960e-17 9.973824e-01 1.192177e+00 1 0
6.000000e+00 3.000000e+00 5.000000e-01 1.007855e+00 1.004109e+00 1.004095e+00 2.920937e-17 1.010790e+00 1.198388e+00 1 0
7.000000e+00 3.000000e+00 5.000000e-01 9.990332e-01 9.987210e-01 1.001303e+00 -1.642150e-17 9.986424e-01 1.195478e+00 1 0
8.000000e+00 3.000000e+00 5.000000e-01 9.990113e-01 9.990510e-01 9.984399e-01 1.279964e-16 9.986419e-01 1.193950e+00 1 0
6.000000e+00 4.000000e+00 5.000000e-01 1.000122e+00 9.993012e-01 9.991313e-01 1.293307e-16 9.999950e-01 1.194367e+00 1 0
7.000000e+00 4.000000e+00 5.000000e-01 9.985275e-01 9.982704e-01 9.989238e-01 4.113543e-16 9.978806e-01 1.193939e+00 1 0
8.000000e+00 4.000000e+00 5.000000e-01 1.000083e+00 1.000162e+00 1.000338e+00 -8.213889e-16 1.000184e+00 1.195467e+00 1 0
6.000000e+00 2.000000e+00 0.000000e+00 1.010388e+00 1.010804e+00 1.008384e+00 -9.438433e-16 1.015204e+00 1.203831e+00 1 0
7.000000e+00 2.000000e+00 0.000000e+00 1.001759e+00 1.002116e+00 1.005122e+00 -6.507857e-16 1.002747e+00 1.198965e+00 1 0
8.000000e+00 2.000000e+00 0.000000e+00 9.983834e-01 9.976950e-01 9.961979e-01 -2.145406e-16 9.973824e-01 1.192177e+00 1 0
6.000000e+00 3.000000e+00 0.000000e+00 1.007855e+00 1.004109e+00 1.004095e+00 -4.415057e-16 1.010790e+00 1.198388e+00 1 0
7.000000e+00 3.000000e+00 0.000000e+00 9.990332e-01 9.987210e-01 1.001303e+00 -3.596860e-16 9.986424e-01 1.195478e+00 1 0
8.000000e+00 3.000000e+00 0.000000e+00 9.990113e-01 9.990510e-01 9.984399e-01 -1.273184e-15 9.986419e-01 1.193950e+00 1 0
6.000000e+00 4.000000e+00 0.000000e+00 1.000122e+00 9.993012e-01 9.991313e-01 -8.976718e-18 9.999950e-01 1.194367e+00 1 0
7.000000e+00 4.000000e+00 0.000000e+00 9.985275e-01 9.982704e-01 9.989238e-01 -5.451732e-17 9.978806e-01 1.193939e+00 1 0
8.000000e+00 4.000000e+00 0.000000e+00 1.000083e+00 1.000162e+00 1.000338e+00 -9.066891e-16 1.000184e+00 1.195467e+00 1 0
6.000000e+00 2.000000e+00 -5.000000e-01 1.010388e+00 1.010804e+00 1.008384e+00 -1.203284e-16 1.015204e+00 1.203831e+00 1 0
7.000000e+00 2.000000e+00 -5.000000e-01 1.001759e+00 1.002116e+00 1.005122e+00 3.010045e-16 1.002747e+00 1.198965e+00 1 0
8.000000e+00 2.000000e+00 -5.000000e-01 9.983834e-01 9.976950e-01 9.961979e-01 -2.819089e-16 9.973824e-01 1.192177e+00 1 0
6.000000e+00 3.000000e+00 -5.000000e-01 1.007855e+00 1.004109e+00 1.004095e+00 2.689647e-18 1.010790e+00 1.198388e+00 1 0
7.000000e+00 3.000000e+00 -5.000000e-01 9.990332e-01 9.987210e-01 1.001303e+00 -2.615710e-17 9.986424e-01 1.195478e+00 1 0
8.000000e+00 3.000000e+00 -5.000000e-01 9.990113e-01 9.990510e-01 9.984399e-01 -2.387687e-16 9.986419e-01 1.193950e+00 1 0
6.000000e+00 4.000000e+00 -5.000000e-01 1.000122e+00 9.993012e-01 9.991313e-01 -2.084090e-18 9.999950e-01 1.194367e+00 1 0
7.000000e+00 4.000000e+00 -5.000000e-01 9.985275e-01 9.982704e-01 9.989238e-01 -3.403227e-16 9.978806e-01 1.193939e+00 1 0
8.000000e+00 4.000000e+00 -5.000000e-01 1.000083e+00 1.000162e+00 1.000338e+00 6.246946e-16 1.000184e+00 1.195467e+00 1 0
VARIABLES = "X", "Y", "Z", "ro", "u", "v", "w", "pre", "Ma", "PART", "IMEX" 
ZONE I=3, J=3, K=3, DATAPACKING=POINT
6.000000e+00 4.000000e+00 5.000000e-01 9.995938e-01 9.991510e-01 9.986131e-01 3.080703e-16 9.992925e-01 1.194072e+00 1 0
7.000000e+00 4.000000e+00 5.000000e-01 9.984276e-01 9.982439e-01 9.988431e-01 5.079281e-17 9.977501e-01 1.193893e+00 1 0
8.000000e+00 4.000000e+00 5.000000e-01 1.000172e+00 1.000214e+00 1.000444e+00 -9.401276e-16 1.000297e+00 1.195547e+00 1 0
6.000000e+00 5.000000e+00 5.000000e-01 9.987315e-01 9.992421e-01 9.986285e-01 3.408942e-16 9.982569e-01 1.194240e+00 1 0
7.000000e+00 5.000000e+00 5.000000e-01 9.996611e-01 9.996564e-01 9.997222e-01 -8.177623e-17 9.995330e-01 1.194934e+00 1 0
8.000000e+00 5.000000e+00 5.000000e-01 1.000132e+00 1.000091e+00 1.000151e+00 -2.840506e-16 1.000175e+00 1.195347e+00 1 0
6.000000e+00 6.000000e+00 5.000000e-01 1.000190e+00 1.000104e+00 1.000010e+00 -2.376901e-16 1.000257e+00 1.195257e+00 1 0
7.000000e+00 6.000000e+00 5.000000e-01 1.000070e+00 1.000055e+00 1.000081e+00 3.222322e-16 1.000092e+00 1.195297e+00 1 0
8.000000e+00 6.000000e+00 5.000000e-01 9.999460e-01 9.999682e-01 9.999501e-01 -1.665013e-16 9.999307e-01 1.195189e+00 1 0
6.000000e+00 4.000000e+00 0.000000e+00 9.995938e-01 9.991510e-01 9.986131e-01 2.202420e-16 9.992925e-01 1.194072e+00 1 0
7.000000e+00 4.000000e+00 0.000000e+00 9.984276e-01 9.982439e-01 9.988431e-01 -7.338144e-17 9.977501e-01 1.193893e+00 1 0
8.000000e+00 4.000000e+00 0.000000e+00 1.000172e+00 1.000214e+00 1.000444e+00 -1.141205e-15 1.000297e+00 1.195547e+00 1 0
6.000000e+00 5.000000e+00 0.000000e+00 9.987315e-01 9.992421e-01 9.986285e-01 -1.393203e-15 9.982569e-01 1.194240e+00 1 0
7.000000e+00 5.000000e+00 0.000000e+00 9.996611e-01 9.996564e-01 9.997222e-01 -3.527596e-16 9.995330e-01 1.194934e+00 1 0
8.000000e+00 5.000000e+00 0.000000e+00 1.000132e+00 1.000091e+00 1.000151e+00 -2.306914e-16 1.000175e+00 1.195347e+00 1 0
6.000000e+00 6.000000e+00 0.000000e+00 1.000190e+00 1.000104e+00 1.000010e+00 -1.406901e-15 1.000257e+00 1.195257e+00 1 0
7.000000e+00 6.000000e+00 0.000000e+00 1.000070e+00 1.000055e+00 1.000081e+00 6.992910e-16 1.000092e+00 1.195297e+00 1 0
8.000000e+00 6.000000e+00 0.000000e+00 9.999460e-01 9.999682e-01 9.999501e-01 5.322449e-16 9.999307e-01 1.195189e+00 1 0
6.000000e+00 4.000000e+00 -5.000000e-01 9.995938e-01 9.991510e-01 9.986131e-01 -2.058076e-16 9.992925e-01 1.194072e+00 1 0
7.000000e+00 4.000000e+00 -5.000000e-01 9.984276e-01 9.982439e-01 9.988431e-01 4.837451e-17 9.977501e-01 1.193893e+00 1 0
8.000000e+00 4.000000e+00 -5.000000e-01 1.000172e+00 1.000214e+00 1.000444e+00 6.872576e-16 1.000297e+00 1.195547e+00 1 0
6.000000e+00 5.000000e+00 -5.000000e-01 9.987315e-01 9.992421e-01 9.986285e-01 -4.135813e-16 9.982569e-01 1.194240e+00 1 0
7.000000e+00 5.000000e+00 -5.000000e-01 9.996611e-01 9.996564e-01 9.997222e-01 2.107925e-16 9.995330e-01 1.194934e+00 1 0
8.000000e+00 5.000000e+00 -5.000000e-01 1.000132e+00 1.000091e+00 1.000151e+00 4.630977e-16 1.000175e+00 1.195347e+00 1 0
6.000000e+00 6.000000e+00 -5.000000e-01 1.000190e+00 1.000104e+00 1.000010e+00 4.914826e-17 1.000257e+00 1.195257e+00 1 0
7.000000e+00 6.000000e+00 -5.000000e-01 1.000070e+00 1.000055e+00 1.000081e+00 -2.887388e-16 1.000092e+00 1.195297e+00 1 0
8.000000e+00 6.000000e+00 -5.000000e-01 9.999460e-01 9.999682e-01 9.999501e-01 2.290988e-16 9.999307e-01 1.195189e+00 1 0
VARIABLES = "X", "Y", "Z", "ro", "u", "v", "w", "pre", "Ma", "PART", "IMEX" 
ZONE I=3, J=3, K=3, DATAPACKING=POINT
6.000000e+00 6.000000e+00 5.000000e-01 1.000315e+00 1.000214e+00 1.000126e+00 -1.775122e-16 1.000427e+00 1.195365e+00 1 0
7.000000e+00 6.000000e+00 5.000000e-01 1.000068e+00 1.000044e+00 1.000064e+00 2.041057e-16 1.000087e+00 1.195282e+00 1 0
8.000000e+00 6.000000e+00 5.000000e-01 9.999369e-01 9.999644e-01 9.999515e-01 -2.355058e-16 9.999212e-01 1.195188e+00 1 0
6.000000e+00 7.000000e+00 5.000000e-01 1.000097e+00 1.000094e+00 1.000082e+00 -4.974503e-16 1.000132e+00 1.195312e+00 1 0
7.000000e+00 7.000000e+00 5.000000e-01 9.999757e-01 9.999752e-01 9.999772e-01 -9.473062e-17 9.999656e-01 1.195206e+00 1 0
8.000000e+00 7.000000e+00 5.000000e-01 1.000003e+00 1.000003e+00 1.000007e+00 1.662099e-16 1.000004e+00 1.195234e+00 1 0
6.000000e+00 8.000000e+00 5.000000e-01 9.998982e-01 9.999025e-01 9.999157e-01 8.215072e-17 9.998608e-01 1.195142e+00 1 0
7.000000e+00 8.000000e+00 5.000000e-01 9.999967e-01 1.000000e+00 1.000002e+00 -4.532908e-16 9.999966e-01 1.195230e+00 1 0
8.000000e+00 8.000000e+00 5.000000e-01 1.000012e+00 1.000008e+00 1.000005e+00 -5.362967e-16 1.000016e+00 1.195235e+00 1 0
6.000000e+00 6.000000e+00 0.000000e+00 1.000315e+00 1.000214e+00 1.000126e+00 -1.155023e-15 1.000427e+00 1.195365e+00 1 0
7.000000e+00 6.000000e+00 0.000000e+00 1.000068e+00 1.000044e+00 1.000064e+00 1.037252e-15 1.000087e+00 1.195282e+00 1 0
8.000000e+00 6.000000e+00 0.000000e+00 9.999369e-01 9.999644e-01 9.999515e-01 6.021951e-16 9.999212e-01 1.195188e+00 1 0
6.000000e+00 7.000000e+00 0.000000e+00 1.000097e+00 1.000094e+00 1.000082e+00 -3.582804e-16 1.000132e+00 1.195312e+00 1 0
7.000000e+00 7.000000e+00 0.000000e+00 9.999757e-01 9.999752e-01 9.999772e-01 1.309171e-15 9.999656e-01 1.195206e+00 1 0
8.000000e+00 7.000000e+00 0.000000e+00 1.000003e+00 1.000003e+00 1.000007e+00 8.943048e-16 1.000004e+00 1.195234e+00 1 0
6.000000e+00 8.000000e+00 0.000000e+00 9.998982e-01 9.999025e-01 9.999157e-01 1.113767e-15 9.998608e-01 1.195142e+00 1 0
7.000000e+00 8.000000e+00 0.000000e+00 9.999967e-01 1.000000e+00 1.000002e+00 9.376758e-16 9.999966e-01 1.195230e+00 1 0
8.000000e+00 8.000000e+00 0.000000e+00 1.000012e+00 1.000008e+00 1.000005e+00 4.856976e-16 1.000016e+00 1.195235e+00 1 0
6.000000e+00 6.000000e+00 -5.000000e-01 1.000315e+00 1.000214e+00 1.000126e+00 3.985066e-17 1.000427e+00 1.195365e+00 1 0
7.000000e+00 6.000000e+00 -5.000000e-01 1.000068e+00 1.000044e+00 1.000064e+00 -9.928280e-17 1.000087e+00 1.195282e+00 1 0
8.000000e+00 6.000000e+00 -5.000000e-01 9.999369e-01 9.999644e-01 9.999515e-01 2.813883e-16 9.999212e-01 1.195188e+00 1 0
6.000000e+00 7.000000e+00 -5.000000e-01 1.000097e+00 1.000094e+00 1.000082e+00 3.936995e-16 1.000132e+00 1.195312e+00 1 0
7.000000e+00 7.000000e+00 -5.000000e-01 9.999757e-01 9.999752e-01 9.999772e-01 5.543355e-17 9.999656e-01 1.195206e+00 1 0
8.000000e+00 7.000000e+00 -5.000000e-01 1.000003e+00 1.000003e+00 1.000007e+00 -7.532657e-17 1.000004e+00 1.195234e+00 1 0
6.000000e+00 8.000000e+00 -5.000000e-01 9.998982e-01 9.999025e-01 9.999157e-01 1.657917e-16 9.998608e-01 1.195142e+00 1 0
7.000000e+00 8.000000e+00 -5.000000e-01 9.999967e-01 1.000000e+00 1.000002e+00 6.531705e-16 9.999966e-01 1.195230e+00 1 0
8.000000e+00 8.000000e+00 -5.000000e-01 1.000012e+00 1.000008e+00 1.000005e+00 6.238718e-16 1.000016e+00 1.195235e+00 1 0
