VARIABLES = "X", "Y", "ro", "u", "v", "pre", "Ma", "PART", "IMEX", "Ux", "Uy", "Vx", "Vy", "Vort" 
ZONE I=4, J=4, DATAPACKING=POINT
-5.619577e+00 -7.848187e+00 9.999991e-01 1.000000e+00 9.999986e-01 9.999996e-01 1.195228e+00 1 0 5.254302e-06 2.296271e-06 -8.607262e-06 2.584440e-06 -1.090353e-05
-5.600220e+00 -7.299912e+00 1.000001e+00 9.999997e-01 1.000001e+00 1.000000e+00 1.195229e+00 1 0 -3.109969e-06 -1.551908e-06 7.248174e-06 1.627272e-06 8.800083e-06
-5.668775e+00 -6.389608e+00 9.999993e-01 1.000001e+00 9.999991e-01 9.999997e-01 1.195228e+00 1 0 4.918646e-06 1.511118e-06 -9.716515e-06 -2.927929e-06 -1.122763e-05
-5.764886e+00 -5.815078e+00 1.000002e+00 9.999973e-01 1.000002e+00 1.000001e+00 1.195229e+00 1 0 -3.542890e-05 -3.843836e-05 3.287685e-05 3.510104e-05 7.131521e-05
-6.172364e+00 -7.731285e+00 1.000000e+00 9.999999e-01 1.000000e+00 9.999998e-01 1.195229e+00 1 0 -3.685597e-07 -6.541696e-07 -8.866881e-07 4.378658e-07 -2.325185e-07
-6.153006e+00 -7.182123e+00 9.999999e-01 1.000000e+00 9.999999e-01 1.000000e+00 1.195229e+00 1 0 1.478720e-07 4.787153e-07 1.432715e-07 -1.006446e-07 -3.354438e-07
-6.221561e+00 -6.275043e+00 1.000000e+00 9.999998e-01 1.000000e+00 1.000000e+00 1.195229e+00 1 0 -1.120279e-07 -2.270823e-07 -6.537579e-09 1.809017e-07 2.205447e-07
-6.317672e+00 -5.705390e+00 9.999993e-01 1.000001e+00 9.999994e-01 9.999998e-01 1.195229e+00 1 0 2.872223e-06 1.123301e-05 -1.681607e-06 -7.016158e-06 -1.291462e-05
-7.066791e+00 -7.614727e+00 1.000000e+00 1.000000e+00 1.000000e+00 1.000000e+00 1.195229e+00 1 0 2.288001e-07 6.526494e-07 1.741413e-07 -6.705417e-07 -4.785081e-07
-7.047434e+00 -7.063277e+00 1.000000e+00 9.999999e-01 1.000000e+00 1.000000e+00 1.195229e+00 1 0 -5.619815e-08 -4.682885e-07 9.584873e-08 -6.848457e-08 5.641372e-07
-7.115988e+00 -6.164373e+00 9.999999e-01 1.000000e+00 9.999999e-01 1.000000e+00 1.195229e+00 1 0 4.341019e-08 2.421508e-07 -2.905394e-07 -1.122043e-08 -5.326902e-07
-7.212100e+00 -5.606527e+00 1.000000e+00 9.999991e-01 1.000000e+00 1.000000e+00 1.195229e+00 1 0 -1.593701e-06 -1.073405e-05 1.366949e-06 4.006637e-06 1.210100e-05
-7.619577e+00 -7.601128e+00 9.999998e-01 9.999999e-01 9.999996e-01 9.999993e-01 1.195229e+00 1 0 -6.179211e-07 -1.740599e-06 7.025885e-07 7.753760e-07 2.443188e-06
-7.600220e+00 -7.048006e+00 9.999999e-01 1.000000e+00 9.999999e-01 1.000000e+00 1.195228e+00 1 0 -1.940499e-07 8.298688e-07 5.144378e-07 4.125141e-07 -3.154310e-07
-7.668775e+00 -6.155033e+00 1.000000e+00 9.999999e-01 1.000000e+00 9.999998e-01 1.195229e+00 1 0 6.516947e-07 -1.003475e-07 -5.396968e-07 -4.042479e-07 -4.393494e-07
-7.764886e+00 -5.605527e+00 9.999996e-01 1.000002e+00 9.999990e-01 1.000001e+00 1.195228e+00 1 0 -5.103206e-06 1.679033e-05 2.291895e-06 -7.863230e-06 -1.449843e-05
VARIABLES = "X", "Y", "ro", "u", "v", "pre", "Ma", "PART", "IMEX", "Ux", "Uy", "Vx", "Vy", "Vort" 
ZONE I=4, J=4, DATAPACKING=POINT
-5.764886e+00 -5.815078e+00 1.000008e+00 9.999920e-01 1.000006e+00 1.000006e+00 1.195229e+00 1 0 -7.323696e-05 -9.796671e-06 6.704212e-05 6.324563e-06 7.683879e-05
-5.889076e+00 -5.235206e+00 9.999959e-01 1.000004e+00 9.999970e-01 9.999970e-01 1.195229e+00 1 0 4.360397e-05 2.006334e-05 -3.584496e-05 -1.511036e-05 -5.590829e-05
-6.110924e+00 -4.295707e+00 1.000005e+00 9.999945e-01 1.000003e+00 1.000004e+00 1.195228e+00 1 0 -5.631818e-05 -2.089604e-05 3.881381e-05 1.567741e-05 5.970985e-05
-6.235114e+00 -3.719815e+00 9.999829e-01 1.000018e+00 9.999919e-01 9.999845e-01 1.195234e+00 1 0 1.981084e-04 2.486313e-04 -1.336016e-04 -1.353448e-04 -3.822329e-04
-6.317672e+00 -5.705390e+00 9.999979e-01 1.000003e+00 9.999984e-01 9.999991e-01 1.195229e+00 1 0 1.108459e-06 -3.242751e-06 -5.925702e-07 6.106032e-08 2.650181e-06
-6.441863e+00 -5.132409e+00 1.000001e+00 9.999985e-01 1.000001e+00 1.000001e+00 1.195229e+00 1 0 -1.721953e-06 -3.526694e-06 1.037934e-06 2.909251e-06 4.564628e-06
-6.663710e+00 -4.206748e+00 9.999986e-01 1.000002e+00 9.999990e-01 9.999993e-01 1.195229e+00 1 0 2.356544e-06 3.325823e-06 -9.775026e-07 -2.403876e-06 -4.303326e-06
-6.787901e+00 -3.639374e+00 1.000004e+00 9.999944e-01 1.000003e+00 1.000003e+00 1.195228e+00 1 0 -1.080075e-05 -6.727152e-05 1.216123e-05 4.682261e-05 7.943275e-05
-7.212100e+00 -5.606527e+00 1.000001e+00 9.999974e-01 1.000001e+00 1.000000e+00 1.195228e+00 1 0 -1.888268e-06 2.125578e-06 2.110025e-06 -6.829682e-07 -1.555320e-08
-7.336290e+00 -5.049328e+00 9.999993e-01 1.000001e+00 9.999994e-01 9.999998e-01 1.195229e+00 1 0 1.547168e-06 3.759161e-06 -1.275989e-06 -1.463251e-06 -5.035150e-06
-7.558137e+00 -4.153053e+00 1.000001e+00 9.999982e-01 1.000001e+00 1.000000e+00 1.195228e+00 1 0 -2.299382e-06 -3.497529e-06 1.230620e-06 6.446304e-07 4.728149e-06
-7.682328e+00 -3.602622e+00 9.999972e-01 1.000005e+00 9.999967e-01 9.999985e-01 1.195229e+00 1 0 4.351499e-06 6.795005e-05 -6.288316e-06 -3.239472e-05 -7.423837e-05
-7.764886e+00 -5.605527e+00 9.999980e-01 1.000005e+00 9.999979e-01 1.000001e+00 1.195229e+00 1 0 -1.598869e-05 -9.059760e-06 5.145295e-06 7.933237e-06 1.420505e-05
-7.889076e+00 -5.059107e+00 1.000001e+00 9.999974e-01 1.000001e+00 9.999996e-01 1.195229e+00 1 0 8.377456e-06 -3.942819e-06 -3.052170e-06 4.054384e-07 8.906491e-07
-8.110924e+00 -4.181895e+00 9.999987e-01 1.000004e+00 9.999988e-01 1.000000e+00 1.195229e+00 1 0 -1.021227e-05 2.279549e-06 3.490704e-06 1.373303e-06 1.211156e-06
-8.235114e+00 -3.641915e+00 1.000003e+00 9.999887e-01 1.000007e+00 9.999983e-01 1.195228e+00 1 0 5.059771e-05 -1.212480e-04 -1.836968e-05 4.609176e-05 1.028784e-04
VARIABLES = "X", "Y", "ro", "u", "v", "pre", "Ma", "PART", "IMEX", "Ux", "Uy", "Vx", "Vy", "Vort" 
ZONE I=4, J=4, DATAPACKING=POINT
-6.235114e+00 -3.719815e+00 9.999520e-01 1.000048e+00 9.999769e-01 9.999536e-01 1.195243e+00 1 0 3.439898e-04 -3.315735e-05 -3.070795e-04 -4.403023e-05 -2.739222e-04
-6.331225e+00 -3.150310e+00 1.000036e+00 9.999722e-01 9.999981e-01 1.000042e+00 1.195207e+00 1 0 -1.494481e-04 -7.263317e-05 -2.337753e-05 -1.046975e-05 4.925564e-05
-6.399780e+00 -2.244616e+00 1.000032e+00 1.000007e+00 9.999174e-01 1.000054e+00 1.195170e+00 1 0 2.349228e-04 2.748953e-05 -1.090785e-03 -1.447382e-04 -1.118274e-03
-6.380423e+00 -1.694954e+00 1.000201e+00 9.999136e-01 9.998693e-01 1.000275e+00 1.195055e+00 1 0 3.413783e-04 -7.443640e-04 -1.553916e-03 2.531318e-04 -8.095517e-04
-6.787901e+00 -3.639374e+00 1.000010e+00 9.999853e-01 1.000010e+00 1.000007e+00 1.195228e+00 1 0 -7.737466e-07 2.145417e-05 1.294568e-05 -7.171066e-06 -8.508494e-06
-6.884012e+00 -3.076801e+00 9.999919e-01 1.000007e+00 9.999998e-01 9.999915e-01 1.195233e+00 1 0 -7.370037e-06 1.666422e-05 4.656058e-06 2.628681e-06 -1.200817e-05
-6.952566e+00 -2.176216e+00 9.999836e-01 9.999897e-01 1.000036e+00 9.999741e-01 1.195250e+00 1 0 -3.902778e-05 -3.278062e-05 7.873697e-05 6.077234e-05 1.115176e-04
-6.933209e+00 -1.625098e+00 9.999450e-01 9.999943e-01 1.000054e+00 9.999252e-01 1.195269e+00 1 0 -1.589693e-04 1.688894e-04 9.876169e-05 -9.327763e-05 -7.012773e-05
-7.682328e+00 -3.602622e+00 9.999916e-01 1.000015e+00 9.999926e-01 9.999943e-01 1.195231e+00 1 0 9.744246e-06 -1.962486e-05 -1.252186e-05 1.451236e-05 7.102994e-06
-7.778439e+00 -3.053319e+00 1.000007e+00 9.999929e-01 9.999993e-01 1.000007e+00 1.195224e+00 1 0 5.237742e-06 -1.751758e-05 -7.769464e-06 -9.350725e-06 9.748119e-06
-7.846994e+00 -2.162256e+00 1.000017e+00 1.000011e+00 9.999670e-01 1.000026e+00 1.195210e+00 1 0 2.656515e-05 3.397857e-05 -7.185169e-05 -5.036174e-05 -1.058303e-04
-7.827636e+00 -1.608446e+00 1.000052e+00 1.000005e+00 9.999487e-01 1.000071e+00 1.195190e+00 1 0 1.369491e-04 -1.856144e-04 -1.155440e-04 3.971079e-05 7.007039e-05
-8.235114e+00 -3.641915e+00 1.000012e+00 9.999705e-01 1.000012e+00 1.000002e+00 1.195224e+00 1 0 1.100319e-04 6.590744e-05 -2.589562e-05 -3.189220e-05 -9.180306e-05
-8.331225e+00 -3.100539e+00 9.999876e-01 1.000012e+00 1.000007e+00 9.999887e-01 1.195239e+00 1 0 -8.092371e-05 2.355068e-05 -5.666091e-06 2.589561e-05 -2.921677e-05
-8.399780e+00 -2.215026e+00 9.999644e-01 9.999749e-01 1.000073e+00 9.999436e-01 1.195270e+00 1 0 4.366505e-05 -7.100900e-05 -1.450286e-04 1.013957e-04 -7.401963e-05
-8.380423e+00 -1.659658e+00 9.999153e-01 9.999800e-01 1.000121e+00 9.998877e-01 1.195305e+00 1 0 -3.395160e-04 3.314056e-04 -2.520453e-04 2.375978e-05 -5.834508e-04
VARIABLES = "X", "Y", "ro", "u", "v", "pre", "Ma", "PART", "IMEX", "Ux", "Uy", "Vx", "Vy", "Vort" 
ZONE I=4, J=4, DATAPACKING=POINT
-6.380423e+00 -1.694954e+00 1.000289e+00 9.998325e-01 9.999121e-01 1.000387e+00 1.195018e+00 1 0 2.546622e-04 3.580031e-04 -9.619409e-04 -2.932498e-04 -1.319944e-03
-6.315632e+00 -1.152951e+00 9.996635e-01 1.000345e+00 1.000167e+00 9.995535e-01 1.195601e+00 1 0 1.789567e-03 7.548874e-04 1.543951e-03 9.277518e-04 7.890633e-04
-6.136154e+00 -2.908820e-01 9.991809e-01 1.000585e+00 1.001321e+00 9.989400e-01 1.196512e+00 1 0 4.825182e-04 -1.083957e-03 1.978615e-02 -3.623127e-03 2.087011e-02
-6.000000e+00 2.351141e-01 9.998230e-01 9.994596e-01 1.001769e+00 9.996756e-01 1.196052e+00 1 0 -5.007199e-03 -1.909808e-03 2.497482e-02 -5.699937e-03 2.688463e-02
-6.933209e+00 -1.625098e+00 9.999290e-01 1.000020e+00 1.000032e+00 9.999065e-01 1.195273e+00 1 0 -2.124787e-04 -1.265237e-04 1.121641e-04 4.139995e-04 2.386878e-04
-6.868419e+00 -1.078298e+00 1.000042e+00 9.999210e-01 9.999872e-01 1.000052e+00 1.195168e+00 1 0 1.150336e-04 -1.218242e-04 -6.696429e-05 -4.967711e-04 5.485992e-05
-6.688940e+00 -2.036113e-01 1.000257e+00 1.000010e+00 9.994155e-01 1.000335e+00 1.194839e+00 1 0 7.698886e-04 1.419979e-04 -1.565431e-03 -1.515233e-04 -1.707429e-03
-6.552786e+00 3.312253e-01 1.000226e+00 1.000245e+00 9.992931e-01 1.000335e+00 1.194887e+00 1 0 3.582982e-04 3.624871e-04 -1.696350e-03 2.845996e-04 -2.058837e-03
-7.827636e+00 -1.608446e+00 1.000071e+00 9.999756e-01 9.999600e-01 1.000093e+00 1.195177e+00 1 0 1.405964e-04 1.924144e-04 -7.557226e-05 -3.116848e-04 -2.679867e-04
-7.762846e+00 -1.052656e+00 9.999587e-01 1.000085e+00 1.000021e+00 9.999496e-01 1.195298e+00 1 0 -8.052680e-05 9.583352e-05 8.396561e-05 4.375438e-04 -1.186791e-05
-7.583367e+00 -1.533350e-01 9.997598e-01 9.999716e-01 1.000517e+00 9.996829e-01 1.195567e+00 1 0 -5.421297e-04 -2.034369e-04 1.506770e-03 6.422051e-05 1.710207e-03
-7.447214e+00 3.997800e-01 9.997789e-01 9.997398e-01 1.000605e+00 9.996707e-01 1.195499e+00 1 0 -3.360251e-04 -3.737166e-04 1.714112e-03 -4.367240e-04 2.087829e-03
-8.380423e+00 -1.659658e+00 9.998880e-01 1.000034e+00 1.000106e+00 9.998594e-01 1.195329e+00 1 0 -6.011619e-04 -3.933646e-04 -3.189673e-04 6.218930e-04 7.439731e-05
-8.315632e+00 -1.098601e+00 1.000086e+00 9.998768e-01 9.999221e-01 1.000105e+00 1.195097e+00 1 0 9.139573e-04 -9.588011e-05 1.271767e-04 -1.042960e-03 2.230568e-04
-8.136154e+00 -1.843164e-01 1.000526e+00 1.000264e+00 9.988392e-01 1.000701e+00 1.194589e+00 1 0 2.956095e-04 6.195463e-04 1.348153e-03 -1.098195e-03 7.286065e-04
-8.000000e+00 3.804226e-01 1.000645e+00 1.000655e+00 9.987256e-01 1.000945e+00 1.194680e+00 1 0 -2.249511e-03 1.209956e-03 1.395823e-03 -1.211522e-04 1.858667e-04
VARIABLES = "X", "Y", "ro", "u", "v", "pre", "Ma", "PART", "IMEX", "Ux", "Uy", "Vx", "Vy", "Vort" 
ZONE I=4, J=4, DATAPACKING=POINT
-3.619577e+00 -8.305046e+00 1.000006e+00 9.999926e-01 1.000008e+00 1.000006e+00 1.195229e+00 1 0 -2.808592e-05 3.544712e-06 8.628600e-05 -2.448208e-05 8.274129e-05
-3.600220e+00 -7.755384e+00 9.999978e-01 1.000003e+00 9.999964e-01 9.999983e-01 1.195228e+00 1 0 1.694687e-05 1.176815e-05 -4.576190e-05 -8.042524e-06 -5.753004e-05
-3.668775e+00 -6.849690e+00 1.000002e+00 9.999965e-01 1.000004e+00 1.000002e+00 1.195229e+00 1 0 -2.407819e-05 -1.175469e-05 5.462794e-05 1.423371e-05 6.638263e-05
-3.764886e+00 -6.280185e+00 9.999933e-01 1.000013e+00 9.999899e-01 9.999965e-01 1.195228e+00 1 0 1.222671e-04 1.882440e-04 -1.684236e-04 -1.504802e-04 -3.566676e-04
-4.172364e+00 -8.198759e+00 9.999990e-01 1.000000e+00 9.999974e-01 9.999998e-01 1.195227e+00 1 0 -3.826371e-06 2.279913e-06 -1.515526e-06 3.834936e-06 -3.795439e-06
-4.153006e+00 -7.650179e+00 1.000001e+00 9.999997e-01 1.000001e+00 1.000000e+00 1.195230e+00 1 0 1.038046e-06 -1.252076e-06 2.595528e-06 3.032330e-06 3.847604e-06
-4.221561e+00 -6.740722e+00 9.999994e-01 1.000001e+00 9.999984e-01 1.000000e+00 1.195228e+00 1 0 -7.180835e-07 4.485124e-07 -3.148117e-06 -3.318990e-06 -3.596629e-06
-4.317672e+00 -6.166282e+00 1.000002e+00 9.999972e-01 1.000004e+00 9.999999e-01 1.195231e+00 1 0 -5.179276e-06 -3.124358e-05 1.896329e-05 5.245425e-05 5.020687e-05
-5.066791e+00 -7.983219e+00 1.000001e+00 9.999993e-01 1.000002e+00 1.000000e+00 1.195230e+00 1 0 1.049295e-06 -1.547237e-06 2.515398e-06 -2.516400e-06 4.062635e-06
-5.047434e+00 -7.435294e+00 9.999996e-01 1.000000e+00 9.999991e-01 1.000000e+00 1.195228e+00 1 0 1.123673e-07 1.709483e-06 -2.626818e-06 -2.101612e-06 -4.336301e-06
-5.115988e+00 -6.523661e+00 1.000001e+00 9.999994e-01 1.000001e+00 1.000000e+00 1.195229e+00 1 0 -3.727960e-07 -9.970381e-07 3.159287e-06 2.437096e-06 4.156325e-06
-5.212100e+00 -5.946851e+00 9.999982e-01 1.000003e+00 9.999971e-01 1.000000e+00 1.195228e+00 1 0 9.549285e-06 3.566807e-05 -1.711860e-05 -3.904921e-05 -5.278667e-05
-5.619577e+00 -7.848187e+00 9.999986e-01 1.000001e+00 9.999970e-01 1.000000e+00 1.195226e+00 1 0 -6.554686e-06 3.505924e-06 6.477642e-06 3.597563e-06 2.971718e-06
-5.600220e+00 -7.299912e+00 1.000001e+00 9.999994e-01 1.000002e+00 9.999999e-01 1.195230e+00 1 0 2.783502e-06 -2.632994e-06 -1.785642e-06 3.486167e-06 8.473517e-07
-5.668775e+00 -6.389608e+00 9.999989e-01 1.000001e+00 9.999977e-01 1.000000e+00 1.195227e+00 1 0 -4.229470e-06 6.159846e-07 2.682496e-06 -3.171516e-06 2.066512e-06
-5.764886e+00 -5.815078e+00 1.000004e+00 9.999945e-01 1.000006e+00 9.999996e-01 1.195231e+00 1 0 8.537503e-06 -5.657382e-05 1.216450e-05 7.205706e-05 6.873832e-05
VARIABLES = "X", "Y", "ro", "u", "v", "pre", "Ma", "PART", "IMEX", "Ux", "Uy", "Vx", "Vy", "Vort" 
ZONE I=4, J=4, DATAPACKING=POINT
-3.764886e+00 -6.280185e+00 9.999740e-01 1.000039e+00 9.999754e-01 9.999812e-01 1.195233e+00 1 0 2.356571e-04 3.348360e-06 -3.319212e-04 -2.096702e-05 -3.352696e-04
-3.889076e+00 -5.704293e+00 1.000012e+00 9.999802e-01 1.000012e+00 1.000008e+00 1.195226e+00 1 0 -1.379736e-04 -7.376587e-05 1.720868e-04 6.001546e-05 2.458527e-04
-4.110924e+00 -4.764794e+00 9.999854e-01 1.000024e+00 9.999878e-01 9.999905e-01 1.195233e+00 1 0 1.701525e-04 7.359101e-05 -1.863806e-04 -6.686933e-05 -2.599716e-04
-4.235114e+00 -4.184922e+00 1.000049e+00 9.999249e-01 1.000021e+00 1.000038e+00 1.195203e+00 1 0 -7.081919e-04 -9.841985e-04 4.815942e-04 3.912732e-04 1.465793e-03
-4.317672e+00 -6.166282e+00 1.000007e+00 9.999922e-01 1.000011e+00 1.000002e+00 1.195234e+00 1 0 1.103047e-05 1.691868e-05 1.580302e-05 -1.187619e-05 -1.115659e-06
-4.441863e+00 -5.584631e+00 9.999962e-01 1.000004e+00 9.999949e-01 9.999991e-01 1.195226e+00 1 0 -1.825855e-06 6.410549e-06 -1.265803e-05 -1.464953e-05 -1.906858e-05
-4.663710e+00 -4.636678e+00 1.000005e+00 9.999944e-01 1.000006e+00 1.000001e+00 1.195231e+00 1 0 1.905858e-06 -5.013695e-06 1.365897e-05 1.461288e-05 1.867267e-05
-4.787901e+00 -4.053149e+00 9.999844e-01 1.000017e+00 9.999863e-01 9.999917e-01 1.195226e+00 1 0 2.996138e-05 1.778312e-04 -8.004818e-05 -1.908629e-04 -2.578793e-04
-5.212100e+00 -5.946851e+00 9.999935e-01 1.000009e+00 9.999920e-01 9.999982e-01 1.195226e+00 1 0 -3.435765e-06 -1.489241e-05 -1.468525e-05 7.456220e-06 2.071562e-07
-5.336290e+00 -5.363322e+00 1.000003e+00 9.999954e-01 1.000004e+00 1.000001e+00 1.195230e+00 1 0 -2.549789e-06 -8.707207e-06 1.128907e-05 1.154220e-05 1.999628e-05
-5.558137e+00 -4.415369e+00 9.999959e-01 1.000006e+00 9.999958e-01 9.999988e-01 1.195228e+00 1 0 3.158559e-06 7.431304e-06 -1.204218e-05 -1.118110e-05 -1.947348e-05
-5.682328e+00 -3.833718e+00 1.000014e+00 9.999821e-01 1.000011e+00 1.000008e+00 1.195228e+00 1 0 -4.478832e-05 -1.955359e-04 6.142043e-05 1.502930e-04 2.569563e-04
-5.764886e+00 -5.815078e+00 1.000013e+00 9.999849e-01 1.000016e+00 1.000002e+00 1.195235e+00 1 0 8.404867e-05 4.847441e-05 -3.571756e-05 -2.685825e-05 -8.419197e-05
-5.889076e+00 -5.235206e+00 9.999935e-01 1.000008e+00 9.999923e-01 9.999987e-01 1.195226e+00 1 0 -3.649368e-05 4.262897e-06 8.262453e-06 -1.717169e-05 3.999556e-06
-6.110924e+00 -4.295707e+00 1.000008e+00 9.999892e-01 1.000008e+00 1.000002e+00 1.195231e+00 1 0 4.675740e-05 1.841442e-07 -9.453867e-06 1.552424e-05 -9.638011e-06
-6.235114e+00 -3.719815e+00 9.999749e-01 1.000032e+00 9.999774e-01 9.999885e-01 1.195226e+00 1 0 -8.686647e-05 2.991776e-04 -3.233079e-05 -2.945867e-04 -3.315084e-04
VARIABLES = "X", "Y", "ro", "u", "v", "pre", "Ma", "PART", "IMEX", "Ux", "Uy", "Vx", "Vy", "Vort" 
ZONE I=4, J=4, DATAPACKING=POINT
-4.235114e+00 -4.184922e+00 1.000144e+00 9.998072e-01 1.000056e+00 1.000122e+00 1.195160e+00 1 0 -9.320749e-04 2.869382e-04 1.133866e-03 1.942629e-04 8.469280e-04
-4.331225e+00 -3.610392e+00 9.998903e-01 1.000113e+00 1.000013e+00 9.998844e-01 1.195307e+00 1 0 5.452612e-04 2.895654e-04 -1.458072e-05 2.002067e-05 -3.041461e-04
-4.399780e+00 -2.700088e+00 9.999209e-01 1.000049e+00 1.000173e+00 9.998419e-01 1.195409e+00 1 0 -1.171700e-04 -6.386778e-06 2.523362e-03 2.683917e-04 2.529748e-03
-4.380423e+00 -2.151813e+00 9.994523e-01 1.000386e+00 1.000241e+00 9.992756e-01 1.195709e+00 1 0 -2.546721e-04 2.114031e-03 2.871779e-03 -5.563371e-04 7.577482e-04
-4.787901e+00 -4.053149e+00 9.999563e-01 1.000040e+00 9.999615e-01 9.999725e-01 1.195220e+00 1 0 -8.583693e-05 -1.089215e-04 -9.082918e-05 3.074475e-05 1.809229e-05
-4.884012e+00 -3.476339e+00 1.000034e+00 9.999807e-01 1.000001e+00 1.000033e+00 1.195218e+00 1 0 4.903417e-05 -3.687690e-05 1.278425e-05 -3.652809e-06 4.966116e-05
-4.952566e+00 -2.564706e+00 1.000033e+00 1.000002e+00 9.998938e-01 1.000063e+00 1.195148e+00 1 0 1.076885e-04 3.863856e-05 -2.617352e-04 -1.665020e-04 -3.003738e-04
-4.933209e+00 -2.016782e+00 1.000169e+00 9.999791e-01 9.998605e-01 1.000225e+00 1.195099e+00 1 0 5.335001e-04 -2.813597e-04 -1.982026e-04 3.263492e-04 8.315706e-05
-5.682328e+00 -3.833718e+00 1.000038e+00 9.999569e-01 1.000031e+00 1.000024e+00 1.195229e+00 1 0 4.322636e-05 1.046364e-04 7.613747e-05 -2.306294e-05 -2.849889e-05
-5.778439e+00 -3.259278e+00 9.999695e-01 1.000021e+00 1.000001e+00 9.999698e-01 1.195241e+00 1 0 -2.279157e-05 4.096954e-05 -3.486263e-06 9.943544e-06 -4.445581e-05
-5.846994e+00 -2.349821e+00 9.999630e-01 9.999886e-01 1.000099e+00 9.999338e-01 1.195298e+00 1 0 -8.875448e-05 -5.339648e-05 2.202428e-04 1.538929e-04 2.736393e-04
-5.827636e+00 -1.801241e+00 9.998359e-01 1.000014e+00 1.000139e+00 9.997811e-01 1.195353e+00 1 0 -4.106143e-04 3.468079e-04 1.985520e-04 -2.354816e-04 -1.482558e-04
-6.235114e+00 -3.719815e+00 9.999345e-01 1.000073e+00 9.999353e-01 9.999674e-01 1.195214e+00 1 0 -4.702798e-04 -2.440170e-04 9.082077e-05 4.713876e-05 3.348378e-04
-6.331225e+00 -3.150310e+00 1.000053e+00 9.999707e-01 9.999963e-01 1.000049e+00 1.195211e+00 1 0 2.420860e-04 -4.323913e-05 2.803047e-05 1.592481e-06 7.126960e-05
-6.399780e+00 -2.244616e+00 1.000088e+00 1.000037e+00 9.997824e-01 1.000152e+00 1.195082e+00 1 0 5.998270e-05 1.519084e-04 4.160262e-04 -3.630659e-04 2.641178e-04
-6.380423e+00 -1.694954e+00 1.000301e+00 1.000074e+00 9.996754e-01 1.000400e+00 1.195020e+00 1 0 1.109700e-03 -3.015669e-04 9.129355e-04 5.376354e-04 1.214502e-03
VARIABLES = "X", "Y", "ro", "u", "v", "pre", "Ma", "PART", "IMEX", "Ux", "Uy", "Vx", "Vy", "Vort" 
ZONE I=4, J=4, DATAPACKING=POINT
-4.380423e+00 -2.151813e+00 9.992146e-01 1.000564e+00 1.000162e+00 9.989879e-01 1.195798e+00 1 0 -8.962355e-04 -4.000309e-04 1.405520e-04 -1.346442e-03 5.405829e-04
-4.315632e+00 -1.613962e+00 1.001131e+00 9.985489e-01 9.991009e-01 1.001444e+00 1.193638e+00 1 0 -8.255745e-03 -4.112282e-03 -8.027323e-03 -1.431444e-03 -3.915041e-03
-4.136154e+00 -7.593906e-01 1.001975e+00 9.958413e-01 9.960638e-01 1.002303e+00 1.190197e+00 1 0 -2.040211e-02 7.272413e-03 -6.244369e-02 1.053973e-02 -6.971611e-02
-4.000000e+00 -2.351141e-01 1.000087e+00 1.000637e+00 9.930559e-01 1.000644e+00 1.191136e+00 1 0 4.020184e-03 1.747667e-02 -9.692281e-02 1.989818e-02 -1.143995e-01
-4.933209e+00 -2.016782e+00 1.000262e+00 9.999553e-01 9.999229e-01 1.000340e+00 1.195109e+00 1 0 7.382477e-04 -1.862972e-04 -1.698928e-04 -7.475712e-04 1.640439e-05
-4.868419e+00 -1.480246e+00 9.996812e-01 1.000264e+00 1.000241e+00 9.995954e-01 1.195582e+00 1 0 -3.856088e-04 1.010392e-03 4.620763e-04 1.669119e-03 -5.483158e-04
-4.688940e+00 -6.304675e-01 9.993269e-01 1.000744e+00 1.002145e+00 9.992158e-01 1.197022e+00 1 0 -2.027895e-03 8.012468e-05 5.950264e-03 6.901642e-04 5.870140e-03
-4.552786e+00 -1.109238e-01 9.995203e-01 9.999279e-01 1.003041e+00 9.991748e-01 1.197211e+00 1 0 -4.504268e-04 -2.705259e-03 7.492708e-03 4.005183e-04 1.019797e-02
-5.827636e+00 -1.801241e+00 9.997602e-01 1.000050e+00 1.000089e+00 9.996895e-01 1.195354e+00 1 0 -6.140923e-04 3.520198e-05 1.330162e-04 7.235906e-04 9.781422e-05
-5.762846e+00 -1.262747e+00 1.000261e+00 9.997398e-01 9.997951e-01 1.000328e+00 1.194910e+00 1 0 1.302684e-04 -8.228452e-04 -5.097540e-04 -1.528359e-03 3.130911e-04
-5.583367e+00 -4.094312e-01 1.000686e+00 9.994628e-01 9.980607e-01 1.000831e+00 1.193663e+00 1 0 1.255546e-03 3.373012e-04 -5.449028e-03 -5.416882e-04 -5.786329e-03
-5.447214e+00 1.109238e-01 1.000460e+00 1.000337e+00 9.973421e-01 1.000772e+00 1.193657e+00 1 0 6.646288e-04 2.582860e-03 -7.254797e-03 1.879937e-04 -9.837657e-03
-6.380423e+00 -1.694954e+00 1.000395e+00 1.000032e+00 9.998308e-01 1.000501e+00 1.195083e+00 1 0 1.845567e-03 -1.593205e-04 4.479791e-04 -2.121195e-03 6.072997e-04
-6.315632e+00 -1.152951e+00 9.996445e-01 1.000366e+00 1.000337e+00 9.995776e-01 1.195688e+00 1 0 -2.673129e-03 1.205732e-03 -4.198708e-04 3.611934e-03 -1.625603e-03
-6.136154e+00 -2.908820e-01 9.988142e-01 1.000431e+00 1.004317e+00 9.985965e-01 1.198199e+00 1 0 -5.809511e-03 2.491918e-04 -3.951788e-03 5.032519e-03 -4.200980e-03
-6.000000e+00 2.351141e-01 9.987258e-01 9.992361e-01 1.005670e+00 9.979652e-01 1.198623e+00 1 0 3.106946e-03 -3.976733e-03 -4.910373e-03 4.429142e-03 -9.336397e-04
VARIABLES = "X", "Y", "ro", "u", "v", "pre", "Ma", "PART", "IMEX", "Ux", "Uy", "Vx", "Vy", "Vort" 
ZONE I=4, J=4, DATAPACKING=POINT
-1.619577e+00 -8.340342e+00 1.000095e+00 9.998178e-01 1.000037e+00 1.000132e+00 1.195120e+00 1 0 -2.080831e-04 2.706666e-04 -2.917077e-04 2.436300e-04 -5.623743e-04
-1.600220e+00 -7.784974e+00 9.999504e-01 1.000074e+00 9.999890e-01 9.999302e-01 1.195279e+00 1 0 3.575033e-05 2.004617e-04 1.716777e-04 -1.225584e-04 -2.878404e-05
-1.668775e+00 -6.899461e+00 1.000053e+00 9.999174e-01 1.000010e+00 1.000075e+00 1.195172e+00 1 0 -1.595822e-05 -2.020104e-04 -1.929308e-04 1.406476e-04 9.079628e-06
-1.764886e+00 -6.358085e+00 9.998377e-01 1.000176e+00 1.000071e+00 9.997691e-01 1.195417e+00 1 0 -1.640504e-04 2.524407e-03 7.437393e-04 -2.813336e-04 -1.780667e-03
-2.172364e+00 -8.391554e+00 1.000064e+00 9.998981e-01 1.000037e+00 1.000089e+00 1.195175e+00 1 0 -1.503662e-04 1.610913e-04 7.227926e-05 2.022785e-05 -8.881209e-05
-2.153006e+00 -7.837744e+00 9.999702e-01 1.000041e+00 9.999872e-01 9.999593e-01 1.195252e+00 1 0 5.387786e-05 1.147252e-04 -3.037910e-05 -6.567711e-05 -1.451043e-04
-2.221561e+00 -6.946681e+00 1.000032e+00 9.999547e-01 1.000014e+00 1.000044e+00 1.195203e+00 1 0 -6.479926e-05 -1.134220e-04 3.190941e-05 8.265411e-05 1.453314e-04
-2.317672e+00 -6.397378e+00 9.999086e-01 1.000112e+00 1.000002e+00 9.998778e-01 1.195315e+00 1 0 9.261689e-05 1.530899e-03 -1.536700e-05 -4.543502e-04 -1.546266e-03
-3.066791e+00 -8.374902e+00 1.000006e+00 9.999911e-01 9.999927e-01 1.000010e+00 1.195217e+00 1 0 -5.172432e-05 2.058324e-05 -1.139691e-05 3.905263e-05 -3.198015e-05
-3.047434e+00 -7.823784e+00 9.999969e-01 1.000003e+00 1.000004e+00 9.999946e-01 1.195235e+00 1 0 2.079482e-05 7.794751e-06 1.326674e-05 1.081185e-07 5.471988e-06
-3.115988e+00 -6.923199e+00 1.000003e+00 9.999969e-01 9.999951e-01 1.000006e+00 1.195222e+00 1 0 -1.827788e-05 -9.613353e-06 -1.441909e-05 4.025095e-08 -4.805739e-06
-3.212100e+00 -6.360626e+00 9.999858e-01 1.000006e+00 1.000017e+00 9.999748e-01 1.195249e+00 1 0 6.896984e-05 8.822559e-05 7.489921e-05 1.343113e-04 -1.332637e-05
-3.619577e+00 -8.305046e+00 1.000007e+00 9.999920e-01 1.000021e+00 1.000005e+00 1.195238e+00 1 0 5.709815e-05 9.337725e-07 -3.944805e-05 -5.012635e-05 -4.038182e-05
-3.600220e+00 -7.755384e+00 9.999974e-01 1.000004e+00 9.999902e-01 9.999998e-01 1.195224e+00 1 0 -1.978933e-05 1.169277e-05 3.214019e-06 -1.700601e-05 -8.478748e-06
-3.668775e+00 -6.849690e+00 1.000003e+00 9.999947e-01 1.000011e+00 1.000000e+00 1.195234e+00 1 0 1.770521e-05 -6.141252e-06 -7.067627e-06 1.410703e-05 -9.263755e-07
-3.764886e+00 -6.280185e+00 9.999961e-01 1.000019e+00 9.999699e-01 1.000010e+00 1.195214e+00 1 0 -6.851199e-05 2.028346e-04 -5.199789e-05 -3.291532e-04 -2.548325e-04
VARIABLES = "X", "Y", "ro", "u", "v", "pre", "Ma", "PART", "IMEX", "Ux", "Uy", "Vx", "Vy", "Vort" 
ZONE I=4, J=4, DATAPACKING=POINT
-1.764886e+00 -6.358085e+00 9.997362e-01 1.000502e+00 9.999428e-01 9.996168e-01 1.195566e+00 1 0 4.029576e-04 -1.028212e-03 1.110472e-03 -6.946700e-04 2.138683e-03
-1.889076e+00 -5.818105e+00 1.000141e+00 9.997780e-01 9.999836e-01 1.000205e+00 1.195048e+00 1 0 -1.000009e-04 -4.626184e-04 -6.371035e-04 2.523548e-04 -1.744851e-04
-2.110924e+00 -4.940893e+00 9.998663e-01 1.000234e+00 1.000037e+00 9.998036e-01 1.195428e+00 1 0 9.067051e-05 5.637017e-04 7.170413e-04 -3.798588e-04 1.533395e-04
-2.235114e+00 -4.394473e+00 1.000441e+00 9.996864e-01 9.995333e-01 1.000653e+00 1.194636e+00 1 0 7.995816e-05 -4.969350e-03 -2.320676e-03 -1.006600e-03 2.648674e-03
-2.317672e+00 -6.397378e+00 9.998062e-01 1.000313e+00 9.999199e-01 9.997477e-01 1.195403e+00 1 0 4.642946e-04 -5.286950e-04 -2.078807e-04 -2.683123e-04 3.208143e-04
-2.441863e+00 -5.846947e+00 1.000097e+00 9.998538e-01 1.000021e+00 1.000126e+00 1.195137e+00 1 0 -1.851529e-04 -3.312928e-04 7.174541e-05 2.211491e-04 4.030382e-04
-2.663710e+00 -4.950672e+00 9.998994e-01 1.000161e+00 9.999851e-01 9.998714e-01 1.195333e+00 1 0 1.966843e-04 3.471982e-04 -6.739094e-05 -2.887555e-04 -4.145891e-04
-2.787901e+00 -4.393473e+00 1.000286e+00 9.996515e-01 9.998610e-01 1.000359e+00 1.194894e+00 1 0 -4.185818e-04 -4.437734e-03 -1.158238e-04 4.552060e-04 4.321910e-03
-3.212100e+00 -6.360626e+00 9.999813e-01 1.000013e+00 1.000026e+00 9.999571e-01 1.195267e+00 1 0 1.462686e-04 -1.331438e-05 8.511555e-05 -5.795992e-05 9.842993e-05
-3.336290e+00 -5.793252e+00 1.000011e+00 9.999946e-01 9.999849e-01 1.000025e+00 1.195208e+00 1 0 -8.013504e-05 -2.492482e-05 -5.912870e-05 -3.831640e-05 -3.420388e-05
-3.558137e+00 -4.867591e+00 9.999871e-01 1.000005e+00 1.000017e+00 9.999710e-01 1.195251e+00 1 0 9.261460e-05 3.889908e-05 6.626990e-05 3.955912e-05 2.737082e-05
-3.682328e+00 -4.294610e+00 1.000022e+00 1.000014e+00 9.999533e-01 1.000067e+00 1.195183e+00 1 0 -2.705484e-04 -4.164990e-06 -3.414301e-04 -6.137252e-04 -3.372651e-04
-3.764886e+00 -6.280185e+00 9.999712e-01 1.000052e+00 9.999309e-01 1.000005e+00 1.195198e+00 1 0 -3.126842e-04 -1.754357e-04 7.128884e-05 1.502318e-04 2.467246e-04
-3.889076e+00 -5.704293e+00 1.000012e+00 9.999732e-01 1.000034e+00 9.999934e-01 1.195244e+00 1 0 1.582824e-04 -6.218559e-06 -3.052690e-07 7.003355e-05 5.913290e-06
-4.110924e+00 -4.764794e+00 9.999866e-01 1.000033e+00 9.999640e-01 1.000010e+00 1.195213e+00 1 0 -2.019851e-04 -1.244268e-05 5.103462e-07 -7.508246e-05 1.295303e-05
-4.235114e+00 -4.184922e+00 1.000043e+00 9.998983e-01 1.000076e+00 9.999782e-01 1.195252e+00 1 0 5.912741e-04 -8.556081e-04 3.614292e-04 1.091205e-03 1.217037e-03
VARIABLES = "X", "Y", "ro", "u", "v", "pre", "Ma", "PART", "IMEX", "Ux", "Uy", "Vx", "Vy", "Vort" 
ZONE I=4, J=4, DATAPACKING=POINT
-2.235114e+00 -4.394473e+00 1.000550e+00 9.991549e-01 9.997742e-01 1.000866e+00 1.194400e+00 1 0 1.922804e-04 2.949342e-03 -3.766003e-03 3.004542e-03 -6.715345e-03
-2.331225e+00 -3.844967e+00 9.996471e-01 1.000288e+00 1.000215e+00 9.994500e-01 1.195647e+00 1 0 -4.620832e-04 1.000500e-04 1.223685e-03 -5.405070e-04 1.123635e-03
-2.399780e+00 -2.951994e+00 1.000484e+00 9.997810e-01 9.996735e-01 1.000767e+00 1.194734e+00 1 0 6.057186e-04 1.335632e-04 -2.702846e-03 5.561661e-04 -2.836409e-03
-2.380423e+00 -2.398872e+00 9.996138e-01 1.000870e+00 1.000725e+00 9.993707e-01 1.196327e+00 1 0 8.081541e-03 2.107494e-03 8.772669e-04 1.913887e-03 -1.230227e-03
-2.787901e+00 -4.393473e+00 1.000505e+00 9.991247e-01 1.000033e+00 1.000592e+00 1.194673e+00 1 0 -6.238803e-04 2.062600e-03 4.593985e-04 1.976747e-03 -1.603201e-03
-2.884012e+00 -3.835627e+00 9.996855e-01 1.000431e+00 1.000100e+00 9.996193e-01 1.195585e+00 1 0 2.874776e-04 8.548781e-04 1.649860e-05 -5.499917e-04 -8.383796e-04
-2.952566e+00 -2.936723e+00 1.000147e+00 9.997911e-01 9.999437e-01 1.000126e+00 1.195082e+00 1 0 -2.201259e-04 -8.186949e-04 3.999256e-04 4.929904e-04 1.218621e-03
-2.933209e+00 -2.385273e+00 9.992389e-01 1.000565e+00 1.000248e+00 9.990655e-01 1.195819e+00 1 0 2.007343e-04 6.753940e-03 8.833790e-04 -1.939654e-03 -5.870561e-03
-3.682328e+00 -4.294610e+00 1.000051e+00 1.000029e+00 9.998781e-01 1.000164e+00 1.195105e+00 1 0 -6.460820e-04 -1.740392e-04 -4.180917e-04 -9.008774e-05 -2.440525e-04
-3.778439e+00 -3.724957e+00 1.000010e+00 9.999748e-01 1.000012e+00 9.999668e-01 1.195246e+00 1 0 3.488282e-04 -4.127140e-05 1.782887e-04 1.242450e-04 2.195601e-04
-3.846994e+00 -2.817877e+00 1.000163e+00 9.999280e-01 9.997788e-01 1.000289e+00 1.194978e+00 1 0 -1.000703e-04 -4.034321e-05 -6.432737e-04 -3.896907e-04 -6.029305e-04
-3.827636e+00 -2.268715e+00 1.000399e+00 9.998731e-01 9.998329e-01 1.000480e+00 1.195004e+00 1 0 1.409319e-03 -4.382903e-04 -7.072257e-05 2.061584e-03 3.675677e-04
-4.235114e+00 -4.184922e+00 1.000121e+00 9.997731e-01 1.000216e+00 9.999608e-01 1.195318e+00 1 0 2.047019e-03 9.836721e-04 -9.804454e-05 -2.572070e-05 -1.081717e-03
-4.331225e+00 -3.610392e+00 9.998782e-01 1.000114e+00 9.999979e-01 9.999300e-01 1.195265e+00 1 0 -1.056192e-03 1.232318e-04 -3.225290e-04 -1.688132e-04 -4.457609e-04
-4.399780e+00 -2.700088e+00 9.998211e-01 1.000001e+00 1.000450e+00 9.996224e-01 1.195617e+00 1 0 -4.753786e-04 -3.310571e-04 -7.421479e-04 7.844780e-04 -4.110907e-04
-4.380423e+00 -2.151813e+00 9.992874e-01 9.999159e-01 1.000530e+00 9.991239e-01 1.195593e+00 1 0 -4.353905e-03 5.356093e-04 -1.886225e-03 -2.446917e-03 -2.421835e-03
VARIABLES = "X", "Y", "ro", "u", "v", "pre", "Ma", "PART", "IMEX", "Ux", "Uy", "Vx", "Vy", "Vort" 
ZONE I=4, J=4, DATAPACKING=POINT
-2.380423e+00 -2.398872e+00 9.990930e-01 1.000320e+00 1.000294e+00 9.985669e-01 1.195910e+00 1 0 4.543656e-03 1.086834e-02 6.729918e-03 -8.510816e-03 -4.138417e-03
-2.315632e+00 -1.844533e+00 1.000763e+00 1.010993e+00 9.964185e-01 1.001580e+00 1.199200e+00 1 0 5.170984e-02 1.539177e-02 1.097441e-02 -1.294353e-02 -4.417356e-03
-2.136154e+00 -9.423792e-01 9.951499e-01 1.030193e+00 9.675251e-01 9.942056e-01 1.195019e+00 1 0 1.274512e-01 -1.343001e-02 5.967237e-02 -7.315212e-02 7.310238e-02
-2.000000e+00 -3.804226e-01 9.967374e-01 1.035322e+00 9.220822e-01 9.927127e-01 1.174102e+00 1 0 8.160645e-02 -1.740903e-02 8.916858e-02 -1.207756e-01 1.065776e-01
-2.933209e+00 -2.385273e+00 9.991707e-01 1.001207e+00 9.995465e-01 9.991365e-01 1.195700e+00 1 0 -8.582205e-04 -2.344149e-03 -8.026411e-04 -6.882111e-03 1.541508e-03
-2.868419e+00 -1.836544e+00 1.001284e+00 9.983181e-01 9.972069e-01 1.001415e+00 1.192476e+00 1 0 5.271648e-03 -5.941798e-03 -6.059566e-03 -5.018024e-03 -1.177682e-04
-2.688940e+00 -9.499711e-01 1.001300e+00 9.981287e-01 9.833709e-01 1.001210e+00 1.184258e+00 1 0 1.579386e-02 4.186639e-03 -4.790525e-02 -1.689294e-02 -5.209189e-02
-2.552786e+00 -3.997800e-01 1.002647e+00 1.007005e+00 9.631410e-01 1.004464e+00 1.176613e+00 1 0 2.821209e-02 2.068194e-02 -1.004305e-01 -1.293187e-02 -1.211124e-01
-3.827636e+00 -2.268715e+00 1.000264e+00 9.998296e-01 1.000204e+00 1.000204e+00 1.195285e+00 1 0 2.566663e-03 4.474372e-04 4.876947e-05 1.106501e-03 -3.986677e-04
-3.762846e+00 -1.727764e+00 9.994760e-01 1.001413e+00 1.001060e+00 9.995158e-01 1.196683e+00 1 0 -1.900697e-03 4.563109e-03 1.065269e-03 2.996537e-03 -3.497841e-03
-3.583367e+00 -8.636394e-01 9.990188e-01 1.003720e+00 1.005577e+00 9.992144e-01 1.200668e+00 1 0 -4.132056e-03 -6.198971e-04 1.376887e-02 3.557790e-03 1.438877e-02
-3.447214e+00 -3.312254e-01 9.985625e-01 9.998382e-01 1.009330e+00 9.972947e-01 1.201484e+00 1 0 -4.425013e-03 -1.446766e-02 2.182427e-02 1.214942e-03 3.629194e-02
-4.380423e+00 -2.151813e+00 9.991682e-01 9.999297e-01 1.000014e+00 9.990909e-01 1.195241e+00 1 0 -6.204669e-03 2.256007e-03 4.774363e-04 1.342728e-03 -1.778571e-03
-4.315632e+00 -1.613962e+00 1.000678e+00 9.982582e-01 9.982657e-01 1.000528e+00 1.193241e+00 1 0 1.341353e-02 -8.382811e-03 4.591565e-03 -9.231386e-03 1.297438e-02
-4.136154e+00 -7.593906e-01 1.001137e+00 9.943704e-01 9.869381e-01 1.000333e+00 1.184542e+00 1 0 3.722602e-02 -7.345960e-03 1.358132e-02 -1.943256e-02 2.092728e-02
-4.000000e+00 -2.351141e-01 1.002689e+00 9.997869e-01 9.786781e-01 1.005263e+00 1.180911e+00 1 0 7.451905e-03 1.942994e-02 2.191336e-02 -2.544252e-02 2.483414e-03
VARIABLES = "X", "Y", "ro", "u", "v", "pre", "Ma", "PART", "IMEX", "Ux", "Uy", "Vx", "Vy", "Vort" 
ZONE I=4, J=4, DATAPACKING=POINT
3.804226e-01 -7.905297e+00 1.000161e+00 1.000188e+00 1.000247e+00 1.000189e+00 1.195472e+00 1 0 -3.987067e-04 1.539014e-04 6.303522e-04 -9.288736e-04 4.764508e-04
3.997800e-01 -7.347791e+00 9.999508e-01 9.998979e-01 9.998837e-01 9.999484e-01 1.195099e+00 1 0 1.964461e-04 -3.297943e-04 2.144250e-05 -1.604105e-04 3.512368e-04
3.312253e-01 -6.470140e+00 1.000024e+00 1.000136e+00 1.000101e+00 1.000014e+00 1.195377e+00 1 0 -2.730124e-04 3.236194e-04 -3.965044e-05 1.319667e-04 -3.632698e-04
2.351141e-01 -5.941124e+00 1.000142e+00 9.996941e-01 9.997071e-01 1.000243e+00 1.194810e+00 1 0 1.620234e-03 -4.917101e-03 1.124750e-03 -2.708158e-03 6.041851e-03
-1.723638e-01 -8.043235e+00 1.000092e+00 1.000146e+00 1.000187e+00 1.000077e+00 1.195437e+00 1 0 3.523348e-04 8.791303e-05 2.353404e-04 -1.213050e-03 1.474274e-04
-1.530064e-01 -7.485609e+00 9.999454e-01 9.999511e-01 9.998608e-01 9.999500e-01 1.195113e+00 1 0 -1.588247e-04 -2.316066e-04 5.934000e-05 3.192558e-05 2.909466e-04
-2.215611e-01 -6.608291e+00 1.000040e+00 1.000064e+00 1.000126e+00 1.000025e+00 1.195351e+00 1 0 2.131463e-04 2.488485e-04 -6.614777e-05 -4.304288e-05 -3.149962e-04
-3.176723e-01 -6.079311e+00 1.000171e+00 9.998557e-01 9.995927e-01 1.000343e+00 1.194796e+00 1 0 7.762174e-05 -2.591744e-03 7.665117e-04 -2.645701e-03 3.358255e-03
-1.066791e+00 -8.248484e+00 1.000172e+00 9.997540e-01 1.000209e+00 1.000229e+00 1.195172e+00 1 0 1.749848e-04 3.596972e-04 2.623235e-04 -4.737623e-04 -9.737365e-05
-1.047434e+00 -7.691866e+00 9.998882e-01 1.000135e+00 9.998730e-01 9.998504e-01 1.195256e+00 1 0 -1.316221e-04 2.976122e-04 -1.120466e-04 -2.056273e-04 -4.096588e-04
-1.115988e+00 -6.810839e+00 1.000113e+00 9.998491e-01 1.000125e+00 1.000151e+00 1.195191e+00 1 0 1.335362e-04 -3.338782e-04 8.883044e-05 2.750106e-04 4.227087e-04
-1.212100e+00 -6.276028e+00 9.998024e-01 1.000302e+00 9.997466e-01 9.997527e-01 1.195287e+00 1 0 -1.011870e-03 4.568560e-03 8.821803e-05 -3.541692e-03 -4.480342e-03
-1.619577e+00 -8.340342e+00 1.000100e+00 9.998126e-01 9.999892e-01 1.000140e+00 1.195086e+00 1 0 -6.269527e-04 2.955886e-04 4.539673e-04 3.852038e-04 1.583787e-04
-1.600220e+00 -7.784974e+00 9.999482e-01 1.000075e+00 1.000019e+00 9.999253e-01 1.195298e+00 1 0 3.058746e-04 2.092236e-04 -2.760425e-04 -1.103440e-04 -4.852661e-04
-1.668775e+00 -6.899461e+00 1.000052e+00 9.999237e-01 9.999778e-01 1.000076e+00 1.195156e+00 1 0 -3.207614e-04 -2.351840e-04 2.777999e-04 2.000258e-04 5.129839e-04
-1.764886e+00 -6.358085e+00 9.997919e-01 1.000189e+00 1.000182e+00 9.996957e-01 1.195508e+00 1 0 3.563183e-04 2.635521e-03 -7.340798e-04 3.032380e-04 -3.369601e-03
VARIABLES = "X", "Y", "ro", "u", "v", "pre", "Ma", "PART", "IMEX", "Ux", "Uy", "Vx", "Vy", "Vort" 
ZONE I=4, J=4, DATAPACKING=POINT
2.351141e-01 -5.941124e+00 1.000032e+00 9.989161e-01 9.994226e-01 1.000136e+00 1.194173e+00 1 0 5.846906e-04 7.475695e-04 -8.435409e-04 1.547886e-03 -1.591110e-03
1.109238e-01 -5.419358e+00 9.998993e-01 1.000483e+00 1.000340e+00 9.998201e-01 1.195768e+00 1 0 -6.694550e-04 1.559955e-03 -1.154620e-04 4.442519e-04 -1.675417e-03
-1.109238e-01 -4.580642e+00 1.000228e+00 9.994979e-01 9.995183e-01 1.000362e+00 1.194561e+00 1 0 7.465247e-04 -1.716556e-03 7.450361e-05 -6.117043e-04 1.791059e-03
-2.351141e-01 -4.058876e+00 9.995880e-01 1.000790e+00 1.000964e+00 9.994777e-01 1.196343e+00 1 0 -4.102441e-03 1.733461e-02 -5.020022e-03 1.160903e-02 -2.235464e-02
-3.176723e-01 -6.079311e+00 9.998666e-01 9.994827e-01 9.994449e-01 1.000115e+00 1.194439e+00 1 0 -2.025061e-03 6.470541e-04 -4.161303e-04 3.238775e-03 -1.063184e-03
-4.418626e-01 -5.556845e+00 9.999390e-01 1.000227e+00 1.000355e+00 9.997648e-01 1.195680e+00 1 0 6.566331e-04 6.200198e-04 -9.860156e-05 -9.944894e-05 -7.186214e-04
-6.637102e-01 -4.714802e+00 1.000154e+00 9.997587e-01 9.995823e-01 1.000395e+00 1.194691e+00 1 0 -6.451346e-04 -8.799803e-04 -2.525469e-05 1.973229e-04 8.547256e-04
-7.879005e-01 -4.190031e+00 9.994537e-01 1.000031e+00 1.001421e+00 9.987478e-01 1.196520e+00 1 0 6.514025e-04 3.512505e-03 -2.039757e-03 9.837600e-03 -5.552262e-03
-1.212100e+00 -6.276028e+00 9.993629e-01 1.000950e+00 9.993212e-01 9.992016e-01 1.195487e+00 1 0 -2.380090e-04 -1.294320e-03 -8.257091e-04 9.257927e-04 4.686106e-04
-1.336290e+00 -5.744968e+00 1.000268e+00 9.995876e-01 1.000305e+00 1.000328e+00 1.195129e+00 1 0 4.190688e-04 -1.076947e-03 2.854683e-04 9.064231e-04 1.362416e-03
-1.558137e+00 -4.884764e+00 9.997550e-01 1.000446e+00 9.996880e-01 9.997142e-01 1.195333e+00 1 0 -4.587365e-04 1.142645e-03 -3.011797e-04 -1.129817e-03 -1.443825e-03
-1.682328e+00 -4.348361e+00 1.000693e+00 9.991718e-01 1.000275e+00 1.000786e+00 1.194843e+00 1 0 1.836820e-03 -1.351541e-02 1.051784e-03 8.320989e-03 1.456720e-02
-1.764886e+00 -6.358085e+00 9.997006e-01 1.000508e+00 1.000137e+00 9.995350e-01 1.195713e+00 1 0 2.554914e-03 -6.922072e-04 -1.611219e-03 -2.125232e-03 -9.190114e-04
-1.889076e+00 -5.818105e+00 1.000180e+00 9.997607e-01 9.998785e-01 1.000276e+00 1.194955e+00 1 0 -1.001189e-03 -6.281053e-04 7.909578e-04 5.110672e-04 1.419063e-03
-2.110924e+00 -4.940893e+00 9.998163e-01 1.000258e+00 1.000151e+00 9.997130e-01 1.195534e+00 1 0 1.124187e-03 7.172280e-04 -8.774466e-04 -6.955909e-04 -1.594675e-03
-2.235114e+00 -4.394473e+00 1.000713e+00 9.995177e-01 9.991995e-01 1.001106e+00 1.194227e+00 1 0 -1.654869e-03 -6.260709e-03 6.960720e-04 -3.191941e-03 6.956781e-03
VARIABLES = "X", "Y", "ro", "u", "v", "pre", "Ma", "PART", "IMEX", "Ux", "Uy", "Vx", "Vy", "Vort" 
ZONE I=4, J=4, DATAPACKING=POINT
-2.351141e-01 -4.058876e+00 9.995500e-01 1.003492e+00 1.002506e+00 9.995631e-01 1.198805e+00 1 0 -3.340409e-04 1.524631e-02 3.011886e-03 -8.787277e-03 -1.223442e-02
-3.312254e-01 -3.529860e+00 1.000158e+00 9.989462e-01 9.984460e-01 1.000092e+00 1.193710e+00 1 0 9.097968e-04 -9.643697e-03 -4.052969e-04 -7.885388e-04 9.238400e-03
-3.997800e-01 -2.652209e+00 9.975002e-01 1.019859e+00 9.987771e-01 9.967525e-01 1.206884e+00 1 0 8.954066e-04 6.429317e-02 1.667122e-03 -1.159148e-02 -6.262604e-02
-3.804226e-01 -2.094703e+00 9.985812e-01 1.065906e+00 9.772147e-01 9.961281e-01 1.223652e+00 1 0 3.041947e-02 4.235868e-02 4.516302e-02 -1.023648e-01 2.804340e-03
-7.879005e-01 -4.190031e+00 1.000637e+00 1.000311e+00 1.002139e+00 9.994995e-01 1.197374e+00 1 0 4.524387e-03 5.009559e-03 3.218168e-03 -1.419666e-02 -1.791391e-03
-8.840118e-01 -3.658141e+00 9.997193e-01 1.000073e+00 9.987400e-01 1.000281e+00 1.194184e+00 1 0 -1.647124e-03 -1.718533e-03 -9.084150e-04 2.253366e-03 8.101181e-04
-9.525664e-01 -2.778153e+00 9.991053e-01 1.008635e+00 1.000203e+00 9.980254e-01 1.201170e+00 1 0 1.078537e-02 3.013063e-02 1.026610e-03 -1.223199e-02 -2.910402e-02
-9.332090e-01 -2.221331e+00 1.000808e+00 1.038252e+00 9.791109e-01 1.002520e+00 1.205092e+00 1 0 3.282036e-02 8.623360e-02 3.471168e-03 -8.703814e-02 -8.276243e-02
-1.682328e+00 -4.348361e+00 1.001821e+00 9.973014e-01 1.001399e+00 1.002024e+00 1.194333e+00 1 0 -4.786850e-04 3.452418e-03 2.486839e-03 -3.018151e-04 -9.655790e-04
-1.778439e+00 -3.806804e+00 9.990272e-01 1.001176e+00 9.994597e-01 9.989261e-01 1.195669e+00 1 0 -3.269634e-04 3.471776e-03 -1.159963e-03 -2.004213e-03 -4.631739e-03
-1.846994e+00 -2.919588e+00 1.000504e+00 9.999196e-01 9.998625e-01 1.000311e+00 1.195214e+00 1 0 2.973762e-03 -1.270514e-03 1.551755e-03 -5.144776e-04 2.822269e-03
-1.827636e+00 -2.364833e+00 9.963598e-01 1.004451e+00 9.958120e-01 9.955195e-01 1.195902e+00 1 0 1.532245e-02 3.444522e-02 -1.359679e-02 -2.533989e-02 -4.804201e-02
-2.235114e+00 -4.394473e+00 1.000958e+00 9.989235e-01 9.991730e-01 1.001629e+00 1.193691e+00 1 0 -7.027601e-03 2.955761e-03 3.678250e-03 6.111274e-03 7.224888e-04
-2.331225e+00 -3.844967e+00 9.994343e-01 1.000418e+00 1.000450e+00 9.990459e-01 1.195980e+00 1 0 3.284495e-03 4.523406e-04 -1.467509e-03 -3.328152e-04 -1.919849e-03
-2.399780e+00 -2.951994e+00 1.000861e+00 9.998998e-01 9.993983e-01 1.001462e+00 1.194451e+00 1 0 -1.388382e-03 1.321220e-03 -1.440609e-03 -2.153948e-04 -2.761830e-03
-2.380423e+00 -2.398872e+00 1.000329e+00 1.002739e+00 1.000856e+00 1.000243e+00 1.197429e+00 1 0 -7.816764e-03 9.349744e-03 -4.970416e-04 7.295877e-03 -9.846786e-03
VARIABLES = "X", "Y", "ro", "u", "v", "pre", "Ma", "PART", "IMEX", "Ux", "Uy", "Vx", "Vy", "Vort" 
ZONE I=4, J=4, DATAPACKING=POINT
-3.804226e-01 -2.094703e+00 1.002149e+00 1.049553e+00 9.691320e-01 1.000321e+00 1.208455e+00 1 0 -7.258658e-02 2.392764e-01 1.911956e-02 -2.994405e-02 -2.201569e-01
-3.156323e-01 -1.526022e+00 1.002917e+00 1.267215e+00 8.981631e-01 1.004976e+00 1.311376e+00 1 0 1.886766e-01 4.006799e-01 -3.508955e-02 -2.125939e-01 -4.357694e-01
-1.361539e-01 -5.869639e-01 8.784517e-01 1.584377e+00 6.416496e-01 8.392864e-01 1.478010e+00 1 0 3.106732e-01 1.081629e-01 2.637553e-01 -3.361252e-01 1.555924e-01
0.000000e+00 0.000000e+00 6.529358e-01 1.569483e+00 5.127531e-01 5.609427e-01 1.505533e+00 1 0 4.399604e-01 -3.261947e-01 9.092363e-01 -3.348682e-01 1.235431e+00
-9.332090e-01 -2.221331e+00 9.973338e-01 1.040898e+00 9.738430e-01 1.001218e+00 1.202366e+00 1 0 3.856565e-02 -2.800284e-02 -2.004074e-02 1.578543e-02 7.962096e-03
-8.684187e-01 -1.654801e+00 1.002959e+00 1.117454e+00 9.311152e-01 1.002493e+00 1.229594e+00 1 0 1.686824e-01 2.254590e-01 -2.199287e-02 -1.726614e-01 -2.474518e-01
-6.889403e-01 -7.205790e-01 9.591854e-01 1.362874e+00 6.439411e-01 9.466707e-01 1.282331e+00 1 0 3.818958e-01 1.052088e-01 -5.725195e-02 -3.981379e-01 -1.624607e-01
-5.527864e-01 -1.361539e-01 8.921097e-01 1.398187e+00 3.919625e-01 8.470883e-01 1.259429e+00 1 0 3.317426e-01 -9.882362e-02 -3.212075e-02 -3.519647e-01 6.670288e-02
-1.827636e+00 -2.364833e+00 9.938823e-01 1.008721e+00 9.928549e-01 9.929179e-01 1.196789e+00 1 0 3.240029e-02 -4.249456e-02 -1.793323e-02 -1.483594e-02 2.456133e-02
-1.762846e+00 -1.805070e+00 1.003502e+00 1.007402e+00 9.823389e-01 1.003529e+00 1.189176e+00 1 0 2.971023e-02 3.214110e-02 -4.531574e-02 -3.635709e-02 -7.745684e-02
-1.583367e+00 -8.882593e-01 1.004000e+00 1.071705e+00 8.672533e-01 1.006544e+00 1.163700e+00 1 0 1.889580e-01 5.172230e-02 -2.558766e-01 -1.689751e-01 -3.075989e-01
-1.447214e+00 -3.156323e-01 1.004633e+00 1.132415e+00 6.970792e-01 1.013473e+00 1.118947e+00 1 0 2.420047e-01 9.720187e-02 -4.452736e-01 -2.178854e-01 -5.424754e-01
-2.380423e+00 -2.398872e+00 9.992123e-01 1.002336e+00 1.001140e+00 9.984705e-01 1.197751e+00 1 0 -1.511272e-03 7.665965e-03 -6.305306e-03 -7.003180e-03 -1.397127e-02
-2.315632e+00 -1.844533e+00 1.004444e+00 1.013205e+00 9.981433e-01 1.007551e+00 1.200189e+00 1 0 -4.229867e-02 3.286483e-02 6.629367e-03 -6.248470e-03 -2.623546e-02
-2.136154e+00 -9.423792e-01 9.999466e-01 1.034659e+00 9.831297e-01 1.002270e+00 1.204853e+00 1 0 -6.795253e-02 2.946508e-02 -5.372712e-02 -2.226232e-02 -8.319220e-02
-2.000000e+00 -3.804226e-01 9.907533e-01 1.035640e+00 9.541950e-01 9.799886e-01 1.196668e+00 1 0 6.279834e-02 -2.545761e-02 -3.034410e-01 1.704856e-02 -2.779834e-01
