VARIABLES = "X", "Y", "ro", "u", "v", "pre", "Ma", "PART", "IMEX", "Ux", "Uy", "Vx", "Vy", "Vort" 
ZONE I=4, J=4, DATAPACKING=POINT
2.380423e+00 -7.601128e+00 1.000232e+00 1.000367e+00 1.000102e+00 1.000279e+00 1.195481e+00 2 0 -9.068147e-04 -1.107446e-04 4.667702e-04 4.571728e-04 5.775147e-04
2.399780e+00 -7.048006e+00 9.998913e-01 9.997707e-01 9.999948e-01 9.998724e-01 1.195100e+00 2 0 5.435414e-04 -5.870955e-04 -2.619246e-04 -2.863564e-04 3.251709e-04
2.331225e+00 -6.155033e+00 1.000132e+00 1.000315e+00 9.999998e-01 1.000154e+00 1.195404e+00 2 0 -5.657235e-04 3.213189e-04 1.754492e-04 2.606128e-04 -1.458697e-04
2.235114e+00 -5.605527e+00 9.995937e-01 9.987596e-01 9.999937e-01 9.995201e-01 1.194528e+00 2 0 1.811812e-03 -1.378479e-02 -8.503497e-04 -1.718153e-03 1.293444e-02
1.827636e+00 -7.635167e+00 1.000166e+00 1.000685e+00 1.000014e+00 1.000158e+00 1.195651e+00 2 0 -3.048144e-04 -5.487528e-04 -3.237443e-04 1.113619e-03 2.250085e-04
1.846994e+00 -7.080412e+00 9.999364e-01 9.995981e-01 1.000040e+00 9.999538e-01 1.195002e+00 2 0 2.699823e-04 -9.759125e-04 1.494355e-04 -2.980501e-04 1.125348e-03
1.778439e+00 -6.193196e+00 1.000093e+00 1.000490e+00 9.999921e-01 1.000078e+00 1.195526e+00 2 0 -2.294058e-04 8.598618e-04 -1.979953e-04 2.310699e-04 -1.057857e-03
1.682328e+00 -5.651639e+00 9.995164e-01 9.984901e-01 1.000032e+00 9.994788e-01 1.194368e+00 2 0 2.241116e-03 -1.890930e-02 7.789014e-04 -1.744121e-03 1.968820e-02
9.332090e-01 -7.778669e+00 1.000118e+00 1.000583e+00 1.000343e+00 1.000125e+00 1.195778e+00 2 0 5.837174e-04 -4.500471e-04 -1.470623e-04 -4.989598e-04 3.029848e-04
9.525664e-01 -7.221847e+00 9.999988e-01 9.996798e-01 9.998537e-01 1.000022e+00 1.194936e+00 2 0 -1.239480e-04 -8.466009e-04 2.299675e-04 -3.749650e-04 1.076568e-03
8.840117e-01 -6.341859e+00 1.000004e+00 1.000357e+00 1.000184e+00 9.999778e-01 1.195567e+00 2 0 1.844154e-04 8.993625e-04 -1.504786e-04 2.795881e-04 -1.049841e-03
7.879005e-01 -5.809969e+00 1.000020e+00 9.990760e-01 9.994362e-01 1.000088e+00 1.194298e+00 2 0 1.752848e-03 -1.340626e-02 1.604371e-03 -6.463232e-03 1.501063e-02
3.804226e-01 -7.905297e+00 1.000132e+00 1.000177e+00 1.000251e+00 1.000152e+00 1.195472e+00 2 0 9.007298e-04 2.205811e-05 9.864949e-04 -9.984186e-04 9.644368e-04
3.997800e-01 -7.347791e+00 9.999599e-01 9.999085e-01 9.998833e-01 9.999583e-01 1.195105e+00 2 0 -3.913000e-04 -3.121603e-04 -2.799004e-04 -1.664850e-04 3.225983e-05
3.312253e-01 -6.470140e+00 1.000030e+00 1.000104e+00 1.000092e+00 1.000026e+00 1.195348e+00 2 0 3.095080e-04 3.685631e-04 4.095432e-04 2.135259e-04 4.098005e-05
2.351141e-01 -5.941124e+00 1.000153e+00 9.997503e-01 9.997561e-01 1.000245e+00 1.194879e+00 2 0 1.510987e-04 -4.332544e-03 -6.590416e-04 -2.712370e-03 3.673503e-03
VARIABLES = "X", "Y", "ro", "u", "v", "pre", "Ma", "PART", "IMEX", "Ux", "Uy", "Vx", "Vy", "Vort" 
ZONE I=4, J=4, DATAPACKING=POINT
2.235114e+00 -5.605527e+00 9.991901e-01 9.966759e-01 9.996634e-01 9.991100e-01 1.193090e+00 2 0 3.392605e-03 6.925131e-03 -9.341470e-04 -1.917946e-04 -7.859278e-03
2.110924e+00 -5.059107e+00 1.000397e+00 1.001710e+00 1.000138e+00 1.000439e+00 1.196309e+00 2 0 -1.775460e-03 2.906948e-03 6.455640e-04 5.783556e-04 -2.261384e-03
1.889076e+00 -4.181895e+00 9.995030e-01 9.978809e-01 9.999050e-01 9.994392e-01 1.193944e+00 2 0 1.572369e-03 -2.463045e-03 -4.423007e-04 -2.861782e-04 2.020744e-03
1.764886e+00 -3.641915e+00 1.000585e+00 1.006177e+00 1.000663e+00 1.000516e+00 1.199362e+00 2 0 -1.323324e-02 6.689257e-02 5.134660e-03 7.209904e-03 -6.175791e-02
1.682328e+00 -5.651639e+00 9.991518e-01 9.957463e-01 9.995478e-01 9.992341e-01 1.192369e+00 2 0 2.478260e-05 7.323614e-03 1.392629e-03 -8.406901e-04 -5.930985e-03
1.558137e+00 -5.115236e+00 1.000472e+00 1.002093e+00 1.000184e+00 1.000455e+00 1.196600e+00 2 0 -8.064403e-04 4.356901e-03 -8.042574e-04 8.903905e-04 -5.161159e-03
1.336290e+00 -4.255032e+00 9.994530e-01 9.975751e-01 9.996706e-01 9.994789e-01 1.193568e+00 2 0 4.354439e-04 -3.673110e-03 1.269543e-03 -1.310208e-03 4.942653e-03
1.212099e+00 -3.723972e+00 1.002447e+00 1.007311e+00 9.996735e-01 1.002915e+00 1.199132e+00 2 0 -1.396051e-02 8.160068e-02 -1.815511e-03 7.756693e-03 -8.341619e-02
7.879005e-01 -5.809969e+00 9.998090e-01 9.971413e-01 9.985656e-01 9.998561e-01 1.192635e+00 2 0 -3.418351e-03 2.420426e-03 -3.514566e-04 1.949876e-03 -2.771882e-03
6.637102e-01 -5.285198e+00 1.000051e+00 1.001362e+00 1.000748e+00 1.000018e+00 1.196510e+00 2 0 5.706748e-04 3.982183e-03 -4.840981e-04 1.836223e-03 -4.466281e-03
4.418626e-01 -4.443155e+00 1.000070e+00 9.985398e-01 9.989057e-01 1.000159e+00 1.193649e+00 2 0 -8.887085e-04 -3.639368e-03 5.910077e-04 -2.717912e-03 4.230376e-03
3.176723e-01 -3.920689e+00 1.001401e+00 1.004241e+00 1.000968e+00 1.002076e+00 1.197939e+00 2 0 -7.454532e-03 5.582911e-02 -7.348816e-03 2.608663e-02 -6.317793e-02
2.351141e-01 -5.941124e+00 1.000111e+00 9.991057e-01 9.995224e-01 1.000208e+00 1.194351e+00 2 0 -3.121305e-03 -3.560085e-04 -3.694176e-03 7.041149e-04 -3.338168e-03
1.109238e-01 -5.419358e+00 9.998477e-01 1.000415e+00 1.000285e+00 9.997683e-01 1.195695e+00 2 0 1.113562e-03 1.757305e-03 1.551327e-03 7.006525e-04 -2.059786e-04
-1.109238e-01 -4.580642e+00 1.000285e+00 9.995647e-01 9.996028e-01 1.000416e+00 1.194653e+00 2 0 -1.077407e-03 -1.958625e-03 -2.190727e-03 -9.245711e-04 -2.321016e-04
-2.351141e-01 -4.058876e+00 9.991543e-01 1.000611e+00 1.000927e+00 9.989399e-01 1.196276e+00 2 0 1.779263e-03 1.615132e-02 -1.503952e-03 1.035146e-02 -1.765527e-02
VARIABLES = "X", "Y", "ro", "u", "v", "pre", "Ma", "PART", "IMEX", "Ux", "Uy", "Vx", "Vy", "Vort" 
ZONE I=4, J=4, DATAPACKING=POINT
1.764886e+00 -3.641915e+00 1.001546e+00 1.014875e+00 1.001347e+00 1.001289e+00 1.205104e+00 2 0 -7.296343e-03 -1.939260e-02 6.750293e-03 2.863651e-03 2.614289e-02
1.668775e+00 -3.100539e+00 1.000107e+00 9.966335e-01 9.995650e-01 1.000471e+00 1.192741e+00 2 0 5.638412e-03 -5.391745e-03 -5.353077e-03 -8.268626e-04 3.866797e-05
1.600220e+00 -2.215026e+00 9.999168e-01 1.059976e+00 1.021255e+00 9.994861e-01 1.244257e+00 2 0 -6.757897e-02 1.444168e-01 1.429613e-02 5.753610e-02 -1.301207e-01
1.619577e+00 -1.659658e+00 1.005752e+00 1.150966e+00 1.067449e+00 1.008840e+00 1.324664e+00 2 0 -1.374015e-01 1.091538e-01 4.071883e-02 9.821289e-02 -6.843493e-02
1.212099e+00 -3.723972e+00 1.003884e+00 1.017710e+00 1.001298e+00 1.004226e+00 1.206423e+00 2 0 2.244550e-03 -1.824552e-02 -4.257084e-03 4.684522e-04 1.398844e-02
1.115988e+00 -3.189161e+00 9.982460e-01 9.950978e-01 9.999746e-01 9.981023e-01 1.192373e+00 2 0 3.249441e-03 -9.321313e-03 1.666105e-03 7.051919e-04 1.098742e-02
1.047434e+00 -2.308134e+00 1.004050e+00 1.072783e+00 1.010447e+00 1.005140e+00 1.244850e+00 2 0 -3.660549e-02 1.787778e-01 1.389136e-02 2.665519e-02 -1.648864e-01
1.066791e+00 -1.751516e+00 1.007383e+00 1.183977e+00 1.031964e+00 1.009440e+00 1.326037e+00 2 0 -1.908630e-02 1.028930e-01 5.976258e-02 5.104773e-02 -4.313045e-02
3.176723e-01 -3.920689e+00 1.001888e+00 1.011811e+00 1.005028e+00 1.003252e+00 1.204479e+00 2 0 1.261611e-02 1.325908e-03 2.506399e-04 -2.761084e-03 -1.075268e-03
2.215610e-01 -3.391709e+00 9.987387e-01 9.958998e-01 9.978481e-01 9.979627e-01 1.191956e+00 2 0 -7.350211e-04 -1.166836e-02 2.831622e-03 -7.166657e-03 1.449998e-02
1.530064e-01 -2.514391e+00 1.001425e+00 1.049748e+00 9.978587e-01 1.002528e+00 1.223398e+00 2 0 1.767103e-02 1.277105e-01 7.109605e-03 -4.698343e-03 -1.206009e-01
1.723638e-01 -1.956765e+00 9.919379e-01 1.124431e+00 9.807715e-01 9.847755e-01 1.265602e+00 2 0 1.090031e-01 2.712513e-03 5.732608e-02 -1.059057e-01 5.461356e-02
-2.351141e-01 -4.058876e+00 9.987158e-01 1.002974e+00 1.002124e+00 9.985547e-01 1.198372e+00 2 0 1.140873e-02 1.945925e-02 1.276166e-02 -6.922698e-03 -6.697587e-03
-3.312254e-01 -3.529860e+00 1.000726e+00 9.990195e-01 9.985093e-01 1.000798e+00 1.193709e+00 2 0 -4.702598e-03 -1.085645e-02 -3.596715e-03 -4.882183e-04 7.259736e-03
-3.997800e-01 -2.652209e+00 9.953822e-01 1.018268e+00 9.994539e-01 9.938338e-01 1.206811e+00 2 0 4.013735e-02 6.278119e-02 -8.551191e-03 -1.043149e-02 -7.133238e-02
-3.804226e-01 -2.094703e+00 9.962092e-01 1.064545e+00 9.793853e-01 9.926526e-01 1.224730e+00 2 0 7.775619e-02 4.465616e-02 1.275568e-03 -9.315299e-02 -4.338059e-02
VARIABLES = "X", "Y", "ro", "u", "v", "pre", "Ma", "PART", "IMEX", "Ux", "Uy", "Vx", "Vy", "Vort" 
ZONE I=4, J=4, DATAPACKING=POINT
1.619577e+00 -1.659658e+00 1.000588e+00 1.128879e+00 1.064502e+00 1.003621e+00 1.309378e+00 2 0 -1.672226e-01 3.754577e-01 -4.229092e-03 1.704158e-01 -3.796867e-01
1.684368e+00 -1.098601e+00 9.898164e-01 1.292840e+00 1.223791e+00 9.822453e-01 1.510328e+00 2 0 -2.900648e-01 2.041353e-01 -8.848834e-02 3.759496e-01 -2.926236e-01
1.863846e+00 -1.843164e-01 9.223417e-01 1.252272e+00 1.568870e+00 8.967892e-01 1.720538e+00 2 0 -4.283695e-01 -1.377738e-01 -3.219190e-01 3.774448e-01 -1.841452e-01
2.000000e+00 3.804226e-01 9.249590e-01 1.084022e+00 1.653810e+00 8.985856e-01 1.695573e+00 2 0 -1.939614e-01 -2.451544e-01 -2.185241e-01 2.621689e-02 2.663035e-02
1.066791e+00 -1.751516e+00 1.003250e+00 1.151619e+00 1.033124e+00 1.002122e+00 1.308288e+00 2 0 -7.206616e-02 4.699674e-01 3.926230e-02 2.044966e-01 -4.307052e-01
1.131581e+00 -1.186179e+00 9.507383e-01 1.436626e+00 1.184858e+00 9.328721e-01 1.588844e+00 2 0 -2.860677e-01 4.441519e-01 1.198848e-01 3.066220e-01 -3.242671e-01
1.311060e+00 -2.593032e-01 8.553268e-01 1.516980e+00 1.529090e+00 7.985275e-01 1.884020e+00 2 0 -4.421231e-01 -1.944776e-01 3.640547e-01 3.044931e-01 5.585323e-01
1.447214e+00 3.156323e-01 7.758765e-01 1.188294e+00 1.731735e+00 7.144142e-01 1.849793e+00 2 0 -1.307666e-01 -7.411299e-01 -3.121541e-02 3.021918e-01 7.099145e-01
1.723638e-01 -1.956765e+00 9.949579e-01 1.088630e+00 9.697889e-01 9.817307e-01 1.240462e+00 2 0 -3.691208e-02 5.271940e-01 1.463782e-02 1.018388e-01 -5.125561e-01
2.371541e-01 -1.387831e+00 9.724666e-01 1.452050e+00 9.679032e-01 9.686179e-01 1.477784e+00 2 0 6.407734e-02 5.684597e-01 2.622381e-01 -1.330242e-01 -3.062216e-01
4.166325e-01 -4.492671e-01 8.079476e-01 1.758670e+00 8.985149e-01 7.313020e-01 1.754387e+00 2 0 5.866333e-02 1.627634e-02 7.676365e-01 -1.199329e-01 7.513602e-01
5.527864e-01 1.361539e-01 4.645370e-01 1.566925e+00 1.123756e+00 3.492592e-01 1.879454e+00 2 0 -2.682565e-01 -7.469285e-01 1.349897e+00 5.859795e-01 2.096825e+00
-3.804226e-01 -2.094703e+00 1.000769e+00 1.048942e+00 9.717423e-01 9.988112e-01 1.209654e+00 2 0 -2.773394e-02 2.330270e-01 -2.799885e-02 -6.409014e-02 -2.610259e-01
-3.156323e-01 -1.526022e+00 1.004368e+00 1.259141e+00 8.887530e-01 1.004903e+00 1.302210e+00 2 0 3.729532e-01 3.584329e-01 6.244278e-02 -2.324712e-01 -2.959902e-01
-1.361539e-01 -5.869639e-01 8.764468e-01 1.573552e+00 6.404821e-01 8.445243e-01 1.462723e+00 2 0 5.391604e-01 7.341604e-02 1.859900e-01 -2.970928e-01 1.125739e-01
0.000000e+00 0.000000e+00 6.572894e-01 1.579592e+00 5.343889e-01 5.726056e-01 1.509949e+00 2 0 4.601379e-01 -2.781851e-01 3.965252e-01 -1.299622e-01 6.747103e-01
VARIABLES = "X", "Y", "ro", "u", "v", "pre", "Ma", "PART", "IMEX", "Ux", "Uy", "Vx", "Vy", "Vort" 
ZONE I=4, J=4, DATAPACKING=POINT
4.380423e+00 -7.848187e+00 1.000244e+00 1.000364e+00 9.999924e-01 1.000338e+00 1.195385e+00 2 0 -8.873185e-04 -6.930871e-04 -2.834333e-04 3.044205e-06 4.096537e-04
4.399780e+00 -7.299912e+00 9.998829e-01 9.998246e-01 1.000008e+00 9.998376e-01 1.195155e+00 2 0 2.299004e-04 -3.374585e-04 1.377017e-04 1.945056e-05 4.751602e-04
4.331225e+00 -6.389608e+00 1.000122e+00 1.000198e+00 9.999746e-01 1.000169e+00 1.195304e+00 2 0 -2.469817e-04 3.629003e-04 -1.558674e-04 2.340335e-05 -5.187676e-04
4.235114e+00 -5.815078e+00 9.997886e-01 9.996658e-01 1.000195e+00 9.997099e-01 1.195192e+00 2 0 -3.418222e-04 -4.707676e-03 1.619830e-04 1.576951e-03 4.869659e-03
3.827636e+00 -7.731285e+00 1.000338e+00 1.000582e+00 1.000262e+00 1.000478e+00 1.195649e+00 2 0 -2.969432e-04 -8.722611e-04 -6.936730e-04 -5.402211e-04 1.785881e-04
3.846994e+00 -7.182123e+00 9.998452e-01 9.997275e-01 9.998815e-01 9.997810e-01 1.195033e+00 2 0 -5.357715e-05 -6.460780e-04 2.368226e-04 -2.320219e-04 8.829006e-04
3.778439e+00 -6.275043e+00 1.000154e+00 1.000308e+00 1.000114e+00 1.000219e+00 1.195442e+00 2 0 3.164367e-05 6.519899e-04 -2.423047e-04 3.339334e-04 -8.942946e-04
3.682328e+00 -5.705390e+00 9.996811e-01 9.993187e-01 1.000024e+00 9.995448e-01 1.194917e+00 2 0 -1.034364e-03 -9.251011e-03 4.600685e-04 -1.303387e-03 9.711079e-03
2.933209e+00 -7.614727e+00 1.000284e+00 1.000467e+00 1.000530e+00 1.000405e+00 1.195752e+00 2 0 1.879251e-04 -2.991373e-04 1.627269e-04 -1.223114e-03 4.618642e-04
2.952566e+00 -7.063277e+00 9.998863e-01 9.997647e-01 9.997655e-01 9.998365e-01 1.194978e+00 2 0 -9.791639e-05 -6.822163e-04 -1.750077e-04 -4.806778e-04 5.072086e-04
2.884012e+00 -6.164373e+00 1.000116e+00 1.000295e+00 1.000239e+00 1.000167e+00 1.195517e+00 2 0 5.804151e-05 5.203163e-04 1.876782e-04 5.293782e-04 -3.326381e-04
2.787900e+00 -5.606527e+00 9.998143e-01 9.989511e-01 9.995289e-01 9.997172e-01 1.194378e+00 2 0 -1.861746e-04 -1.246065e-02 -3.024844e-04 -6.232665e-03 1.215817e-02
2.380423e+00 -7.601128e+00 1.000189e+00 1.000364e+00 1.000063e+00 1.000216e+00 1.195467e+00 2 0 1.400826e-05 -2.064754e-04 1.385031e-03 4.363016e-04 1.591506e-03
2.399780e+00 -7.048006e+00 9.999063e-01 9.997755e-01 1.000012e+00 9.998943e-01 1.195109e+00 2 0 1.050620e-04 -5.768645e-04 -7.287499e-04 -2.401345e-04 -1.518854e-04
2.331225e+00 -6.155033e+00 1.000122e+00 1.000307e+00 9.999777e-01 1.000138e+00 1.195389e+00 2 0 -1.601850e-04 3.442099e-04 7.549785e-04 2.657098e-04 4.107685e-04
2.235114e+00 -5.605527e+00 9.996495e-01 9.987470e-01 9.999923e-01 9.996017e-01 1.194504e+00 2 0 7.829822e-04 -1.388438e-02 -1.787688e-03 -1.499525e-03 1.209669e-02
VARIABLES = "X", "Y", "ro", "u", "v", "pre", "Ma", "PART", "IMEX", "Ux", "Uy", "Vx", "Vy", "Vort" 
ZONE I=4, J=4, DATAPACKING=POINT
4.235114e+00 -5.815078e+00 9.993865e-01 9.990715e-01 1.000425e+00 9.991570e-01 1.195065e+00 2 0 2.880722e-03 2.492039e-03 -3.297896e-04 -1.438509e-03 -2.821829e-03
4.110924e+00 -5.235206e+00 1.000276e+00 1.000384e+00 9.997793e-01 1.000380e+00 1.195265e+00 2 0 -8.923848e-04 5.890941e-04 2.090851e-04 -1.104049e-04 -3.800090e-04
3.889076e+00 -4.295707e+00 9.997274e-01 9.996250e-01 1.000305e+00 9.996275e-01 1.195247e+00 2 0 9.481587e-04 -7.530761e-04 -3.753018e-04 6.143736e-05 3.777743e-04
3.764886e+00 -3.719815e+00 1.000544e+00 1.000401e+00 9.992284e-01 1.000742e+00 1.194889e+00 2 0 -3.811758e-04 7.121416e-03 2.860895e-03 -6.042152e-03 -4.260521e-03
3.682328e+00 -5.705390e+00 9.991151e-01 9.980700e-01 9.998808e-01 9.987393e-01 1.194229e+00 2 0 2.300526e-03 4.094268e-03 1.464291e-03 -9.792764e-04 -2.629977e-03
3.558137e+00 -5.132409e+00 1.000423e+00 1.000871e+00 9.999646e-01 1.000602e+00 1.195621e+00 2 0 -5.731273e-04 1.657654e-03 -6.326013e-04 6.347946e-04 -2.290255e-03
3.336290e+00 -4.206748e+00 9.995894e-01 9.990459e-01 1.000150e+00 9.994143e-01 1.194853e+00 2 0 7.738639e-04 -1.941906e-03 6.105983e-04 -1.144925e-03 2.552504e-03
3.212099e+00 -3.639374e+00 1.001414e+00 1.001474e+00 9.984381e-01 1.001987e+00 1.194836e+00 2 0 1.915174e-04 2.241146e-02 -1.147858e-03 -5.307512e-03 -2.355931e-02
2.787900e+00 -5.606527e+00 9.993231e-01 9.971149e-01 9.987931e-01 9.989808e-01 1.192988e+00 2 0 1.524354e-03 5.527942e-03 1.437749e-04 2.181740e-03 -5.384168e-03
2.663710e+00 -5.049328e+00 1.000285e+00 1.001453e+00 1.000528e+00 1.000436e+00 1.196322e+00 2 0 -6.162532e-04 2.736451e-03 -7.378449e-05 1.323929e-03 -2.810235e-03
2.441863e+00 -4.153053e+00 9.997144e-01 9.982153e-01 9.995269e-01 9.995519e-01 1.193977e+00 2 0 8.370862e-04 -2.802408e-03 1.451484e-04 -1.626150e-03 2.947556e-03
2.317672e+00 -3.602622e+00 1.000538e+00 1.004111e+00 1.000402e+00 1.000906e+00 1.197707e+00 2 0 -4.943227e-03 5.079457e-02 -2.797752e-03 1.084811e-02 -5.359232e-02
2.235114e+00 -5.605527e+00 9.992887e-01 9.966911e-01 9.997273e-01 9.992579e-01 1.193108e+00 2 0 1.307319e-03 6.654697e-03 -3.371745e-03 -4.381514e-04 -1.002644e-02
2.110924e+00 -5.059107e+00 1.000333e+00 1.001719e+00 1.000131e+00 1.000345e+00 1.196327e+00 2 0 -7.590884e-04 3.046728e-03 1.616109e-03 5.653323e-04 -1.430619e-03
1.889076e+00 -4.181895e+00 9.995651e-01 9.978579e-01 9.999183e-01 9.995305e-01 1.193921e+00 2 0 6.530817e-04 -2.564449e-03 -1.686488e-03 -1.284408e-04 8.779608e-04
1.764886e+00 -3.641915e+00 1.000155e+00 1.006294e+00 1.001093e+00 9.999036e-01 1.199798e+00 2 0 -1.123192e-02 6.768227e-02 1.240105e-03 7.046191e-03 -6.644216e-02
VARIABLES = "X", "Y", "ro", "u", "v", "pre", "Ma", "PART", "IMEX", "Ux", "Uy", "Vx", "Vy", "Vort" 
ZONE I=4, J=4, DATAPACKING=POINT
3.764886e+00 -3.719815e+00 1.001221e+00 1.001189e+00 9.985692e-01 1.001663e+00 1.194821e+00 2 0 -5.267821e-03 -2.201218e-03 5.253549e-03 6.168657e-03 7.454767e-03
3.668775e+00 -3.150310e+00 9.993509e-01 9.995777e-01 1.000670e+00 9.990997e-01 1.195527e+00 2 0 2.480888e-03 -1.367134e-03 -3.781468e-03 4.003901e-04 -2.414334e-03
3.600220e+00 -2.244616e+00 1.000034e+00 1.000719e+00 1.000044e+00 1.000047e+00 1.195677e+00 2 0 -8.319292e-04 4.101103e-03 6.370875e-03 -2.749685e-05 2.269772e-03
3.619577e+00 -1.694954e+00 1.000241e+00 1.003396e+00 1.001666e+00 1.000354e+00 1.198186e+00 2 0 -5.860562e-03 4.158368e-03 -1.555578e-03 6.873252e-03 -5.713946e-03
3.212099e+00 -3.639374e+00 1.002191e+00 1.004254e+00 9.984285e-01 1.003071e+00 1.196312e+00 2 0 -7.679509e-03 -1.194376e-02 -7.951331e-04 1.779964e-02 1.114863e-02
3.115988e+00 -3.076801e+00 9.982001e-01 9.982049e-01 1.001628e+00 9.975054e-01 1.195547e+00 2 0 2.071335e-03 -2.202299e-03 -2.901775e-04 -2.928439e-03 1.912121e-03
3.047434e+00 -2.176216e+00 1.002178e+00 1.005474e+00 1.001382e+00 1.003012e+00 1.198829e+00 2 0 -1.536288e-02 1.380579e-02 -8.743683e-03 1.263952e-02 -2.254947e-02
3.066791e+00 -1.625098e+00 9.960478e-01 1.010948e+00 1.018703e+00 9.945332e-01 1.213881e+00 2 0 -2.746886e-02 -8.784278e-05 -4.689663e-02 5.825125e-02 -4.680879e-02
2.317672e+00 -3.602622e+00 1.001104e+00 1.010767e+00 1.001948e+00 1.001912e+00 1.202354e+00 2 0 -7.397062e-03 -2.273777e-02 -3.283982e-03 1.356605e-02 1.945378e-02
2.221561e+00 -3.053319e+00 9.992620e-01 9.968585e-01 1.000140e+00 9.987656e-01 1.193733e+00 2 0 6.731958e-04 -2.672315e-03 2.744936e-03 -6.882114e-03 5.417251e-03
2.153006e+00 -2.162256e+00 1.001405e+00 1.032189e+00 1.015597e+00 1.002179e+00 1.223355e+00 2 0 -4.683669e-02 7.199280e-02 -2.042062e-02 5.668402e-02 -9.241342e-02
2.172364e+00 -1.608446e+00 9.918096e-01 1.071413e+00 1.067188e+00 9.883210e-01 1.280315e+00 2 0 -1.172832e-01 2.996480e-02 -4.165810e-02 1.244504e-01 -7.162290e-02
1.764886e+00 -3.641915e+00 1.001164e+00 1.014957e+00 1.001683e+00 1.000706e+00 1.205475e+00 2 0 -5.592603e-03 -1.640166e-02 5.833019e-03 -8.203715e-04 2.223468e-02
1.668775e+00 -3.100539e+00 1.000469e+00 9.968827e-01 9.991537e-01 1.000980e+00 1.192556e+00 2 0 1.058320e-03 -7.090147e-03 -6.618775e-04 2.909942e-04 6.428270e-03
1.600220e+00 -2.215026e+00 9.996761e-01 1.060299e+00 1.022706e+00 9.991056e-01 1.245392e+00 2 0 -7.730947e-02 1.468028e-01 -9.574084e-03 5.927003e-02 -1.563769e-01
1.619577e+00 -1.659658e+00 1.007046e+00 1.153568e+00 1.068318e+00 1.010725e+00 1.326388e+00 2 0 -1.888309e-01 1.155166e-01 2.961809e-02 8.947451e-02 -8.589856e-02
VARIABLES = "X", "Y", "ro", "u", "v", "pre", "Ma", "PART", "IMEX", "Ux", "Uy", "Vx", "Vy", "Vort" 
ZONE I=4, J=4, DATAPACKING=POINT
3.619577e+00 -1.694954e+00 9.997584e-01 1.003005e+00 1.001527e+00 9.996710e-01 1.197990e+00 2 0 -6.040758e-03 7.512854e-03 -2.728216e-03 1.383685e-02 -1.024107e-02
3.684368e+00 -1.152951e+00 1.000147e+00 1.004550e+00 1.007263e+00 1.000569e+00 1.202036e+00 2 0 1.404460e-02 -4.212171e-03 -3.814829e-03 8.098248e-03 3.973416e-04
3.863846e+00 -2.908819e-01 9.996355e-01 9.978631e-01 1.010475e+00 9.998119e-01 1.200129e+00 2 0 1.358334e-02 -1.532331e-02 3.574773e-02 -8.461092e-03 5.107104e-02
4.000000e+00 2.351141e-01 1.000551e+00 9.910069e-01 1.009532e+00 1.000589e+00 1.195579e+00 2 0 -2.531542e-02 -6.071658e-03 3.096985e-02 -1.501669e-02 3.704151e-02
3.066791e+00 -1.625098e+00 9.953263e-01 1.009646e+00 1.018743e+00 9.936420e-01 1.213233e+00 2 0 -2.162746e-02 1.111479e-02 -4.810313e-02 1.870487e-02 -5.921792e-02
3.131581e+00 -1.078298e+00 1.000240e+00 1.015627e+00 1.031577e+00 9.997930e-01 1.223749e+00 2 0 -5.871977e-02 1.685085e-02 -7.937411e-02 4.144726e-02 -9.622497e-02
3.311060e+00 -2.036113e-01 1.000700e+00 1.015825e+00 1.052287e+00 1.000291e+00 1.236378e+00 2 0 -6.620954e-02 7.713527e-03 -1.692554e-01 4.928684e-02 -1.769689e-01
3.447214e+00 3.312254e-01 9.997846e-01 1.009252e+00 1.048010e+00 9.994540e-01 1.229871e+00 2 0 -2.421002e-02 -7.530889e-03 -1.639292e-01 2.320001e-02 -1.563983e-01
2.172364e+00 -1.608446e+00 9.903318e-01 1.059763e+00 1.063187e+00 9.859004e-01 1.271555e+00 2 0 -1.070153e-01 1.858945e-01 -3.456032e-02 6.490306e-02 -2.204548e-01
2.237154e+00 -1.052656e+00 1.008565e+00 1.142061e+00 1.145055e+00 1.012589e+00 1.364095e+00 2 0 -2.327593e-01 1.188752e-01 -1.632807e-01 2.221245e-01 -2.821559e-01
2.416633e+00 -1.533350e-01 9.951694e-01 1.121569e+00 1.315538e+00 9.942717e-01 1.461715e+00 2 0 -1.751849e-01 -8.598223e-02 -4.038253e-01 2.200054e-01 -3.178430e-01
2.552786e+00 3.997800e-01 9.963342e-01 1.025114e+00 1.333830e+00 9.941130e-01 1.423347e+00 2 0 -3.565191e-02 -1.924747e-01 -4.777790e-01 6.245031e-02 -2.853043e-01
1.619577e+00 -1.659658e+00 1.001395e+00 1.130537e+00 1.064002e+00 1.005355e+00 1.309504e+00 2 0 -2.077726e-01 3.942550e-01 6.950991e-03 1.907844e-01 -3.873040e-01
1.684368e+00 -1.098601e+00 9.917728e-01 1.300823e+00 1.229920e+00 9.835802e-01 1.519290e+00 2 0 -3.534731e-01 2.188268e-01 -1.752599e-01 3.919075e-01 -3.940867e-01
1.863846e+00 -1.843164e-01 9.149951e-01 1.253045e+00 1.579557e+00 8.865532e-01 1.731131e+00 2 0 -2.989432e-01 -1.895016e-01 -5.822408e-01 4.472950e-01 -3.927393e-01
2.000000e+00 3.804226e-01 9.189943e-01 1.070920e+00 1.672064e+00 8.870159e-01 1.708133e+00 2 0 -1.816764e-01 -2.565557e-01 -7.377170e-01 1.741820e-01 -4.811614e-01
VARIABLES = "X", "Y", "ro", "u", "v", "pre", "Ma", "PART", "IMEX", "Ux", "Uy", "Vx", "Vy", "Vort" 
ZONE I=4, J=4, DATAPACKING=POINT
6.380423e+00 -8.305046e+00 1.000005e+00 1.000005e+00 9.999985e-01 1.000008e+00 1.195229e+00 2 0 -1.535736e-05 -8.258872e-06 1.903317e-05 2.918831e-07 2.729204e-05
6.399780e+00 -7.755384e+00 9.999978e-01 9.999976e-01 1.000001e+00 9.999967e-01 1.195228e+00 2 0 3.716031e-06 -5.110874e-06 -7.911923e-06 1.348952e-06 -2.801049e-06
6.331225e+00 -6.849690e+00 1.000002e+00 1.000003e+00 9.999979e-01 1.000003e+00 1.195228e+00 2 0 -1.865599e-06 6.190092e-06 8.096031e-06 -9.213379e-07 1.905940e-06
6.235114e+00 -6.280185e+00 9.999979e-01 9.999963e-01 1.000004e+00 9.999961e-01 1.195230e+00 2 0 6.790444e-06 -6.252424e-05 -3.093450e-05 4.503434e-05 3.158975e-05
5.827636e+00 -8.198759e+00 1.000002e+00 1.000005e+00 9.999966e-01 1.000002e+00 1.195229e+00 2 0 -1.253991e-05 -1.527846e-05 1.428636e-07 7.051923e-06 1.542133e-05
5.846994e+00 -7.650179e+00 9.999988e-01 9.999973e-01 1.000002e+00 9.999985e-01 1.195228e+00 2 0 5.891920e-06 -3.312328e-06 1.534525e-06 2.922677e-06 4.846853e-06
5.778439e+00 -6.740722e+00 1.000001e+00 1.000002e+00 9.999977e-01 1.000001e+00 1.195229e+00 2 0 -5.595527e-06 6.669993e-06 -1.640743e-07 -1.940536e-06 -6.834068e-06
5.682328e+00 -6.166282e+00 1.000002e+00 1.000002e+00 1.000007e+00 1.000004e+00 1.195233e+00 2 0 -2.047031e-05 -1.438521e-05 2.056111e-05 7.383768e-05 3.494632e-05
4.933209e+00 -7.983219e+00 1.000081e+00 1.000115e+00 9.999917e-01 1.000114e+00 1.195273e+00 2 0 -3.542730e-04 -2.402841e-04 1.442609e-05 1.937235e-06 2.547102e-04
4.952566e+00 -7.435294e+00 9.999598e-01 9.999426e-01 1.000005e+00 9.999433e-01 1.195207e+00 2 0 1.178208e-04 -9.967189e-05 -8.712687e-06 8.046164e-06 9.095920e-05
4.884012e+00 -6.523661e+00 1.000042e+00 1.000064e+00 9.999867e-01 1.000060e+00 1.195248e+00 2 0 -1.311254e-04 1.192399e-04 2.858973e-05 7.297558e-06 -9.065020e-05
4.787900e+00 -5.946851e+00 9.999529e-01 9.999251e-01 1.000057e+00 9.999323e-01 1.195230e+00 2 0 -4.056014e-05 -1.260552e-03 -3.863572e-05 4.893116e-04 1.221917e-03
4.380423e+00 -7.848187e+00 1.000247e+00 1.000368e+00 9.999843e-01 1.000344e+00 1.195381e+00 2 0 -8.194244e-04 -7.061869e-04 -1.714568e-05 -1.364052e-05 6.890412e-04
4.399780e+00 -7.299912e+00 9.998815e-01 9.998226e-01 1.000012e+00 9.998352e-01 1.195157e+00 2 0 2.071868e-04 -3.421008e-04 8.182866e-06 2.771471e-05 3.502837e-04
4.331225e+00 -6.389608e+00 1.000125e+00 1.000199e+00 9.999685e-01 1.000173e+00 1.195300e+00 2 0 -2.405104e-04 3.730181e-04 2.717395e-05 3.355925e-05 -3.458442e-04
4.235114e+00 -5.815078e+00 9.997906e-01 9.996726e-01 1.000199e+00 9.997106e-01 1.195200e+00 2 0 -5.071492e-04 -4.729045e-03 7.242152e-05 1.674413e-03 4.801466e-03
VARIABLES = "X", "Y", "ro", "u", "v", "pre", "Ma", "PART", "IMEX", "Ux", "Uy", "Vx", "Vy", "Vort" 
ZONE I=4, J=4, DATAPACKING=POINT
6.235114e+00 -6.280185e+00 9.999920e-01 9.999877e-01 1.000011e+00 9.999859e-01 1.195232e+00 2 0 5.183320e-05 2.822809e-05 -1.118388e-04 -3.665061e-05 -1.400669e-04
6.110924e+00 -5.704293e+00 1.000003e+00 1.000005e+00 9.999959e-01 1.000006e+00 1.195227e+00 2 0 -2.402167e-05 7.731479e-06 5.783705e-05 -1.888586e-06 5.010557e-05
5.889076e+00 -4.764794e+00 9.999976e-01 9.999956e-01 1.000005e+00 9.999947e-01 1.195230e+00 2 0 2.911828e-05 -7.884712e-06 -7.306574e-05 5.090550e-06 -6.518103e-05
5.764886e+00 -4.184922e+00 9.999925e-01 1.000006e+00 1.000006e+00 9.999966e-01 1.195233e+00 2 0 -6.892969e-05 9.736478e-05 2.190561e-04 -2.777750e-05 1.216913e-04
5.682328e+00 -6.166282e+00 1.000003e+00 1.000003e+00 1.000016e+00 1.000007e+00 1.195238e+00 2 0 -3.967084e-05 -2.686420e-05 5.899982e-06 -4.901476e-05 3.276418e-05
5.558137e+00 -5.584631e+00 9.999989e-01 9.999974e-01 9.999930e-01 9.999972e-01 1.195224e+00 2 0 2.519705e-05 7.572836e-06 -1.594941e-05 -9.838523e-06 -2.352224e-05
5.336290e+00 -4.636678e+00 1.000003e+00 1.000006e+00 1.000008e+00 1.000006e+00 1.195235e+00 2 0 -3.921872e-05 -9.873305e-06 2.045181e-05 1.120383e-05 3.032511e-05
5.212099e+00 -4.053149e+00 1.000006e+00 9.999858e-01 9.999827e-01 1.000003e+00 1.195211e+00 2 0 9.031846e-05 -1.002149e-04 -1.138888e-04 -1.667677e-04 -1.367387e-05
4.787900e+00 -5.946851e+00 9.998443e-01 9.997710e-01 1.000127e+00 9.997769e-01 1.195208e+00 2 0 8.892914e-04 5.780674e-04 -4.578862e-04 -3.971864e-04 -1.035954e-03
4.663710e+00 -5.363322e+00 1.000062e+00 1.000084e+00 9.999448e-01 1.000090e+00 1.195230e+00 2 0 -2.704785e-04 1.569680e-04 1.647930e-04 -5.809087e-05 7.825045e-06
4.441863e+00 -4.415369e+00 9.999490e-01 9.999327e-01 1.000074e+00 9.999254e-01 1.195247e+00 2 0 2.489260e-04 -2.158858e-04 -2.246969e-04 7.973582e-05 -8.811171e-06
4.317672e+00 -3.833718e+00 1.000027e+00 9.999964e-01 9.999116e-01 1.000047e+00 1.195162e+00 2 0 -8.007376e-05 1.028133e-03 1.990660e-04 -1.344333e-03 -8.290669e-04
4.235114e+00 -5.815078e+00 9.993875e-01 9.990801e-01 1.000446e+00 9.991507e-01 1.195087e+00 2 0 2.500876e-03 2.385033e-03 -1.183737e-03 -1.561940e-03 -3.568771e-03
4.110924e+00 -5.235206e+00 1.000272e+00 1.000378e+00 9.997759e-01 1.000377e+00 1.195258e+00 2 0 -6.662491e-04 6.298418e-04 4.200924e-04 -1.266121e-04 -2.097495e-04
3.889076e+00 -4.295707e+00 9.997338e-01 9.996344e-01 1.000307e+00 9.996312e-01 1.195255e+00 2 0 6.675772e-04 -8.057511e-04 -5.957197e-04 1.120071e-04 2.100314e-04
3.764886e+00 -3.719815e+00 1.000463e+00 1.000377e+00 9.993127e-01 1.000650e+00 1.194931e+00 2 0 2.771105e-04 6.979426e-03 6.936940e-04 -6.482504e-03 -6.285732e-03
VARIABLES = "X", "Y", "ro", "u", "v", "pre", "Ma", "PART", "IMEX", "Ux", "Uy", "Vx", "Vy", "Vort" 
ZONE I=4, J=4, DATAPACKING=POINT
5.764886e+00 -4.184922e+00 9.999962e-01 1.000021e+00 9.999907e-01 1.000014e+00 1.195225e+00 2 0 -1.537434e-04 -3.537002e-05 3.719868e-04 -5.638318e-05 4.073568e-04
5.668775e+00 -3.610392e+00 1.000017e+00 1.000000e+00 9.999841e-01 1.000014e+00 1.195221e+00 2 0 1.389471e-04 2.213323e-06 -2.023268e-04 3.192798e-06 -2.045401e-04
5.600220e+00 -2.700088e+00 9.999848e-01 1.000005e+00 9.999966e-01 9.999901e-01 1.195226e+00 2 0 2.074430e-04 -1.096159e-05 2.605330e-04 -3.393301e-06 2.714946e-04
5.619577e+00 -2.151813e+00 1.000010e+00 9.999511e-01 1.000014e+00 9.999954e-01 1.195217e+00 2 0 -2.858170e-04 -3.007895e-04 1.039457e-03 2.031859e-04 1.340246e-03
5.212099e+00 -4.053149e+00 1.000003e+00 9.999719e-01 9.999736e-01 9.999923e-01 1.195202e+00 2 0 2.367688e-04 9.878933e-05 -1.074383e-04 1.168849e-04 -2.062276e-04
5.115988e+00 -3.476339e+00 9.999823e-01 9.999937e-01 1.000014e+00 9.999804e-01 1.195235e+00 2 0 -7.844740e-05 -2.007326e-05 3.851259e-05 3.211348e-06 5.858585e-05
5.047434e+00 -2.564706e+00 9.999999e-01 9.999585e-01 9.999577e-01 9.999952e-01 1.195181e+00 2 0 7.497131e-05 -1.949532e-05 -1.673207e-04 -1.137284e-04 -1.478254e-04
5.066791e+00 -2.016781e+00 9.999969e-01 9.999904e-01 9.998714e-01 1.000001e+00 1.195144e+00 2 0 1.801978e-04 1.867478e-04 -4.219503e-04 -3.222632e-04 -6.086981e-04
4.317672e+00 -3.833718e+00 1.000166e+00 1.000107e+00 9.997418e-01 1.000256e+00 1.195085e+00 2 0 -8.937141e-04 8.723917e-05 1.236668e-03 6.784936e-04 1.149429e-03
4.221561e+00 -3.259278e+00 9.999312e-01 9.999929e-01 1.000088e+00 9.998933e-01 1.195300e+00 2 0 2.007694e-04 -2.362111e-04 -3.665849e-04 2.600380e-04 -1.303738e-04
4.153006e+00 -2.349821e+00 9.999085e-01 9.999760e-01 1.000225e+00 9.998826e-01 1.195364e+00 2 0 -2.602148e-04 4.183029e-04 -1.740510e-04 3.499808e-04 -5.923539e-04
4.172364e+00 -1.801241e+00 9.999026e-01 1.000445e+00 1.000777e+00 9.998545e-01 1.195988e+00 2 0 -1.777648e-03 1.677552e-03 -1.037687e-03 2.173194e-03 -2.715239e-03
3.764886e+00 -3.719815e+00 1.001141e+00 1.001120e+00 9.986112e-01 1.001618e+00 1.194785e+00 2 0 -3.462211e-03 -1.467143e-03 4.371747e-03 5.053666e-03 5.838890e-03
3.668775e+00 -3.150310e+00 9.994361e-01 9.996446e-01 1.000590e+00 9.991812e-01 1.195522e+00 2 0 9.980451e-04 -1.572329e-03 -1.581715e-03 8.866832e-04 -9.385850e-06
3.600220e+00 -2.244616e+00 9.999465e-01 1.000505e+00 1.000173e+00 9.999754e-01 1.195616e+00 2 0 -1.737956e-03 3.590035e-03 9.596331e-04 -4.992629e-05 -2.630402e-03
3.619577e+00 -1.694954e+00 1.000240e+00 1.002929e+00 1.001676e+00 1.000221e+00 1.197992e+00 2 0 -8.144504e-03 4.075119e-03 -3.263464e-04 6.834461e-03 -4.401465e-03
VARIABLES = "X", "Y", "ro", "u", "v", "pre", "Ma", "PART", "IMEX", "Ux", "Uy", "Vx", "Vy", "Vort" 
ZONE I=4, J=4, DATAPACKING=POINT
5.619577e+00 -2.151813e+00 1.000016e+00 9.999202e-01 1.000070e+00 9.999783e-01 1.195246e+00 2 0 -5.215580e-06 1.731357e-04 8.852883e-04 -1.084269e-03 7.121526e-04
5.684368e+00 -1.613962e+00 1.000152e+00 1.000187e+00 9.997970e-01 1.000213e+00 1.195183e+00 2 0 5.480728e-05 6.455357e-04 5.635630e-04 -6.144421e-05 -8.197266e-05
5.863846e+00 -7.593905e-01 1.000160e+00 1.000723e+00 1.000209e+00 1.000188e+00 1.195769e+00 2 0 3.870004e-03 -5.003800e-04 -2.161540e-03 1.286332e-03 -1.661160e-03
6.000000e+00 -2.351141e-01 9.996773e-01 1.000826e+00 1.000649e+00 9.994837e-01 1.196226e+00 2 0 5.536506e-03 -1.740761e-03 -1.338490e-03 1.827573e-03 4.022709e-04
5.066791e+00 -2.016781e+00 1.000003e+00 1.000000e+00 9.998271e-01 1.000016e+00 1.195117e+00 2 0 -2.797824e-05 1.726526e-04 -1.491602e-04 4.864905e-04 -3.218128e-04
5.131581e+00 -1.480246e+00 9.998225e-01 9.998209e-01 1.000052e+00 9.997654e-01 1.195187e+00 2 0 6.450638e-04 -7.889694e-04 -7.447094e-04 3.596196e-04 4.426003e-05
5.311060e+00 -6.304675e-01 9.994730e-01 9.991420e-01 1.000028e+00 9.992679e-01 1.194855e+00 2 0 1.802020e-04 -6.917876e-04 1.289506e-03 -6.339156e-04 1.981294e-03
5.447214e+00 -1.109238e-01 9.997194e-01 9.989606e-01 9.997484e-01 9.995805e-01 1.194540e+00 2 0 -7.171688e-04 9.949164e-05 1.995854e-03 -1.618221e-03 1.896362e-03
4.172364e+00 -1.801241e+00 9.998624e-01 1.000511e+00 1.000828e+00 9.997747e-01 1.196082e+00 2 0 -1.830826e-03 -1.769847e-05 -1.132175e-03 2.524360e-03 -1.114476e-03
4.237154e+00 -1.262747e+00 9.999846e-01 1.000834e+00 1.001797e+00 9.999984e-01 1.196792e+00 2 0 -3.862477e-03 1.958081e-03 -3.875401e-03 1.954379e-03 -5.833482e-03
4.416633e+00 -4.094312e-01 1.001083e+00 1.002173e+00 1.002441e+00 1.001569e+00 1.197696e+00 2 0 -3.660213e-03 2.073262e-03 -9.186713e-03 2.534971e-03 -1.125997e-02
4.552786e+00 1.109238e-01 1.000962e+00 1.002382e+00 1.002562e+00 1.001439e+00 1.197898e+00 2 0 -7.231331e-04 6.016801e-05 -1.019555e-02 3.767142e-03 -1.025572e-02
3.619577e+00 -1.694954e+00 9.998877e-01 1.002563e+00 1.001697e+00 9.995412e-01 1.197982e+00 2 0 -6.049307e-03 7.361613e-03 7.992315e-04 8.096210e-03 -6.562382e-03
3.684368e+00 -1.152951e+00 1.000495e+00 1.004827e+00 1.006162e+00 1.001167e+00 1.201393e+00 2 0 -9.202258e-03 2.180258e-03 -1.390612e-02 1.016913e-02 -1.608638e-02
3.863846e+00 -2.908819e-01 9.996809e-01 1.001529e+00 1.011481e+00 9.995825e-01 1.203077e+00 2 0 1.798311e-02 -1.233921e-02 -1.880113e-02 7.854170e-03 -6.461917e-03
4.000000e+00 2.351141e-01 9.987207e-01 9.961183e-01 1.011795e+00 9.974007e-01 1.200788e+00 2 0 3.809736e-02 -2.563846e-02 -1.470854e-02 1.947242e-03 1.092992e-02
VARIABLES = "X", "Y", "ro", "u", "v", "pre", "Ma", "PART", "IMEX", "Ux", "Uy", "Vx", "Vy", "Vort" 
ZONE I=4, J=4, DATAPACKING=POINT
8.380423e+00 -8.340342e+00 1.000000e+00 1.000000e+00 1.000000e+00 9.999998e-01 1.195229e+00 2 0 -2.570872e-06 -1.317485e-06 -2.943437e-06 -1.956565e-07 -1.625952e-06
8.399780e+00 -7.784974e+00 9.999999e-01 1.000000e+00 9.999998e-01 9.999999e-01 1.195228e+00 2 0 1.150747e-06 1.461982e-07 -2.508074e-07 -1.067919e-07 -3.970056e-07
8.331225e+00 -6.899461e+00 1.000000e+00 1.000000e+00 1.000000e+00 1.000000e+00 1.195229e+00 2 0 -1.383400e-06 -1.060446e-07 1.235207e-06 3.425125e-07 1.341252e-06
8.235114e+00 -6.358085e+00 9.999996e-01 1.000001e+00 9.999992e-01 9.999998e-01 1.195228e+00 2 0 8.916823e-06 9.543423e-06 -3.640738e-06 -9.506093e-06 -1.318416e-05
7.827636e+00 -8.391554e+00 1.000000e+00 9.999999e-01 9.999999e-01 1.000000e+00 1.195228e+00 2 0 1.804752e-06 7.245539e-07 1.011359e-06 1.738771e-07 2.868053e-07
7.846994e+00 -7.837744e+00 1.000000e+00 1.000000e+00 1.000000e+00 1.000000e+00 1.195229e+00 2 0 -7.088386e-07 -9.192846e-08 -3.040106e-07 -1.718374e-08 -2.120821e-07
7.778439e+00 -6.946681e+00 9.999999e-01 9.999999e-01 9.999998e-01 9.999999e-01 1.195228e+00 2 0 6.890520e-07 -4.373560e-08 9.356270e-08 -4.062828e-08 1.372983e-07
7.682328e+00 -6.397378e+00 1.000000e+00 9.999997e-01 1.000000e+00 9.999998e-01 1.195229e+00 2 0 -1.797576e-06 -2.577498e-06 -3.258039e-07 4.158039e-06 2.251694e-06
6.933209e+00 -8.374902e+00 1.000000e+00 1.000000e+00 1.000000e+00 1.000000e+00 1.195229e+00 2 0 -5.102248e-06 -1.631735e-06 -1.303980e-06 -2.746514e-07 3.277552e-07
6.952566e+00 -7.823784e+00 9.999998e-01 9.999998e-01 9.999998e-01 9.999997e-01 1.195228e+00 2 0 2.356622e-06 1.291893e-07 3.455459e-07 -1.227891e-07 2.163566e-07
6.884012e+00 -6.923199e+00 1.000000e+00 1.000000e+00 1.000000e+00 1.000000e+00 1.195229e+00 2 0 -2.526960e-06 2.460024e-07 1.604965e-07 1.841560e-07 -8.550588e-08
6.787900e+00 -6.360626e+00 1.000000e+00 1.000001e+00 9.999993e-01 1.000000e+00 1.195228e+00 2 0 3.599382e-06 3.981261e-06 -8.291846e-07 -7.299334e-06 -4.810445e-06
6.380423e+00 -8.305046e+00 1.000005e+00 1.000005e+00 1.000000e+00 1.000008e+00 1.195230e+00 2 0 -1.411375e-05 -9.177407e-06 7.526787e-06 -8.103123e-07 1.670419e-05
6.399780e+00 -7.755384e+00 9.999977e-01 9.999974e-01 1.000000e+00 9.999966e-01 1.195228e+00 2 0 4.969357e-06 -5.484303e-06 -5.532084e-06 -7.821341e-07 -4.778073e-08
6.331225e+00 -6.849690e+00 1.000002e+00 1.000003e+00 9.999989e-01 1.000004e+00 1.195229e+00 2 0 -5.761564e-06 6.111509e-06 8.748044e-06 1.335299e-06 2.636535e-06
6.235114e+00 -6.280185e+00 9.999977e-01 9.999961e-01 1.000002e+00 9.999956e-01 1.195229e+00 2 0 6.974241e-07 -6.711624e-05 -1.564093e-05 1.780565e-05 5.147531e-05
VARIABLES = "X", "Y", "ro", "u", "v", "pre", "Ma", "PART", "IMEX", "Ux", "Uy", "Vx", "Vy", "Vort" 
ZONE I=4, J=4, DATAPACKING=POINT
8.235114e+00 -6.358085e+00 9.999982e-01 1.000002e+00 9.999981e-01 9.999987e-01 1.195228e+00 2 0 2.898026e-05 6.586776e-06 -8.662412e-06 2.962353e-06 -1.524919e-05
8.110924e+00 -5.818105e+00 1.000001e+00 9.999989e-01 1.000001e+00 1.000001e+00 1.195229e+00 2 0 -1.542474e-05 -7.060902e-06 4.109347e-06 2.528766e-06 1.117025e-05
7.889076e+00 -4.940893e+00 9.999990e-01 1.000002e+00 9.999989e-01 9.999994e-01 1.195229e+00 2 0 2.015629e-05 7.126545e-06 -4.083316e-06 -2.341390e-06 -1.120986e-05
7.764886e+00 -4.394473e+00 1.000003e+00 9.999941e-01 1.000003e+00 1.000002e+00 1.195228e+00 2 0 -5.876536e-05 -8.376857e-05 2.181008e-05 3.810785e-05 1.055787e-04
7.682328e+00 -6.397378e+00 1.000000e+00 9.999993e-01 1.000001e+00 9.999999e-01 1.195229e+00 2 0 -5.627074e-06 -7.504033e-07 -1.056113e-06 -2.746228e-06 -3.057094e-07
7.558137e+00 -5.846947e+00 9.999999e-01 1.000000e+00 9.999996e-01 1.000000e+00 1.195228e+00 2 0 2.691556e-06 1.666761e-06 7.606304e-07 -5.303788e-07 -9.061309e-07
7.336290e+00 -4.950672e+00 1.000000e+00 9.999993e-01 1.000000e+00 9.999997e-01 1.195229e+00 2 0 -3.048578e-06 -1.310275e-06 -9.224563e-07 5.467815e-07 3.878187e-07
7.212099e+00 -4.393473e+00 1.000000e+00 1.000003e+00 9.999989e-01 1.000001e+00 1.195229e+00 2 0 6.369482e-06 3.027580e-05 1.873543e-06 -1.167762e-05 -2.840226e-05
6.787900e+00 -6.360626e+00 1.000000e+00 1.000001e+00 9.999984e-01 1.000000e+00 1.195228e+00 2 0 1.054739e-05 -1.303682e-06 1.007605e-06 5.006264e-06 2.311287e-06
6.663710e+00 -5.793252e+00 9.999997e-01 9.999990e-01 1.000001e+00 9.999994e-01 1.195229e+00 2 0 -4.470121e-06 -2.063935e-06 -1.087661e-06 6.968917e-07 9.762739e-07
6.441863e+00 -4.867591e+00 1.000000e+00 1.000001e+00 9.999989e-01 1.000001e+00 1.195229e+00 2 0 4.051725e-06 1.628527e-06 1.468980e-06 -5.132790e-07 -1.595467e-07
6.317672e+00 -4.294610e+00 9.999982e-01 9.999953e-01 1.000003e+00 9.999963e-01 1.195229e+00 2 0 -1.063214e-05 -4.738027e-05 -5.680080e-06 2.671410e-05 4.170019e-05
6.235114e+00 -6.280185e+00 9.999919e-01 9.999871e-01 1.000005e+00 9.999852e-01 1.195228e+00 2 0 4.645603e-05 2.854187e-05 -5.126036e-05 -1.129953e-05 -7.980222e-05
6.110924e+00 -5.704293e+00 1.000003e+00 1.000005e+00 9.999989e-01 1.000006e+00 1.195229e+00 2 0 -1.602725e-05 9.861376e-06 1.883027e-05 -4.480033e-06 8.968898e-06
5.889076e+00 -4.764794e+00 9.999979e-01 9.999951e-01 1.000001e+00 9.999948e-01 1.195228e+00 2 0 1.610764e-05 -1.142319e-05 -2.109000e-05 8.495430e-06 -9.666815e-06
5.764886e+00 -4.184922e+00 9.999927e-01 1.000006e+00 1.000009e+00 9.999962e-01 1.195236e+00 2 0 -1.052092e-05 1.176425e-04 -2.119490e-06 -4.543749e-06 -1.197620e-04
VARIABLES = "X", "Y", "ro", "u", "v", "pre", "Ma", "PART", "IMEX", "Ux", "Uy", "Vx", "Vy", "Vort" 
ZONE I=4, J=4, DATAPACKING=POINT
7.764886e+00 -4.394473e+00 1.000010e+00 9.999838e-01 1.000007e+00 1.000008e+00 1.195224e+00 2 0 -1.592094e-04 -1.077857e-05 4.340201e-05 2.038118e-06 5.418059e-05
7.668775e+00 -3.844967e+00 9.999916e-01 1.000010e+00 1.000002e+00 9.999913e-01 1.195236e+00 2 0 5.529118e-05 3.077385e-05 4.800707e-05 1.093162e-05 1.723323e-05
7.600220e+00 -2.951994e+00 9.999919e-01 9.999942e-01 1.000027e+00 9.999851e-01 1.195246e+00 2 0 -1.355388e-04 -2.021611e-05 3.442113e-04 4.872308e-05 3.644274e-04
7.619577e+00 -2.398872e+00 9.999477e-01 1.000026e+00 1.000051e+00 9.999317e-01 1.195284e+00 2 0 -7.552193e-05 3.166273e-04 5.093816e-04 -2.919921e-05 1.927543e-04
7.212099e+00 -4.393473e+00 9.999995e-01 1.000007e+00 9.999976e-01 1.000002e+00 1.195230e+00 2 0 1.213690e-05 -6.932426e-06 3.992288e-06 -3.566884e-07 1.092471e-05
7.115988e+00 -3.835627e+00 1.000002e+00 9.999967e-01 9.999981e-01 1.000001e+00 1.195226e+00 2 0 2.778709e-06 -8.862896e-06 -9.546298e-06 -3.828493e-06 -6.834018e-07
7.047434e+00 -2.936723e+00 1.000001e+00 1.000001e+00 9.999890e-01 1.000003e+00 1.195222e+00 2 0 2.156873e-05 5.129790e-06 -2.119483e-05 -1.642798e-05 -2.632462e-05
7.066791e+00 -2.385273e+00 1.000003e+00 9.999880e-01 9.999804e-01 1.000003e+00 1.195210e+00 2 0 3.104514e-05 -1.195096e-04 4.221424e-06 -4.745187e-06 1.237310e-04
6.317672e+00 -4.294610e+00 9.999977e-01 9.999894e-01 1.000006e+00 9.999935e-01 1.195228e+00 2 0 -9.430953e-06 1.494952e-05 -1.381473e-05 -1.077692e-05 -2.876425e-05
6.221561e+00 -3.724957e+00 9.999998e-01 1.000005e+00 1.000000e+00 1.000002e+00 1.195231e+00 2 0 -6.948630e-06 1.428810e-05 1.791598e-05 1.794230e-06 3.627875e-06
6.153006e+00 -2.817877e+00 1.000004e+00 1.000003e+00 1.000013e+00 1.000003e+00 1.195239e+00 2 0 -4.182187e-05 -4.986195e-07 1.644209e-05 2.182796e-05 1.694071e-05
6.172364e+00 -2.268715e+00 1.000009e+00 1.000024e+00 1.000020e+00 1.000015e+00 1.195251e+00 2 0 -4.005380e-05 1.565236e-04 -4.268214e-05 -1.864504e-05 -1.992057e-04
5.764886e+00 -4.184922e+00 9.999982e-01 1.000022e+00 1.000004e+00 1.000012e+00 1.195236e+00 2 0 -1.194829e-04 -3.593129e-05 4.270246e-05 -1.053478e-04 7.863374e-05
5.668775e+00 -3.610392e+00 1.000016e+00 1.000003e+00 9.999799e-01 1.000016e+00 1.195218e+00 2 0 3.107225e-05 1.496943e-06 4.461588e-05 -1.548119e-07 4.311893e-05
5.600220e+00 -2.700088e+00 1.000010e+00 1.000031e+00 9.999887e-01 1.000018e+00 1.195235e+00 2 0 4.398797e-05 2.435803e-05 4.781773e-05 3.019901e-05 2.345970e-05
5.619577e+00 -2.151813e+00 1.000003e+00 1.000003e+00 1.000032e+00 1.000004e+00 1.195249e+00 2 0 3.096786e-04 -2.603033e-04 1.077282e-04 2.625002e-04 3.680316e-04
VARIABLES = "X", "Y", "ro", "u", "v", "pre", "Ma", "PART", "IMEX", "Ux", "Uy", "Vx", "Vy", "Vort" 
ZONE I=4, J=4, DATAPACKING=POINT
7.619577e+00 -2.398872e+00 9.999198e-01 1.000070e+00 1.000043e+00 9.998998e-01 1.195308e+00 2 0 2.002699e-04 -3.967433e-04 4.313663e-04 1.752674e-04 8.281096e-04
7.684368e+00 -1.844533e+00 1.000081e+00 9.998987e-01 9.999871e-01 1.000105e+00 1.195146e+00 2 0 -5.619873e-04 -2.741809e-05 -3.613407e-04 -2.934105e-04 -3.339226e-04
7.863846e+00 -9.423792e-01 1.000295e+00 1.000054e+00 9.996136e-01 1.000407e+00 1.194963e+00 2 0 1.350454e-03 1.013867e-04 -5.338191e-03 8.998397e-04 -5.439577e-03
8.000000e+00 -3.804226e-01 1.000239e+00 1.000331e+00 9.995432e-01 1.000367e+00 1.195077e+00 2 0 3.379419e-03 -3.424500e-04 -5.985122e-03 1.555183e-03 -5.642672e-03
7.066791e+00 -2.385273e+00 1.000007e+00 9.999723e-01 9.999829e-01 1.000004e+00 1.195203e+00 2 0 5.358706e-05 1.347611e-04 4.240939e-06 -1.491022e-04 -1.305201e-04
7.131581e+00 -1.836544e+00 9.999800e-01 1.000016e+00 9.999963e-01 9.999736e-01 1.195240e+00 2 0 -7.246582e-06 -1.538517e-05 5.172756e-05 1.487078e-04 6.711273e-05
7.311060e+00 -9.499711e-01 9.998652e-01 9.999127e-01 1.000169e+00 9.998113e-01 1.195310e+00 2 0 -5.236748e-05 -1.633845e-04 2.880497e-04 7.779617e-05 4.514342e-04
7.447214e+00 -3.997800e-01 9.998199e-01 9.998222e-01 1.000191e+00 9.997371e-01 1.195286e+00 2 0 -8.836680e-05 -1.294159e-04 3.445107e-04 -9.717255e-05 4.739265e-04
6.172364e+00 -2.268715e+00 1.000008e+00 1.000043e+00 1.000014e+00 1.000018e+00 1.195256e+00 2 0 -1.023041e-04 -1.334833e-04 -2.372214e-05 2.108287e-04 1.097611e-04
6.237154e+00 -1.727764e+00 1.000026e+00 9.999947e-01 1.000021e+00 1.000033e+00 1.195234e+00 2 0 -1.100395e-04 2.967848e-05 -7.680093e-05 -1.348544e-04 -1.064794e-04
6.416633e+00 -8.636394e-01 1.000157e+00 1.000103e+00 9.998357e-01 1.000223e+00 1.195153e+00 2 0 -3.811620e-04 2.943539e-04 -2.380187e-04 -1.328113e-04 -5.323725e-04
6.552786e+00 -3.312253e-01 1.000222e+00 1.000215e+00 9.997858e-01 1.000328e+00 1.195165e+00 2 0 -3.879407e-04 3.539362e-04 -3.864560e-04 7.632967e-06 -7.403921e-04
5.619577e+00 -2.151813e+00 9.999898e-01 9.999791e-01 1.000070e+00 9.999837e-01 1.195262e+00 2 0 5.830730e-04 -1.646755e-05 -2.741448e-04 -4.305280e-04 -2.576773e-04
5.684368e+00 -1.613962e+00 1.000145e+00 1.000189e+00 9.999471e-01 1.000180e+00 1.195290e+00 2 0 -4.768072e-04 6.342540e-04 8.892596e-04 -8.755341e-05 2.550056e-04
5.863846e+00 -7.593905e-01 1.000337e+00 1.000584e+00 1.000204e+00 1.000479e+00 1.195615e+00 2 0 -1.809635e-03 6.159993e-04 -7.689653e-04 6.811299e-04 -1.384965e-03
6.000000e+00 -2.351141e-01 1.000051e+00 1.000522e+00 1.000512e+00 1.000131e+00 1.195798e+00 2 0 -1.774471e-03 2.205344e-04 -2.206973e-03 1.769783e-03 -2.427507e-03
