VARIABLES = "X", "Y", "ro", "u", "v", "pre", "Ma", "PART", "IMEX", "Ux", "Uy", "Vx", "Vy", "Vort" 
ZONE I=5, J=5, DATAPACKING=POINT
2.000000e+00 3.804226e-01 9.386223e-01 1.058954e+00 1.657912e+00 9.200759e-01 1.679300e+00 3 0 -7.992466e-02 -4.296682e-01 -4.735377e-01 7.450545e-02 -4.386949e-02
2.086115e+00 7.318967e-01 9.481698e-01 9.248842e-01 1.597442e+00 9.318950e-01 1.573607e+00 3 0 1.703627e-01 -3.500440e-01 -5.446243e-01 -1.498772e-01 -1.945803e-01
2.235114e+00 1.394473e+00 9.877342e-01 8.225531e-01 1.353061e+00 9.847432e-01 1.340304e+00 3 0 2.872622e-01 -6.501591e-02 -5.014894e-01 -2.900695e-01 -4.364735e-01
2.344891e+00 2.052756e+00 1.011108e+00 8.817219e-01 1.137184e+00 1.013922e+00 1.214458e+00 3 0 1.561500e-01 1.287969e-01 -1.346693e-01 -2.250657e-01 -2.634662e-01
2.380423e+00 2.398872e+00 1.002202e+00 9.302180e-01 1.072096e+00 1.002194e+00 1.199616e+00 3 0 9.566626e-02 1.077028e-01 -5.695099e-02 -1.375585e-01 -1.646538e-01
1.654654e+00 3.448907e-01 8.425680e-01 1.119658e+00 1.761183e+00 7.847506e-01 1.827623e+00 3 0 -1.107826e-01 -7.149170e-01 -1.361367e-01 1.761387e-01 5.787803e-01
1.740769e+00 7.006894e-01 8.776692e-01 8.823246e-01 1.746957e+00 8.333018e-01 1.697539e+00 3 0 1.611996e-01 -5.796149e-01 -2.568707e-01 -1.515422e-01 3.227442e-01
1.889768e+00 1.370956e+00 9.554325e-01 7.028217e-01 1.488415e+00 9.416865e-01 1.401246e+00 3 0 4.077390e-01 -9.638948e-02 -2.323419e-01 -4.280303e-01 -1.359525e-01
1.999545e+00 2.035041e+00 9.915670e-01 7.985194e-01 1.198943e+00 9.885862e-01 1.219296e+00 3 0 3.219916e-01 1.995793e-01 -1.663724e-01 -3.258314e-01 -3.659517e-01
2.035077e+00 2.383054e+00 9.955581e-01 8.776918e-01 1.107495e+00 9.924247e-01 1.196182e+00 3 0 1.990965e-01 1.812304e-01 -1.059508e-01 -1.724253e-01 -2.871812e-01
1.000000e+00 2.351141e-01 5.969593e-01 1.288804e+00 1.580342e+00 4.996271e-01 1.883881e+00 3 0 -1.253164e-01 -9.593191e-01 6.922601e-01 2.731957e-01 1.651579e+00
1.086115e+00 5.976172e-01 6.197435e-01 8.811578e-01 1.660000e+00 5.121830e-01 1.747198e+00 3 0 7.949287e-02 -1.133247e+00 6.931157e-01 -1.610083e-01 1.826363e+00
1.235114e+00 1.280185e+00 8.191984e-01 4.350651e-01 1.510763e+00 7.533769e-01 1.385546e+00 3 0 4.230889e-01 -2.737043e-01 3.079434e-01 -3.945764e-01 5.816477e-01
1.344891e+00 1.953848e+00 9.611796e-01 5.225024e-01 1.270336e+00 9.484576e-01 1.168659e+00 3 0 3.887876e-01 3.352091e-01 9.096829e-02 -3.679415e-01 -2.442408e-01
1.380423e+00 2.305046e+00 9.955838e-01 6.808678e-01 1.155061e+00 9.921425e-01 1.135147e+00 3 0 2.914394e-01 4.577177e-01 4.968826e-02 -2.777365e-01 -4.080294e-01
3.453460e-01 8.611542e-02 5.535881e-01 1.483176e+00 8.414978e-01 4.540849e-01 1.591303e+00 3 0 -2.707955e-02 -6.169103e-01 1.306296e+00 -5.571922e-01 1.923206e+00
4.314614e-01 4.524607e-01 4.945415e-01 1.099097e+00 8.602527e-01 3.621514e-01 1.378454e+00 3 0 -5.810458e-02 -1.449588e+00 1.429486e+00 -1.546627e-02 2.879074e+00
5.804601e-01 1.142673e+00 6.405988e-01 2.903836e-01 1.098895e+00 5.380438e-01 1.048174e+00 3 0 1.029099e-01 -5.210847e-01 1.049700e+00 -3.029604e-02 1.570785e+00
6.902367e-01 1.822742e+00 9.049481e-01 2.980497e-01 1.105016e+00 8.691103e-01 9.870261e-01 3 0 9.119872e-02 3.356313e-01 5.335329e-01 -1.468932e-01 1.979017e-01
7.257686e-01 2.176149e+00 9.584242e-01 4.494185e-01 1.079684e+00 9.418444e-01 9.970567e-01 3 0 1.757406e-01 4.523616e-01 2.513250e-01 -7.770518e-02 -2.010366e-01
0.000000e+00 0.000000e+00 6.973618e-01 1.510000e+00 5.226790e-01 6.061087e-01 1.448572e+00 3 0 1.531398e-01 -5.534175e-01 8.324517e-01 -4.512532e-01 1.385869e+00
8.611542e-02 3.669786e-01 5.768234e-01 1.189196e+00 4.921143e-01 4.615832e-01 1.215935e+00 3 0 3.613811e-01 -1.325384e+00 7.126091e-01 -4.946797e-02 2.037993e+00
2.351141e-01 1.058876e+00 6.223976e-01 3.583762e-01 7.181835e-01 5.248717e-01 7.386876e-01 3 0 -1.838303e-01 -6.160888e-01 9.152292e-01 1.750435e-01 1.531318e+00
3.448907e-01 1.740658e+00 8.825611e-01 2.950978e-01 8.891736e-01 8.420972e-01 8.105940e-01 3 0 -2.412536e-01 2.699782e-01 6.920233e-01 1.182809e-01 4.220451e-01
3.804226e-01 2.094703e+00 9.327807e-01 3.935265e-01 9.770237e-01 9.076341e-01 9.024476e-01 3 0 -6.111689e-02 2.547540e-01 3.228525e-01 2.337481e-01 6.809855e-02
VARIABLES = "X", "Y", "ro", "u", "v", "pre", "Ma", "PART", "IMEX", "Ux", "Uy", "Vx", "Vy", "Vort" 
ZONE I=5, J=5, DATAPACKING=POINT
2.380423e+00 2.398872e+00 1.002809e+00 9.304102e-01 1.070398e+00 1.003246e+00 1.198374e+00 3 0 8.432639e-02 1.100317e-01 -4.411038e-02 -1.482838e-01 -1.541421e-01
2.398113e+00 2.744527e+00 9.988112e-01 9.619621e-01 1.033263e+00 9.988655e-01 1.193104e+00 3 0 7.520303e-02 6.792014e-02 -4.492924e-02 -7.579231e-02 -1.128494e-01
2.380423e+00 3.398872e+00 1.000029e+00 9.899498e-01 1.005859e+00 9.998564e-01 1.192865e+00 3 0 2.502919e-02 2.520162e-02 -1.004828e-02 -1.870374e-02 -3.524990e-02
2.299270e+00 4.051477e+00 9.998307e-01 9.987681e-01 1.000793e+00 9.998935e-01 1.194929e+00 3 0 6.421108e-04 5.991372e-03 -1.945166e-04 -1.485905e-03 -6.185889e-03
2.235114e+00 4.394473e+00 1.000185e+00 9.993999e-01 1.000666e+00 1.000245e+00 1.195233e+00 3 0 6.055715e-03 -2.276129e-03 -3.519323e-03 -4.585868e-04 -1.243194e-03
2.035077e+00 2.383054e+00 9.974820e-01 8.794356e-01 1.104769e+00 9.947012e-01 1.195078e+00 3 0 2.010495e-01 1.519966e-01 -1.085365e-01 -1.968846e-01 -2.605331e-01
2.052767e+00 2.729657e+00 1.001615e+00 9.266613e-01 1.053218e+00 1.002510e+00 1.185089e+00 3 0 1.178262e-01 1.128331e-01 -5.396814e-02 -1.110036e-01 -1.668013e-01
2.035077e+00 3.383054e+00 9.993536e-01 9.806933e-01 1.009287e+00 9.993010e-01 1.189395e+00 3 0 2.664792e-02 5.380604e-02 -7.604699e-03 -3.294156e-02 -6.141074e-02
1.953924e+00 4.031339e+00 9.999607e-01 9.976629e-01 1.001268e+00 9.998329e-01 1.194668e+00 3 0 5.079768e-03 6.234158e-03 -1.970060e-03 3.514461e-04 -8.204218e-03
1.889768e+00 4.370956e+00 1.000331e+00 9.978599e-01 1.001448e+00 1.000662e+00 1.194619e+00 3 0 3.388744e-03 -6.742981e-04 -7.740805e-04 -3.994691e-03 -9.978245e-05
1.380423e+00 2.305046e+00 9.965806e-01 6.802053e-01 1.156926e+00 9.924958e-01 1.136590e+00 3 0 2.994806e-01 4.462190e-01 4.705377e-02 -2.874023e-01 -3.991652e-01
1.398113e+00 2.653249e+00 1.000435e+00 8.160033e-01 1.077520e+00 9.997651e-01 1.142721e+00 3 0 1.574422e-01 3.114442e-01 3.059926e-02 -1.714062e-01 -2.808449e-01
1.380423e+00 3.305046e+00 9.978876e-01 9.510882e-01 1.014407e+00 9.976067e-01 1.175383e+00 3 0 4.129836e-02 1.204371e-01 4.068914e-03 -4.176893e-02 -1.163682e-01
1.299270e+00 3.946116e+00 1.000762e+00 9.911814e-01 1.002219e+00 1.000621e+00 1.191386e+00 3 0 9.275660e-03 2.587639e-02 7.924667e-04 -6.471439e-03 -2.508392e-02
1.235114e+00 4.280185e+00 9.996937e-01 9.966368e-01 1.000747e+00 9.997637e-01 1.193626e+00 3 0 -8.666123e-04 1.121259e-02 3.195297e-03 -2.264056e-03 -8.017291e-03
7.257686e-01 2.176149e+00 9.627062e-01 4.441870e-01 1.076264e+00 9.470273e-01 9.921442e-01 3 0 1.156177e-01 7.438822e-01 3.024005e-01 -2.018236e-01 -4.414817e-01
7.434590e-01 2.525476e+00 9.861550e-01 6.725162e-01 1.035682e+00 9.816581e-01 1.046047e+00 3 0 8.637816e-02 5.352966e-01 1.485302e-01 -8.306997e-02 -3.867664e-01
7.257686e-01 3.176149e+00 1.000827e+00 9.063168e-01 1.007814e+00 1.000362e+00 1.145785e+00 3 0 1.996685e-02 2.090270e-01 3.071178e-02 -1.682559e-02 -1.783152e-01
6.446156e-01 3.812270e+00 9.997155e-01 9.806385e-01 1.001149e+00 1.000145e+00 1.184154e+00 3 0 4.515573e-03 5.652619e-02 5.062180e-03 -4.617643e-03 -5.146401e-02
5.804601e-01 4.142673e+00 1.000590e+00 9.951928e-01 9.993319e-01 1.000356e+00 1.192098e+00 3 0 -4.232519e-03 3.560169e-02 6.268007e-04 -4.050101e-03 -3.497489e-02
3.804226e-01 2.094703e+00 9.449706e-01 3.866079e-01 9.629060e-01 9.238336e-01 8.869237e-01 3 0 -1.614316e-01 6.964170e-01 4.339050e-01 -6.431895e-02 -2.625120e-01
3.981130e-01 2.444363e+00 9.821877e-01 6.133177e-01 9.787186e-01 9.783971e-01 9.780510e-01 3 0 -1.939592e-02 5.770521e-01 1.923030e-01 3.944725e-02 -3.847490e-01
3.804226e-01 3.094703e+00 9.998182e-01 8.866949e-01 9.944225e-01 9.983038e-01 1.126878e+00 3 0 -2.029478e-02 2.572104e-01 4.503982e-02 1.044842e-02 -2.121706e-01
2.992696e-01 3.729426e+00 1.000326e+00 9.746015e-01 9.991661e-01 1.001738e+00 1.178811e+00 3 0 3.019635e-03 5.902616e-02 6.048030e-03 1.282025e-02 -5.297813e-02
2.351141e-01 4.058876e+00 1.000185e+00 9.930978e-01 1.000578e+00 9.994732e-01 1.191882e+00 3 0 -1.002665e-02 7.037690e-02 -3.793774e-03 -1.813186e-02 -7.417068e-02
VARIABLES = "X", "Y", "ro", "u", "v", "pre", "Ma", "PART", "IMEX", "Ux", "Uy", "Vx", "Vy", "Vort" 
ZONE I=5, J=5, DATAPACKING=POINT
2.235114e+00 4.394473e+00 1.000390e+00 9.992592e-01 1.000712e+00 1.000457e+00 1.195172e+00 3 0 5.801271e-03 2.330908e-03 -3.288179e-03 -3.057420e-03 -5.619087e-03
2.159932e+00 4.736250e+00 1.000143e+00 9.997733e-01 1.000114e+00 1.000156e+00 1.195154e+00 3 0 -4.613988e-04 9.761770e-04 3.656546e-04 -9.340653e-04 -6.105224e-04
2.000000e+00 5.380423e+00 9.999093e-01 1.000014e+00 9.999551e-01 9.998913e-01 1.195221e+00 3 0 3.868425e-04 1.437567e-05 -1.194028e-04 1.759469e-04 -1.337785e-04
1.840068e+00 6.020757e+00 1.000097e+00 9.999954e-01 1.000064e+00 1.000120e+00 1.195250e+00 3 0 -3.290655e-04 8.420737e-06 1.119004e-04 -3.002117e-05 1.034797e-04
1.764886e+00 6.358085e+00 9.998989e-01 9.999681e-01 9.999581e-01 9.998779e-01 1.195197e+00 3 0 1.692695e-04 -9.362849e-04 1.810563e-04 -9.657470e-04 1.117341e-03
1.889768e+00 4.370956e+00 1.000500e+00 9.978101e-01 1.001265e+00 1.000904e+00 1.194436e+00 3 0 2.134952e-03 9.847170e-03 4.642826e-04 -6.709462e-03 -9.382888e-03
1.814586e+00 4.708822e+00 1.000084e+00 9.997763e-01 1.000107e+00 1.000104e+00 1.195147e+00 3 0 1.525765e-04 2.753366e-03 -2.721364e-05 -1.578527e-03 -2.780579e-03
1.654654e+00 5.344891e+00 9.999194e-01 9.999364e-01 9.999575e-01 9.998856e-01 1.195185e+00 3 0 1.207722e-04 -4.996123e-04 2.332156e-05 2.857372e-04 5.229339e-04
1.494722e+00 5.977479e+00 1.000078e+00 1.000058e+00 1.000052e+00 1.000112e+00 1.195274e+00 3 0 -9.046830e-05 5.370462e-04 -1.024604e-05 -2.590757e-05 -5.472922e-04
1.419540e+00 6.311312e+00 9.999569e-01 9.999434e-01 1.000001e+00 9.999160e-01 1.195220e+00 3 0 3.976835e-04 -2.566488e-03 -9.477090e-05 -8.459534e-04 2.471717e-03
1.235114e+00 4.280185e+00 9.995855e-01 9.965328e-01 1.000548e+00 9.998225e-01 1.193345e+00 3 0 -1.375903e-04 9.429935e-03 1.918914e-03 -1.618981e-03 -7.511021e-03
1.159932e+00 4.611738e+00 1.000047e+00 9.989206e-01 1.000266e+00 1.000154e+00 1.194679e+00 3 0 9.808075e-04 4.970662e-03 1.522207e-04 -7.407832e-04 -4.818441e-03
1.000000e+00 5.235114e+00 9.999220e-01 1.000050e+00 9.999146e-01 9.998636e-01 1.195242e+00 3 0 -2.286119e-04 -1.314322e-04 -7.148674e-06 -1.597675e-04 1.242835e-04
8.400681e-01 5.856118e+00 1.000093e+00 9.998875e-01 1.000104e+00 1.000152e+00 1.195188e+00 3 0 3.569734e-04 2.114557e-04 -1.232515e-04 3.322762e-04 -3.347073e-04
7.648859e-01 6.184922e+00 1.000002e+00 1.000079e+00 9.999700e-01 9.999542e-01 1.195286e+00 3 0 -6.164359e-04 1.107513e-03 8.524500e-04 -2.110547e-03 -2.550634e-04
5.804601e-01 4.142673e+00 1.000879e+00 9.950925e-01 9.997870e-01 1.000493e+00 1.192402e+00 3 0 5.317896e-04 1.061265e-02 1.179741e-04 1.434997e-03 -1.049467e-02
5.052780e-01 4.470214e+00 9.995994e-01 9.979521e-01 9.996532e-01 9.994328e-01 1.193897e+00 3 0 -1.161520e-03 6.266286e-03 1.975842e-03 7.041581e-04 -4.290444e-03
3.453460e-01 5.086115e+00 1.000169e+00 9.999661e-01 1.000160e+00 1.000248e+00 1.195256e+00 3 0 5.919824e-04 8.217545e-04 -9.245118e-04 4.727120e-04 -1.746266e-03
1.854141e-01 5.701148e+00 9.999267e-01 9.998363e-01 9.999412e-01 9.998837e-01 1.195121e+00 3 0 -5.173341e-04 -1.399676e-04 9.684181e-04 -9.689588e-04 1.108386e-03
1.102319e-01 6.027682e+00 9.997793e-01 1.000196e+00 9.997241e-01 9.997835e-01 1.195178e+00 3 0 -5.051049e-04 3.269095e-03 -3.653210e-04 1.106203e-03 -3.634416e-03
2.351141e-01 4.058876e+00 1.001073e+00 9.939585e-01 9.997732e-01 1.000222e+00 1.191994e+00 3 0 -4.465892e-03 2.591227e-02 3.411462e-03 -1.491115e-02 -2.250081e-02
1.599320e-01 4.385474e+00 9.989949e-01 9.982678e-01 9.986407e-01 9.985019e-01 1.193676e+00 3 0 -3.342124e-03 5.520933e-03 2.593491e-03 2.629457e-03 -2.927443e-03
2.143592e-08 5.000000e+00 1.000500e+00 9.994873e-01 1.000537e+00 1.000702e+00 1.195122e+00 3 0 1.559183e-03 1.255352e-03 -1.353375e-03 5.397629e-04 -2.608726e-03
-1.599319e-01 5.614526e+00 9.996062e-01 1.000238e+00 9.995483e-01 9.994506e-01 1.195194e+00 3 0 -1.767360e-03 1.616178e-04 1.775484e-03 -1.236722e-03 1.613867e-03
-2.351141e-01 5.941124e+00 9.998960e-01 9.998760e-01 1.000030e+00 9.999310e-01 1.195152e+00 3 0 2.581013e-03 -3.100865e-03 -3.548798e-03 6.493963e-03 -4.479333e-04
VARIABLES = "X", "Y", "ro", "u", "v", "pre", "Ma", "PART", "IMEX", "Ux", "Uy", "Vx", "Vy", "Vort" 
ZONE I=5, J=5, DATAPACKING=POINT
1.764886e+00 6.358085e+00 9.998662e-01 9.998666e-01 9.998834e-01 9.998201e-01 1.195107e+00 3 0 3.291857e-04 3.502331e-04 -4.342021e-05 1.122704e-04 -3.936533e-04
1.700730e+00 6.695957e+00 1.000012e+00 1.000064e+00 1.000014e+00 1.000022e+00 1.195269e+00 3 0 2.059850e-05 2.477048e-04 -1.280650e-04 1.943452e-04 -3.757698e-04
1.619577e+00 7.340342e+00 9.999861e-01 9.999406e-01 9.999823e-01 9.999746e-01 1.195189e+00 3 0 2.927035e-05 -1.987143e-04 1.006415e-04 -1.293200e-04 2.993557e-04
1.601887e+00 7.992639e+00 1.000010e+00 1.000084e+00 1.000022e+00 1.000022e+00 1.195284e+00 3 0 -4.208629e-05 1.978694e-04 -1.260750e-04 2.001476e-04 -3.239444e-04
1.619577e+00 8.340342e+00 9.999483e-01 9.997652e-01 1.000011e+00 9.998928e-01 1.195128e+00 3 0 7.255887e-04 -5.077932e-03 6.079301e-04 -1.179748e-03 5.685862e-03
1.419540e+00 6.311312e+00 9.999536e-01 9.998025e-01 9.999057e-01 9.998954e-01 1.195089e+00 3 0 -7.336992e-05 2.035099e-04 -6.305325e-05 -5.344959e-05 -2.665632e-04
1.355384e+00 6.646284e+00 9.999855e-01 1.000050e+00 1.000016e+00 9.999978e-01 1.195260e+00 3 0 -1.873503e-05 3.714403e-04 3.668872e-05 1.594569e-04 -3.347516e-04
1.274231e+00 7.287116e+00 1.000004e+00 9.999450e-01 9.999724e-01 9.999906e-01 1.195187e+00 3 0 3.141505e-06 -2.470647e-04 1.158424e-06 -8.712721e-05 2.482231e-04
1.256541e+00 7.938657e+00 9.999923e-01 1.000080e+00 1.000034e+00 1.000009e+00 1.195287e+00 3 0 3.150196e-06 2.549060e-04 1.525873e-06 7.615676e-05 -2.533801e-04
1.274231e+00 8.287116e+00 1.000029e+00 9.997905e-01 9.998837e-01 9.999791e-01 1.195064e+00 3 0 7.018147e-04 -5.046359e-03 6.127912e-04 -2.088932e-03 5.659150e-03
7.648859e-01 6.184922e+00 9.999274e-01 1.000116e+00 9.998485e-01 9.998589e-01 1.195249e+00 3 0 -6.499283e-04 -4.252038e-04 2.249253e-04 3.868784e-05 6.501291e-04
7.007304e-01 6.515824e+00 9.999604e-01 1.000017e+00 9.999913e-01 9.999566e-01 1.195236e+00 3 0 9.717532e-05 -1.526904e-04 -1.038064e-04 2.121628e-04 4.888401e-05
6.195774e-01 7.151813e+00 1.000022e+00 9.999847e-01 9.999911e-01 1.000021e+00 1.195215e+00 3 0 -7.989009e-05 3.942352e-05 7.801837e-06 -7.573800e-05 -3.162169e-05
6.018870e-01 7.802345e+00 9.999656e-01 1.000029e+00 1.000003e+00 9.999647e-01 1.195248e+00 3 0 1.019344e-04 -4.076561e-05 3.637604e-05 2.682929e-05 7.714165e-05
6.195774e-01 8.151813e+00 1.000125e+00 9.999208e-01 9.999270e-01 1.000137e+00 1.195131e+00 3 0 1.750489e-04 -1.359478e-03 -1.877238e-04 -6.618688e-04 1.171754e-03
1.102319e-01 6.027682e+00 9.997723e-01 1.000341e+00 9.998410e-01 9.997385e-01 1.195358e+00 3 0 7.879584e-04 -9.321759e-04 -1.142687e-03 2.343923e-03 -2.105114e-04
4.607639e-02 6.356925e+00 1.000118e+00 9.999617e-01 1.000102e+00 1.000138e+00 1.195255e+00 3 0 2.143535e-04 -4.731820e-04 -2.209360e-04 -2.599213e-05 2.522460e-04
-3.507660e-02 6.991185e+00 9.999466e-01 1.000026e+00 9.999616e-01 9.999408e-01 1.195225e+00 3 0 -1.109237e-04 2.665375e-04 1.171500e-04 -9.366758e-05 -1.493876e-04
-5.276701e-02 7.641395e+00 1.000036e+00 9.999795e-01 1.000016e+00 1.000032e+00 1.195228e+00 3 0 1.293837e-04 -3.368620e-04 -1.461251e-04 2.097026e-04 1.907369e-04
-3.507662e-02 7.991185e+00 1.000030e+00 9.999539e-01 1.000129e+00 1.000079e+00 1.195249e+00 3 0 -2.184444e-04 8.238195e-04 -3.431083e-04 1.253840e-03 -1.166928e-03
-2.351141e-01 5.941124e+00 1.000176e+00 9.998190e-01 1.000263e+00 1.000262e+00 1.195226e+00 3 0 2.484403e-03 4.497477e-04 -2.234034e-03 1.158259e-03 -2.683782e-03
-2.992696e-01 6.270574e+00 1.000187e+00 9.999364e-01 1.000159e+00 1.000238e+00 1.195255e+00 3 0 -1.583113e-04 3.508672e-04 1.669735e-04 -6.477785e-04 -1.838936e-04
-3.804226e-01 6.905297e+00 9.999062e-01 1.000033e+00 9.999286e-01 9.998814e-01 1.195220e+00 3 0 7.876903e-05 -6.444320e-05 1.916816e-05 1.023087e-04 8.361136e-05
-3.981130e-01 7.555637e+00 1.000089e+00 9.999731e-01 1.000060e+00 1.000109e+00 1.195236e+00 3 0 -3.390858e-05 -1.507738e-05 -1.107004e-04 2.917867e-05 -9.562305e-05
-3.804226e-01 7.905297e+00 9.999293e-01 9.999816e-01 1.000001e+00 9.999395e-01 1.195212e+00 3 0 -1.575146e-04 -2.851547e-04 8.135600e-04 -1.307048e-04 1.098715e-03
VARIABLES = "X", "Y", "ro", "u", "v", "pre", "Ma", "PART", "IMEX", "Ux", "Uy", "Vx", "Vy", "Vort" 
ZONE I=5, J=5, DATAPACKING=POINT
4.000000e+00 2.351141e-01 9.972391e-01 9.992043e-01 1.008120e+00 9.954320e-01 1.200706e+00 3 0 -1.150486e-03 8.808665e-03 -3.146804e-02 -1.402882e-03 -4.027671e-02
4.086115e+00 5.626149e-01 9.981502e-01 9.999400e-01 1.005556e+00 9.967318e-01 1.199370e+00 3 0 1.015390e-02 -6.713913e-03 -2.988367e-02 2.506528e-03 -2.316976e-02
4.235114e+00 1.184922e+00 1.002513e+00 9.957330e-01 1.003649e+00 1.003451e+00 1.194310e+00 3 0 -1.122706e-02 -2.533711e-03 -1.458241e-02 1.130570e-03 -1.204870e-02
4.344891e+00 1.814691e+00 1.002099e+00 9.965150e-01 1.002083e+00 1.003073e+00 1.193815e+00 3 0 -1.109988e-02 8.646623e-03 9.852154e-03 -4.630314e-03 1.205532e-03
4.380423e+00 2.151813e+00 9.998901e-01 9.993583e-01 1.000834e+00 9.998784e-01 1.195351e+00 3 0 1.926144e-04 9.264912e-03 4.404831e-03 -4.664198e-03 -4.860081e-03
3.654654e+00 2.992696e-01 1.001832e+00 1.002582e+00 1.027645e+00 1.003070e+00 1.212636e+00 3 0 -1.718840e-02 -1.304935e-02 -8.205281e-02 6.530342e-03 -6.900346e-02
3.740769e+00 6.298244e-01 1.000587e+00 9.986459e-01 1.022321e+00 1.001130e+00 1.207514e+00 3 0 -4.604592e-03 -4.628541e-03 -6.938942e-02 -5.869329e-04 -6.476088e-02
3.889768e+00 1.256946e+00 9.985163e-01 9.987506e-01 1.010543e+00 9.977828e-01 1.201245e+00 3 0 3.853971e-03 2.212923e-03 -3.333517e-02 -9.945581e-03 -3.554809e-02
3.999545e+00 1.889861e+00 9.990207e-01 9.998088e-01 1.002894e+00 9.984776e-01 1.197171e+00 3 0 2.428151e-03 -9.459130e-04 -1.404857e-02 -4.713867e-03 -1.310266e-02
4.035077e+00 2.227926e+00 9.999686e-01 9.992368e-01 1.001598e+00 9.999435e-01 1.195743e+00 3 0 2.289920e-03 -2.979781e-03 -7.302523e-03 -5.903285e-04 -4.322742e-03
3.000000e+00 3.804226e-01 9.979381e-01 1.006371e+00 1.143953e+00 9.963217e-01 1.288736e+00 3 0 -3.048928e-03 -5.886290e-02 -2.951980e-01 1.253299e-02 -2.363351e-01
3.086115e+00 7.185270e-01 9.985790e-01 9.905286e-01 1.116838e+00 9.973948e-01 1.262401e+00 3 0 3.673841e-02 -4.369948e-02 -2.480090e-01 -2.986692e-02 -2.043095e-01
3.235114e+00 1.358085e+00 1.001623e+00 9.808749e-01 1.058790e+00 1.002252e+00 1.219440e+00 3 0 5.304602e-02 -9.892888e-03 -1.361008e-01 -5.017158e-02 -1.262079e-01
3.344891e+00 1.999603e+00 1.001210e+00 9.875113e-01 1.022096e+00 1.001872e+00 1.200751e+00 3 0 3.295212e-02 1.153441e-02 -5.177656e-02 -3.099550e-02 -6.331097e-02
3.380423e+00 2.340342e+00 1.000148e+00 9.928147e-01 1.011020e+00 1.000268e+00 1.197497e+00 3 0 2.087317e-02 1.297367e-02 -2.761002e-02 -2.813643e-02 -4.058370e-02
2.345346e+00 3.981130e-01 9.793057e-01 1.021174e+00 1.432574e+00 9.713554e-01 1.492935e+00 3 0 -6.691824e-02 -2.592888e-01 -5.906795e-01 4.552329e-02 -3.313907e-01
2.431461e+00 7.449752e-01 9.850649e-01 9.462047e-01 1.373526e+00 9.788048e-01 1.414130e+00 3 0 8.201746e-02 -1.697746e-01 -5.583633e-01 -8.965508e-02 -3.885887e-01
2.580460e+00 1.399489e+00 9.953577e-01 9.122304e-01 1.205509e+00 9.931897e-01 1.279063e+00 3 0 1.806591e-01 -1.204141e-02 -3.441088e-01 -1.792569e-01 -3.320674e-01
2.690237e+00 2.051800e+00 9.990458e-01 9.488096e-01 1.077091e+00 9.983658e-01 1.213545e+00 3 0 1.136629e-01 5.010509e-02 -1.386033e-01 -1.185341e-01 -1.887084e-01
2.725769e+00 2.395982e+00 1.000040e+00 9.665779e-01 1.040385e+00 1.000284e+00 1.200054e+00 3 0 7.224137e-02 2.627212e-02 -7.622096e-02 -7.279267e-02 -1.024931e-01
2.000000e+00 3.804226e-01 9.386310e-01 1.065599e+00 1.664869e+00 9.213196e-01 1.686227e+00 3 0 -1.298892e-01 -4.512377e-01 -7.380742e-01 1.557771e-01 -2.868365e-01
2.086115e+00 7.318967e-01 9.497071e-01 9.236788e-01 1.604878e+00 9.349989e-01 1.577238e+00 3 0 5.389162e-02 -3.298927e-01 -7.500327e-01 -1.096634e-01 -4.201400e-01
2.235114e+00 1.394473e+00 9.856637e-01 8.250333e-01 1.352911e+00 9.808180e-01 1.342560e+00 3 0 3.543553e-01 -6.696864e-02 -5.086158e-01 -2.957056e-01 -4.416472e-01
2.344891e+00 2.052756e+00 1.006396e+00 8.883394e-01 1.137681e+00 1.006937e+00 1.219586e+00 3 0 2.854742e-01 1.080855e-01 -2.122876e-01 -2.089401e-01 -3.203730e-01
2.380423e+00 2.398872e+00 1.001884e+00 9.319570e-01 1.073372e+00 1.001696e+00 1.201503e+00 3 0 1.419238e-01 7.738866e-02 -1.103379e-01 -1.391250e-01 -1.877266e-01
VARIABLES = "X", "Y", "ro", "u", "v", "pre", "Ma", "PART", "IMEX", "Ux", "Uy", "Vx", "Vy", "Vort" 
ZONE I=5, J=5, DATAPACKING=POINT
4.380423e+00 2.151813e+00 9.997449e-01 9.995143e-01 1.000754e+00 9.996832e-01 1.195426e+00 3 0 -6.492338e-04 3.690878e-03 2.710418e-03 -2.646523e-03 -9.804598e-04
4.398113e+00 2.493037e+00 9.997586e-01 9.999780e-01 1.000309e+00 9.996441e-01 1.195469e+00 3 0 -1.693945e-05 3.179019e-04 -1.880808e-03 -7.135639e-04 -2.198710e-03
4.380423e+00 3.151813e+00 1.000028e+00 9.998947e-01 1.000082e+00 1.000050e+00 1.195202e+00 3 0 -7.446118e-04 -9.979589e-05 3.092885e-04 -1.304227e-04 4.090844e-04
4.299270e+00 3.825132e+00 9.999931e-01 1.000026e+00 1.000010e+00 9.999857e-01 1.195254e+00 3 0 4.222542e-04 2.606611e-04 -2.348602e-04 -9.023259e-05 -4.955214e-04
4.235114e+00 4.184922e+00 1.000040e+00 9.999903e-01 1.000004e+00 1.000054e+00 1.195217e+00 3 0 -2.674528e-04 -5.814639e-04 1.838585e-04 4.636677e-05 7.653224e-04
4.035077e+00 2.227926e+00 1.000001e+00 9.991573e-01 1.001661e+00 9.999895e-01 1.195725e+00 3 0 3.101278e-03 -1.916049e-05 -6.967526e-03 -1.704684e-03 -6.948366e-03
4.052767e+00 2.569604e+00 1.000156e+00 9.994606e-01 1.000921e+00 1.000244e+00 1.195404e+00 3 0 2.228240e-03 9.307830e-04 -2.749081e-03 -1.687218e-03 -3.679864e-03
4.035077e+00 3.227926e+00 1.000058e+00 9.999077e-01 1.000210e+00 1.000065e+00 1.195295e+00 3 0 6.249007e-04 3.139205e-04 -1.061976e-03 -6.170510e-04 -1.375897e-03
3.953924e+00 3.899037e+00 9.999841e-01 9.999255e-01 1.000024e+00 9.999861e-01 1.195197e+00 3 0 2.088482e-04 4.613623e-05 1.700304e-05 -1.318603e-04 -2.913319e-05
3.889768e+00 4.256946e+00 9.999787e-01 1.000007e+00 9.999891e-01 9.999721e-01 1.195230e+00 3 0 2.444291e-04 6.237411e-04 -4.682669e-06 -6.963114e-05 -6.284238e-04
3.380423e+00 2.340342e+00 9.999619e-01 9.928876e-01 1.011030e+00 1.000013e+00 1.197588e+00 3 0 2.056048e-02 1.159791e-02 -2.776614e-02 -2.148008e-02 -3.936405e-02
3.398113e+00 2.683331e+00 9.997114e-01 9.962143e-01 1.005174e+00 9.995504e-01 1.196167e+00 3 0 1.157747e-02 6.766336e-03 -1.396217e-02 -1.121661e-02 -2.072850e-02
3.380423e+00 3.340342e+00 1.000088e+00 9.989041e-01 1.001290e+00 1.000142e+00 1.195313e+00 3 0 3.157462e-03 2.382580e-03 -2.663362e-03 -2.816639e-03 -5.045942e-03
3.299270e+00 4.005265e+00 9.999400e-01 9.997801e-01 1.000090e+00 9.999035e-01 1.195173e+00 3 0 4.632209e-04 7.778040e-04 -5.309679e-04 -1.293441e-03 -1.308772e-03
3.235114e+00 4.358085e+00 9.998870e-01 9.999072e-01 9.999361e-01 9.998356e-01 1.195166e+00 3 0 5.653523e-05 -8.587899e-05 2.056500e-04 6.439992e-04 2.915290e-04
2.725769e+00 2.395982e+00 9.997504e-01 9.663417e-01 1.040837e+00 9.999382e-01 1.200232e+00 3 0 7.357577e-02 4.081034e-02 -7.440835e-02 -7.250343e-02 -1.152187e-01
2.743459e+00 2.740675e+00 9.996427e-01 9.803415e-01 1.019506e+00 9.996201e-01 1.195380e+00 3 0 4.348137e-02 3.262097e-02 -3.461941e-02 -4.443733e-02 -6.724037e-02
2.725769e+00 3.395982e+00 1.000131e+00 9.949873e-01 1.003494e+00 1.000091e+00 1.194355e+00 3 0 1.109693e-02 1.348437e-02 -5.370539e-03 -1.022779e-02 -1.885491e-02
2.644616e+00 4.053004e+00 1.000005e+00 9.992941e-01 1.000535e+00 1.000060e+00 1.195094e+00 3 0 1.269411e-03 2.573920e-03 -9.274316e-04 -2.103228e-03 -3.501351e-03
2.580460e+00 4.399489e+00 1.000022e+00 9.998330e-01 1.000061e+00 9.999991e-01 1.195179e+00 3 0 4.852310e-04 1.268294e-03 -8.794741e-04 -5.289072e-04 -2.147768e-03
2.380423e+00 2.398872e+00 1.002576e+00 9.318340e-01 1.071766e+00 1.002782e+00 1.200174e+00 3 0 1.380267e-01 9.270390e-02 -9.840875e-02 -1.499958e-01 -1.911127e-01
2.398113e+00 2.744527e+00 9.994824e-01 9.613211e-01 1.033293e+00 9.998192e-01 1.192585e+00 3 0 6.465328e-02 6.649683e-02 -4.592151e-02 -7.764931e-02 -1.124183e-01
2.380423e+00 3.398872e+00 1.000135e+00 9.899377e-01 1.005770e+00 9.999629e-01 1.192804e+00 3 0 1.873597e-02 2.598294e-02 -8.629206e-03 -1.805560e-02 -3.461215e-02
2.299270e+00 4.051477e+00 9.998129e-01 9.987712e-01 1.000813e+00 9.998938e-01 1.194933e+00 3 0 1.673510e-03 5.515480e-03 -4.727239e-04 -1.786844e-03 -5.988204e-03
2.235114e+00 4.394473e+00 1.000198e+00 9.994466e-01 1.000639e+00 1.000253e+00 1.195247e+00 3 0 2.286400e-03 -1.420492e-03 -2.832315e-03 -1.923694e-05 -1.411823e-03
VARIABLES = "X", "Y", "ro", "u", "v", "pre", "Ma", "PART", "IMEX", "Ux", "Uy", "Vx", "Vy", "Vort" 
ZONE I=5, J=5, DATAPACKING=POINT
4.235114e+00 4.184922e+00 1.000038e+00 9.999851e-01 1.000003e+00 1.000054e+00 1.195212e+00 3 0 -3.209362e-04 -1.801009e-06 1.504941e-04 3.594172e-05 1.522951e-04
4.159932e+00 4.546810e+00 1.000002e+00 1.000002e+00 1.000004e+00 1.000005e+00 1.195230e+00 3 0 -9.563054e-05 -6.753401e-06 -3.723346e-07 -5.701724e-06 6.381066e-06
4.000000e+00 5.235114e+00 9.999991e-01 9.999956e-01 9.999984e-01 9.999980e-01 1.195226e+00 3 0 4.510033e-05 4.694761e-06 1.944398e-05 1.006516e-06 1.474922e-05
3.840068e+00 5.921046e+00 1.000002e+00 1.000007e+00 1.000001e+00 1.000003e+00 1.195233e+00 3 0 -3.731331e-05 4.379719e-06 -9.299286e-06 5.552301e-06 -1.367901e-05
3.764886e+00 6.280185e+00 9.999952e-01 9.999905e-01 1.000001e+00 9.999926e-01 1.195225e+00 3 0 8.927160e-06 -2.157183e-04 -2.197921e-05 -2.478764e-05 1.937391e-04
3.889768e+00 4.256946e+00 9.999730e-01 1.000018e+00 9.999846e-01 9.999586e-01 1.195239e+00 3 0 1.792464e-04 1.081656e-04 9.097641e-05 2.513035e-04 -1.718922e-05
3.814586e+00 4.616481e+00 1.000019e+00 1.000011e+00 1.000025e+00 1.000023e+00 1.195248e+00 3 0 1.261810e-05 -4.295679e-05 -8.815852e-05 -1.615064e-05 -4.520173e-05
3.654654e+00 5.299270e+00 9.999892e-01 9.999886e-01 9.999897e-01 9.999865e-01 1.195217e+00 3 0 8.096042e-06 8.844111e-06 2.158112e-05 -3.027607e-05 1.273701e-05
3.494722e+00 5.979039e+00 1.000008e+00 1.000011e+00 1.000007e+00 1.000009e+00 1.195238e+00 3 0 1.486429e-06 1.226881e-05 -6.827741e-06 4.859487e-05 -1.909655e-05
3.419540e+00 6.335074e+00 1.000001e+00 9.999862e-01 1.000003e+00 1.000003e+00 1.195221e+00 3 0 -4.760487e-05 -3.045917e-04 -2.748724e-05 -1.553764e-04 2.771045e-04
3.235114e+00 4.358085e+00 9.998637e-01 9.998958e-01 9.999162e-01 9.998122e-01 1.195147e+00 3 0 7.201970e-05 1.881562e-04 2.040578e-04 7.692822e-04 1.590156e-05
3.159932e+00 4.711449e+00 1.000031e+00 9.999637e-01 1.000061e+00 1.000051e+00 1.195232e+00 3 0 1.302686e-04 1.708155e-04 -5.813079e-06 8.331292e-05 -1.766286e-04
3.000000e+00 5.380423e+00 9.999896e-01 9.999992e-01 9.999809e-01 9.999821e-01 1.195221e+00 3 0 -3.436004e-05 -8.384946e-06 -8.913051e-06 -1.222733e-04 -5.281058e-07
2.840068e+00 6.045558e+00 1.000004e+00 1.000004e+00 1.000010e+00 1.000008e+00 1.195234e+00 3 0 1.689030e-05 6.844844e-06 4.402737e-06 1.384729e-04 -2.442107e-06
2.764886e+00 6.394473e+00 1.000015e+00 9.999824e-01 1.000014e+00 1.000017e+00 1.195225e+00 3 0 2.062696e-05 -3.365767e-04 -3.416187e-05 -3.172042e-04 3.024148e-04
2.580460e+00 4.399489e+00 9.999963e-01 9.998333e-01 1.000089e+00 9.999380e-01 1.195217e+00 3 0 5.780870e-04 -1.291778e-04 -9.892099e-04 8.545840e-05 -8.600322e-04
2.505278e+00 4.745344e+00 1.000050e+00 9.998570e-01 1.000074e+00 1.000060e+00 1.195181e+00 3 0 2.191406e-04 3.180570e-04 -7.441859e-05 -1.885990e-04 -3.924756e-04
2.345346e+00 5.398113e+00 9.999716e-01 1.000021e+00 9.999747e-01 9.999666e-01 1.195229e+00 3 0 -1.637598e-05 1.079231e-04 3.874428e-05 -2.036050e-05 -6.917879e-05
2.185414e+00 6.046865e+00 1.000031e+00 9.999946e-01 1.000031e+00 1.000038e+00 1.195240e+00 3 0 1.442615e-05 -1.307699e-04 -8.246714e-05 6.818201e-05 4.830281e-05
2.110232e+00 6.388065e+00 9.999795e-01 9.999489e-01 1.000002e+00 9.999801e-01 1.195199e+00 3 0 5.576185e-05 -4.276634e-04 1.194367e-04 -5.275418e-04 5.471001e-04
2.235114e+00 4.394473e+00 1.000394e+00 9.993338e-01 1.000697e+00 1.000434e+00 1.195223e+00 3 0 2.959193e-03 1.517570e-03 -2.644813e-03 -2.686415e-03 -4.162384e-03
2.159932e+00 4.736250e+00 1.000155e+00 9.997681e-01 1.000125e+00 1.000167e+00 1.195158e+00 3 0 2.112114e-04 1.023301e-03 -1.354006e-04 -1.048232e-03 -1.158701e-03
2.000000e+00 5.380423e+00 9.999042e-01 1.000015e+00 9.999509e-01 9.998870e-01 1.195219e+00 3 0 6.417874e-05 -1.628214e-05 7.091345e-05 2.179973e-04 8.719559e-05
1.840068e+00 6.020757e+00 1.000102e+00 9.999945e-01 1.000071e+00 1.000126e+00 1.195254e+00 3 0 -1.456196e-05 3.010701e-05 -1.172563e-04 -7.522766e-05 -1.473633e-04
1.764886e+00 6.358085e+00 9.998976e-01 9.999607e-01 9.999524e-01 9.998804e-01 1.195187e+00 3 0 -6.905042e-05 -9.196052e-04 3.052533e-04 -1.060426e-03 1.224858e-03
VARIABLES = "X", "Y", "ro", "u", "v", "pre", "Ma", "PART", "IMEX", "Ux", "Uy", "Vx", "Vy", "Vort" 
ZONE I=5, J=5, DATAPACKING=POINT
3.764886e+00 6.280185e+00 9.999875e-01 9.999739e-01 1.000000e+00 9.999824e-01 1.195216e+00 3 0 7.963422e-05 9.582212e-05 -1.015999e-05 -1.406614e-05 -1.059821e-04
3.700730e+00 6.636808e+00 1.000006e+00 1.000009e+00 9.999997e-01 1.000009e+00 1.195233e+00 3 0 -3.203641e-06 3.434452e-05 1.062606e-05 4.897572e-06 -2.371846e-05
3.619577e+00 7.305046e+00 9.999944e-01 9.999916e-01 1.000001e+00 9.999924e-01 1.195225e+00 3 0 4.760772e-06 -2.761343e-05 -8.493787e-06 -5.685106e-06 1.911965e-05
3.601887e+00 7.962557e+00 1.000006e+00 1.000009e+00 9.999977e-01 1.000008e+00 1.195232e+00 3 0 -6.674648e-06 3.332415e-05 1.357136e-05 1.289395e-05 -1.975278e-05
3.619577e+00 8.305046e+00 9.999806e-01 9.999789e-01 1.000015e+00 9.999742e-01 1.195229e+00 3 0 -6.987832e-05 -4.943992e-04 -1.493516e-05 1.414855e-04 4.794640e-04
3.419540e+00 6.335074e+00 9.999895e-01 9.999646e-01 9.999956e-01 9.999869e-01 1.195206e+00 3 0 2.517921e-05 1.046842e-04 1.247595e-05 -2.206321e-05 -9.220829e-05
3.355384e+00 6.688952e+00 1.000003e+00 1.000012e+00 1.000001e+00 1.000004e+00 1.195235e+00 3 0 1.664908e-07 5.159548e-05 -7.977314e-06 8.614321e-06 -5.957279e-05
3.274231e+00 7.353597e+00 9.999964e-01 9.999882e-01 9.999984e-01 9.999949e-01 1.195222e+00 3 0 4.092636e-06 -3.946351e-05 1.337309e-05 -8.591656e-06 5.283660e-05
3.256541e+00 8.010307e+00 1.000003e+00 1.000015e+00 9.999999e-01 1.000005e+00 1.195236e+00 3 0 -9.328071e-06 4.930682e-05 -1.499175e-05 1.599995e-05 -6.429857e-05
3.274231e+00 8.353597e+00 9.999852e-01 9.999691e-01 1.000004e+00 9.999785e-01 1.195216e+00 3 0 -4.834196e-05 -7.808403e-04 6.158871e-05 -2.525656e-05 8.424290e-04
2.764886e+00 6.394473e+00 9.999975e-01 9.999485e-01 9.999965e-01 9.999908e-01 1.195200e+00 3 0 7.162078e-05 1.741722e-04 -9.559389e-06 -7.917080e-05 -1.837316e-04
2.700730e+00 6.742169e+00 1.000006e+00 1.000024e+00 1.000003e+00 1.000009e+00 1.195243e+00 3 0 -3.715179e-05 7.253125e-05 5.754958e-06 1.142725e-05 -6.677630e-05
2.619577e+00 7.398872e+00 9.999913e-01 9.999772e-01 9.999922e-01 9.999871e-01 1.195213e+00 3 0 2.834416e-05 -6.227866e-05 -1.281031e-06 -1.717506e-05 6.099762e-05
2.601887e+00 8.053835e+00 1.000009e+00 1.000032e+00 1.000009e+00 1.000014e+00 1.195250e+00 3 0 -4.005024e-05 6.013187e-05 -1.664459e-06 4.440053e-05 -6.179633e-05
2.619577e+00 8.398872e+00 9.999539e-01 9.999070e-01 1.000001e+00 9.999337e-01 1.195186e+00 3 0 1.133429e-04 -1.843220e-03 -9.258445e-05 -2.930799e-04 1.750636e-03
2.110232e+00 6.388065e+00 9.999514e-01 9.998867e-01 9.999614e-01 9.999391e-01 1.195145e+00 3 0 8.445653e-05 4.950497e-04 1.702181e-04 -1.204383e-04 -3.248315e-04
2.046076e+00 6.729187e+00 1.000012e+00 1.000059e+00 1.000001e+00 1.000017e+00 1.195261e+00 3 0 -6.559033e-05 1.586212e-04 -2.160217e-05 1.078809e-04 -1.802234e-04
1.964923e+00 7.377606e+00 9.999849e-01 9.999492e-01 9.999939e-01 9.999781e-01 1.195199e+00 3 0 5.837460e-05 -1.421588e-04 1.601576e-05 -8.360724e-05 1.581746e-04
1.947233e+00 8.030770e+00 1.000013e+00 1.000069e+00 1.000008e+00 1.000019e+00 1.195271e+00 3 0 -7.439060e-05 1.320072e-04 -2.479691e-05 1.687545e-04 -1.568041e-04
1.964923e+00 8.377606e+00 9.999052e-01 9.997951e-01 1.000069e+00 9.998624e-01 1.195173e+00 3 0 4.879383e-04 -4.053495e-03 5.053430e-06 -2.583755e-04 4.058548e-03
1.764886e+00 6.358085e+00 9.998611e-01 9.998612e-01 9.998731e-01 9.998169e-01 1.195096e+00 3 0 -3.132625e-05 3.512357e-04 2.918032e-04 2.037322e-04 -5.943246e-05
1.700730e+00 6.695957e+00 1.000009e+00 1.000068e+00 1.000015e+00 1.000017e+00 1.195273e+00 3 0 4.004168e-06 2.472922e-04 -9.903550e-05 2.165668e-04 -3.463277e-04
1.619577e+00 7.340342e+00 9.999884e-01 9.999371e-01 9.999824e-01 9.999779e-01 1.195187e+00 3 0 2.312953e-05 -2.065166e-04 8.328539e-05 -1.391913e-04 2.898020e-04
1.601887e+00 7.992639e+00 1.000007e+00 1.000087e+00 1.000021e+00 1.000019e+00 1.195286e+00 3 0 -4.078429e-05 2.101855e-04 -1.029372e-04 2.074657e-04 -3.131227e-04
1.619577e+00 8.340342e+00 9.999540e-01 9.997620e-01 1.000013e+00 9.998998e-01 1.195127e+00 3 0 6.830256e-04 -5.200120e-03 5.627448e-04 -1.176640e-03 5.762865e-03
VARIABLES = "X", "Y", "ro", "u", "v", "pre", "Ma", "PART", "IMEX", "Ux", "Uy", "Vx", "Vy", "Vort" 
ZONE I=5, J=5, DATAPACKING=POINT
6.000000e+00 -2.351141e-01 1.000107e+00 1.000334e+00 9.997812e-01 1.000139e+00 1.195279e+00 3 0 -1.440234e-03 8.927202e-04 2.088453e-03 -1.493271e-04 1.195733e-03
6.086115e+00 9.307486e-02 1.000083e+00 1.000181e+00 9.999381e-01 1.000078e+00 1.195302e+00 3 0 -2.716645e-03 -4.222435e-04 -5.591572e-04 5.425431e-04 -1.369137e-04
6.235114e+00 7.198151e-01 1.000500e+00 9.995196e-01 1.000058e+00 1.000680e+00 1.194868e+00 3 0 -2.485616e-03 6.241721e-05 -1.795784e-03 3.779441e-04 -1.858201e-03
6.344891e+00 1.355460e+00 1.000280e+00 9.997599e-01 9.999982e-01 1.000371e+00 1.195029e+00 3 0 4.986719e-04 8.699009e-04 1.009665e-04 -1.347837e-04 -7.689345e-04
6.380423e+00 1.694954e+00 9.999858e-01 1.000028e+00 9.999655e-01 9.999663e-01 1.195237e+00 3 0 3.886666e-04 4.703075e-04 2.193065e-05 -8.842744e-05 -4.483768e-04
5.654654e+00 -1.599319e-01 9.999846e-01 9.999451e-01 1.000098e+00 1.000030e+00 1.195227e+00 3 0 1.634739e-03 -7.591515e-04 -1.154903e-03 6.248241e-04 -3.957514e-04
5.740769e+00 1.658199e-01 9.999814e-01 1.000003e+00 1.000128e+00 1.000040e+00 1.195272e+00 3 0 1.658734e-03 5.998937e-05 7.929866e-05 -3.856523e-05 1.930929e-05
5.889768e+00 7.878450e-01 9.997934e-01 1.000270e+00 1.000070e+00 9.997374e-01 1.195465e+00 3 0 -3.391988e-04 1.881205e-04 5.615892e-04 -2.364037e-04 3.734687e-04
5.999545e+00 1.419632e+00 9.998444e-01 1.000092e+00 1.000018e+00 9.997863e-01 1.195329e+00 3 0 -7.938715e-04 -4.121045e-04 -2.287241e-04 4.239695e-06 1.833805e-04
6.035077e+00 1.757812e+00 9.999681e-01 9.999579e-01 1.000028e+00 9.999602e-01 1.195225e+00 3 0 -1.319339e-05 -1.845561e-04 -1.842624e-04 1.274496e-04 2.936495e-07
5.000000e+00 2.143592e-08 1.000017e+00 1.000060e+00 1.000100e+00 9.999667e-01 1.195355e+00 3 0 -1.820743e-03 6.051507e-04 2.912560e-05 -5.542946e-04 -5.760251e-04
5.086115e+00 3.237134e-01 9.999874e-01 9.999559e-01 1.000006e+00 9.999129e-01 1.195250e+00 3 0 -1.626203e-03 -1.486120e-04 -8.082812e-04 6.933200e-05 -6.596692e-04
5.235114e+00 9.411241e-01 1.000152e+00 9.996879e-01 9.999959e-01 1.000183e+00 1.195021e+00 3 0 1.915914e-04 -1.081593e-04 -7.529725e-04 2.031828e-04 -6.448132e-04
5.344891e+00 1.568650e+00 1.000137e+00 9.998960e-01 1.000010e+00 1.000187e+00 1.195142e+00 3 0 5.898489e-04 4.714235e-04 1.883478e-04 -4.913368e-05 -2.830757e-04
5.380423e+00 1.905297e+00 1.000033e+00 1.000033e+00 9.999858e-01 1.000042e+00 1.195234e+00 3 0 -4.391318e-05 1.705890e-04 1.686784e-04 -1.505760e-04 -1.910633e-06
4.345346e+00 1.599320e-01 9.999862e-01 1.000214e+00 1.003300e+00 1.000086e+00 1.197270e+00 3 0 3.206641e-03 -1.941389e-03 -1.225122e-02 1.836215e-03 -1.030983e-02
4.431461e+00 4.852157e-01 1.000068e+00 1.000186e+00 1.002623e+00 1.000250e+00 1.196799e+00 3 0 2.577479e-03 -2.074658e-04 -7.846937e-03 -2.492128e-04 -7.639471e-03
4.580460e+00 1.104225e+00 9.998035e-01 1.000422e+00 1.001302e+00 9.998230e-01 1.196248e+00 3 0 6.250253e-04 -2.423448e-04 -3.806555e-03 -9.491711e-04 -3.564210e-03
4.690237e+00 1.732015e+00 9.998060e-01 1.000014e+00 1.000497e+00 9.997432e-01 1.195572e+00 3 0 5.226304e-04 -9.454608e-04 -2.849105e-03 -4.904736e-04 -1.903644e-03
4.725769e+00 2.068581e+00 9.999533e-01 9.998217e-01 1.000251e+00 9.999320e-01 1.195285e+00 3 0 8.694192e-04 -2.079154e-04 -1.600716e-03 -5.362810e-04 -1.392800e-03
4.000000e+00 2.351141e-01 9.974482e-01 9.978712e-01 1.009530e+00 9.958173e-01 1.200654e+00 3 0 3.676665e-03 2.224974e-03 -1.789590e-02 -7.950700e-03 -2.012088e-02
4.086115e+00 5.626149e-01 9.989647e-01 9.985170e-01 1.005968e+00 9.980125e-01 1.198489e+00 3 0 -2.931822e-04 3.553668e-05 -1.038915e-02 -5.553133e-03 -1.042469e-02
4.235114e+00 1.184922e+00 1.000655e+00 9.977442e-01 1.003124e+00 1.000890e+00 1.195611e+00 3 0 2.701823e-02 -6.759956e-03 -1.011647e-02 2.247879e-04 -3.356512e-03
4.344891e+00 1.814691e+00 1.000382e+00 9.982893e-01 1.002178e+00 1.000731e+00 1.195302e+00 3 0 2.051474e-02 5.913403e-05 -7.261280e-03 -1.224920e-03 -7.320414e-03
4.380423e+00 2.151813e+00 9.998805e-01 9.993494e-01 1.001046e+00 9.998760e-01 1.195468e+00 3 0 2.505350e-03 2.972495e-03 -3.278527e-03 -5.003330e-03 -6.251023e-03
VARIABLES = "X", "Y", "ro", "u", "v", "pre", "Ma", "PART", "IMEX", "Ux", "Uy", "Vx", "Vy", "Vort" 
ZONE I=5, J=5, DATAPACKING=POINT
6.380423e+00 1.694954e+00 9.999653e-01 1.000045e+00 9.999612e-01 9.999384e-01 1.195248e+00 3 0 1.956592e-04 3.182526e-05 -4.874119e-05 1.027547e-04 -8.056645e-05
6.398113e+00 2.037443e+00 9.999786e-01 1.000025e+00 9.999930e-01 9.999719e-01 1.195243e+00 3 0 3.415881e-04 -7.164993e-05 -2.322652e-04 7.168001e-05 -1.606153e-04
6.380423e+00 2.694954e+00 1.000005e+00 1.000002e+00 1.000011e+00 1.000004e+00 1.195237e+00 3 0 3.034778e-04 1.786051e-05 1.462124e-04 1.261981e-05 1.283519e-04
6.299270e+00 3.363192e+00 9.999974e-01 1.000001e+00 1.000008e+00 9.999967e-01 1.195234e+00 3 0 3.874684e-05 -7.440348e-06 1.498100e-04 1.784466e-05 1.572504e-04
6.235114e+00 3.719815e+00 1.000003e+00 9.999919e-01 1.000005e+00 1.000005e+00 1.195226e+00 3 0 1.835809e-05 -3.047252e-05 1.552422e-04 2.012824e-05 1.857148e-04
6.035077e+00 1.757812e+00 9.999780e-01 9.999527e-01 1.000031e+00 9.999743e-01 1.195221e+00 3 0 9.279163e-05 -6.489307e-05 -1.838134e-04 5.662298e-06 -1.189203e-04
6.052767e+00 2.099634e+00 9.999777e-01 9.999551e-01 1.000018e+00 9.999681e-01 1.195218e+00 3 0 2.394332e-05 3.267832e-05 2.786455e-05 -4.466030e-05 -4.813773e-06
6.035077e+00 2.757812e+00 9.999835e-01 9.999827e-01 9.999973e-01 9.999776e-01 1.195220e+00 3 0 -4.552601e-05 3.251436e-05 1.885534e-05 -1.200326e-05 -1.365903e-05
5.953924e+00 3.429006e+00 1.000001e+00 9.999980e-01 9.999966e-01 1.000002e+00 1.195225e+00 3 0 -8.260325e-06 1.132478e-05 4.438764e-06 4.609125e-06 -6.886013e-06
5.889768e+00 3.787845e+00 9.999980e-01 1.000002e+00 9.999965e-01 9.999965e-01 1.195228e+00 3 0 -3.635887e-05 3.205093e-06 -2.015585e-05 -1.220058e-05 -2.336094e-05
5.380423e+00 1.905297e+00 1.000023e+00 1.000038e+00 9.999837e-01 1.000028e+00 1.195238e+00 3 0 -1.307748e-04 7.026186e-05 1.646764e-04 -5.698872e-05 9.441453e-05
5.398113e+00 2.246329e+00 1.000026e+00 1.000040e+00 9.999825e-01 1.000037e+00 1.195235e+00 3 0 -7.351464e-05 -1.370362e-05 -1.424054e-05 1.752140e-05 -5.369290e-07
5.380423e+00 2.905297e+00 1.000019e+00 1.000020e+00 9.999982e-01 1.000025e+00 1.195236e+00 3 0 -5.224728e-06 -3.442224e-05 -2.922835e-05 1.586528e-05 5.193892e-06
5.299270e+00 3.579882e+00 9.999989e-01 1.000002e+00 1.000002e+00 9.999987e-01 1.195231e+00 3 0 1.003674e-05 -1.549168e-05 -9.625105e-06 -3.642341e-06 5.866580e-06
5.235114e+00 3.941124e+00 1.000002e+00 9.999986e-01 1.000002e+00 1.000003e+00 1.195228e+00 3 0 4.058624e-05 3.346313e-06 2.133451e-05 9.700869e-06 1.798819e-05
4.725769e+00 2.068581e+00 9.999717e-01 9.998084e-01 1.000245e+00 9.999565e-01 1.195270e+00 3 0 1.020805e-03 8.809492e-05 -1.476577e-03 -5.142281e-04 -1.564672e-03
4.743459e+00 2.409543e+00 9.999421e-01 9.998836e-01 1.000115e+00 9.999160e-01 1.195243e+00 3 0 4.926762e-04 1.806879e-04 -4.667820e-04 -2.039726e-04 -6.474699e-04
4.725769e+00 3.068581e+00 9.999762e-01 9.999641e-01 1.000053e+00 9.999690e-01 1.195243e+00 3 0 1.659863e-04 7.414153e-05 -1.403854e-04 -6.371745e-05 -2.145269e-04
4.644616e+00 3.743231e+00 1.000003e+00 9.999882e-01 1.000007e+00 1.000002e+00 1.195226e+00 3 0 -2.680324e-06 2.136272e-05 -2.398153e-05 -7.533593e-05 -4.534425e-05
4.580460e+00 4.104225e+00 9.999838e-01 9.999917e-01 9.999905e-01 9.999771e-01 1.195222e+00 3 0 -6.029465e-05 -4.514129e-05 -2.217532e-05 -2.262686e-05 2.296598e-05
4.380423e+00 2.151813e+00 9.998698e-01 9.993659e-01 1.000951e+00 9.998576e-01 1.195426e+00 3 0 1.213719e-03 2.147556e-03 -2.553640e-03 -3.410862e-03 -4.701196e-03
4.398113e+00 2.493037e+00 9.998605e-01 9.998055e-01 1.000303e+00 9.997733e-01 1.195345e+00 3 0 -9.324595e-04 6.429802e-04 -9.267160e-04 -9.532514e-04 -1.569696e-03
4.380423e+00 3.151813e+00 9.999985e-01 9.999079e-01 1.000092e+00 1.000013e+00 1.195220e+00 3 0 2.542073e-04 5.630914e-05 -5.124647e-05 -9.118894e-05 -1.075556e-04
4.299270e+00 3.825132e+00 1.000015e+00 1.000015e+00 1.000006e+00 1.000015e+00 1.195242e+00 3 0 -1.940634e-04 1.599607e-04 -2.868049e-05 -1.094063e-04 -1.886412e-04
4.235114e+00 4.184922e+00 1.000023e+00 1.000021e+00 1.000012e+00 1.000028e+00 1.195245e+00 3 0 -2.658121e-05 -3.193730e-04 -4.166192e-05 1.620191e-04 2.777111e-04
VARIABLES = "X", "Y", "ro", "u", "v", "pre", "Ma", "PART", "IMEX", "Ux", "Uy", "Vx", "Vy", "Vort" 
ZONE I=5, J=5, DATAPACKING=POINT
6.235114e+00 3.719815e+00 1.000001e+00 9.999914e-01 1.000005e+00 1.000003e+00 1.195226e+00 3 0 1.448282e-05 3.355855e-05 1.611746e-04 1.766213e-05 1.276161e-04
6.159932e+00 4.078954e+00 1.000001e+00 9.999989e-01 1.000002e+00 1.000001e+00 1.195229e+00 3 0 3.407282e-06 1.126286e-05 7.897139e-05 1.260905e-05 6.770852e-05
6.000000e+00 4.764886e+00 1.000001e+00 9.999998e-01 1.000001e+00 1.000001e+00 1.195229e+00 3 0 -5.918948e-06 -3.615496e-06 1.365631e-05 2.148792e-06 1.727181e-05
5.840068e+00 5.453190e+00 9.999996e-01 9.999999e-01 9.999996e-01 9.999993e-01 1.195228e+00 3 0 -2.596084e-06 1.471091e-06 -9.440702e-07 -1.392925e-06 -2.415161e-06
5.764886e+00 5.815078e+00 1.000000e+00 1.000000e+00 1.000000e+00 1.000000e+00 1.195229e+00 3 0 7.699175e-06 -2.865305e-06 5.893696e-06 8.572785e-06 8.759000e-06
5.889768e+00 3.787845e+00 9.999981e-01 1.000002e+00 9.999962e-01 9.999967e-01 1.195228e+00 3 0 -3.887175e-05 -2.013351e-05 -1.921168e-05 -1.334728e-06 9.218294e-07
5.814586e+00 4.149440e+00 9.999983e-01 9.999995e-01 9.999977e-01 9.999979e-01 1.195227e+00 3 0 -6.272701e-06 -3.324330e-06 -8.344363e-06 2.338030e-06 -5.020033e-06
5.654654e+00 4.840068e+00 1.000000e+00 1.000000e+00 9.999997e-01 9.999999e-01 1.195229e+00 3 0 1.563166e-06 2.006159e-06 8.411383e-07 1.775979e-06 -1.165021e-06
5.494722e+00 5.532309e+00 1.000000e+00 1.000000e+00 1.000000e+00 1.000000e+00 1.195229e+00 3 0 -1.006829e-06 -2.144868e-06 -1.665064e-06 -7.617445e-07 4.798040e-07
5.419540e+00 5.895775e+00 9.999995e-01 9.999994e-01 9.999997e-01 9.999992e-01 1.195228e+00 3 0 -2.306779e-06 -3.469881e-06 -1.091167e-06 -3.325205e-06 2.378714e-06
5.235114e+00 3.941124e+00 1.000001e+00 9.999979e-01 1.000002e+00 1.000002e+00 1.195228e+00 3 0 4.839097e-05 3.325311e-05 2.445136e-05 1.077053e-05 -8.801755e-06
5.159932e+00 4.305218e+00 1.000003e+00 1.000002e+00 1.000003e+00 1.000004e+00 1.195231e+00 3 0 1.288483e-06 1.311172e-06 3.534480e-06 -1.719972e-06 2.223309e-06
5.000000e+00 5.000000e+00 9.999993e-01 9.999988e-01 1.000000e+00 9.999992e-01 1.195228e+00 3 0 4.322296e-07 -3.681245e-06 -1.219578e-06 -2.977674e-06 2.461667e-06
4.840068e+00 5.694782e+00 1.000000e+00 1.000001e+00 9.999998e-01 1.000000e+00 1.195229e+00 3 0 2.578442e-07 5.237414e-06 2.901934e-06 2.539217e-06 -2.335479e-06
4.764886e+00 6.058876e+00 1.000000e+00 9.999998e-01 1.000001e+00 1.000000e+00 1.195229e+00 3 0 -3.307090e-06 -2.405554e-05 -1.750941e-07 8.245616e-06 2.388045e-05
4.580460e+00 4.104225e+00 9.999799e-01 9.999870e-01 9.999872e-01 9.999721e-01 1.195218e+00 3 0 -3.265670e-05 9.581032e-06 -6.007628e-06 2.971062e-05 -1.558866e-05
4.505278e+00 4.467691e+00 9.999976e-01 9.999979e-01 9.999987e-01 9.999973e-01 1.195227e+00 3 0 1.121574e-05 2.122887e-05 -1.131975e-06 1.749377e-05 -2.236085e-05
4.345346e+00 5.159932e+00 1.000000e+00 9.999991e-01 1.000000e+00 9.999997e-01 1.195228e+00 3 0 -1.023978e-06 -4.823515e-06 -1.203831e-07 -5.954724e-06 4.703132e-06
4.185414e+00 5.850560e+00 1.000000e+00 1.000002e+00 9.999992e-01 1.000001e+00 1.195229e+00 3 0 -3.108405e-06 4.307559e-06 -1.946347e-06 4.978459e-06 -6.253906e-06
4.110232e+00 6.212155e+00 9.999979e-01 9.999954e-01 1.000001e+00 9.999967e-01 1.195227e+00 3 0 -1.221304e-05 -1.044866e-04 2.026089e-06 2.540540e-06 1.065127e-04
4.235114e+00 4.184922e+00 1.000027e+00 1.000011e+00 1.000010e+00 1.000039e+00 1.195234e+00 3 0 1.015043e-05 -1.120722e-04 -1.017320e-04 -3.549347e-05 1.034019e-05
4.159932e+00 4.546810e+00 1.000004e+00 9.999998e-01 1.000006e+00 1.000009e+00 1.195229e+00 3 0 -3.998253e-05 -1.784946e-05 -3.375936e-05 -2.022651e-05 -1.590989e-05
4.000000e+00 5.235114e+00 9.999988e-01 9.999974e-01 9.999988e-01 9.999971e-01 1.195227e+00 3 0 2.331656e-05 7.338537e-06 8.694277e-06 -1.959503e-06 1.355740e-06
3.840068e+00 5.921046e+00 1.000003e+00 1.000005e+00 1.000002e+00 1.000006e+00 1.195231e+00 3 0 -2.619669e-05 -9.305572e-07 -1.067462e-05 4.475067e-06 -9.744060e-06
3.764886e+00 6.280185e+00 9.999934e-01 9.999913e-01 1.000001e+00 9.999897e-01 1.195226e+00 3 0 -1.737157e-05 -1.908226e-04 -7.009412e-06 -3.048218e-05 1.838132e-04
VARIABLES = "X", "Y", "ro", "u", "v", "pre", "Ma", "PART", "IMEX", "Ux", "Uy", "Vx", "Vy", "Vort" 
ZONE I=5, J=5, DATAPACKING=POINT
5.764886e+00 5.815078e+00 1.000000e+00 9.999997e-01 1.000001e+00 1.000000e+00 1.195229e+00 3 0 1.199230e-05 2.542727e-06 9.600188e-06 1.649964e-06 7.057461e-06
5.700730e+00 6.174868e+00 1.000000e+00 1.000000e+00 1.000000e+00 1.000000e+00 1.195229e+00 3 0 -4.201219e-06 -1.996595e-07 -2.280847e-06 -1.099279e-06 -2.081187e-06
5.619577e+00 6.848187e+00 9.999999e-01 9.999999e-01 1.000000e+00 9.999998e-01 1.195229e+00 3 0 3.241528e-06 -2.728339e-07 2.057799e-06 3.721389e-07 2.330633e-06
5.601887e+00 7.506963e+00 1.000000e+00 1.000000e+00 1.000000e+00 1.000000e+00 1.195229e+00 3 0 -3.839602e-06 7.033264e-07 -2.429627e-06 -2.886142e-07 -3.132953e-06
5.619577e+00 7.848187e+00 9.999996e-01 9.999999e-01 1.000000e+00 9.999995e-01 1.195229e+00 3 0 5.999509e-06 -6.120898e-06 7.506143e-06 7.895526e-07 1.362704e-05
5.419540e+00 5.895775e+00 9.999991e-01 9.999990e-01 9.999995e-01 9.999986e-01 1.195228e+00 3 0 -1.156130e-06 4.643059e-06 -4.888430e-07 1.576396e-06 -5.131902e-06
5.355384e+00 6.256769e+00 1.000000e+00 1.000000e+00 1.000000e+00 1.000000e+00 1.195229e+00 3 0 1.573178e-06 1.269424e-06 1.385654e-06 9.196124e-07 1.162297e-07
5.274231e+00 6.931419e+00 9.999998e-01 9.999997e-01 1.000000e+00 9.999997e-01 1.195228e+00 3 0 -1.152797e-06 -9.820430e-07 -9.515271e-07 -4.657968e-07 3.051592e-08
5.256541e+00 7.590457e+00 1.000000e+00 1.000000e+00 1.000000e+00 1.000000e+00 1.195229e+00 3 0 1.367024e-06 1.073149e-06 1.044639e-06 4.088903e-07 -2.850959e-08
5.274231e+00 7.931419e+00 9.999996e-01 9.999994e-01 1.000000e+00 9.999994e-01 1.195228e+00 3 0 -5.889823e-06 -1.491886e-05 -3.766523e-06 -1.312499e-06 1.115233e-05
4.764886e+00 6.058876e+00 9.999992e-01 9.999982e-01 1.000002e+00 9.999991e-01 1.195229e+00 3 0 1.020717e-05 4.509244e-06 -5.041358e-06 -7.630508e-06 -9.550602e-06
4.700730e+00 6.420118e+00 1.000000e+00 1.000001e+00 9.999995e-01 1.000001e+00 1.195229e+00 3 0 -3.783315e-06 2.140582e-06 -8.987825e-07 -2.269222e-06 -3.039364e-06
4.619577e+00 7.094703e+00 9.999997e-01 9.999995e-01 1.000000e+00 9.999996e-01 1.195229e+00 3 0 3.065950e-06 -2.161544e-06 3.000312e-07 1.493668e-06 2.461575e-06
4.601887e+00 7.753671e+00 1.000000e+00 1.000000e+00 9.999993e-01 1.000000e+00 1.195228e+00 3 0 -3.137720e-06 2.928238e-06 4.554720e-08 -2.047243e-06 -2.882690e-06
4.619577e+00 8.094703e+00 9.999990e-01 9.999990e-01 1.000001e+00 9.999988e-01 1.195229e+00 3 0 1.111498e-06 -2.895529e-05 8.349810e-06 2.952892e-05 3.730510e-05
4.110232e+00 6.212155e+00 9.999919e-01 9.999857e-01 1.000001e+00 9.999880e-01 1.195223e+00 3 0 4.099774e-05 5.888840e-05 4.980118e-06 -1.219207e-06 -5.390828e-05
4.046076e+00 6.570994e+00 1.000004e+00 1.000006e+00 1.000000e+00 1.000006e+00 1.195232e+00 3 0 -8.166904e-06 1.663096e-05 -1.246866e-06 -1.860571e-06 -1.787783e-05
3.964923e+00 7.242188e+00 9.999964e-01 9.999943e-01 1.000000e+00 9.999948e-01 1.195226e+00 3 0 7.334352e-06 -1.629559e-05 9.193652e-08 -6.665318e-07 1.638753e-05
3.947233e+00 7.900366e+00 1.000004e+00 1.000006e+00 9.999991e-01 1.000006e+00 1.195231e+00 3 0 -8.460743e-06 2.103115e-05 1.772263e-06 1.843651e-06 -1.925889e-05
3.964923e+00 8.242189e+00 9.999901e-01 9.999863e-01 1.000004e+00 9.999857e-01 1.195225e+00 3 0 -3.642723e-05 -3.199802e-04 -6.352930e-06 5.213365e-05 3.136273e-04
3.764886e+00 6.280185e+00 9.999854e-01 9.999749e-01 9.999989e-01 9.999788e-01 1.195217e+00 3 0 5.676392e-05 9.227338e-05 -7.013548e-07 -6.812929e-06 -9.297474e-05
3.700730e+00 6.636808e+00 1.000007e+00 1.000010e+00 9.999999e-01 1.000009e+00 1.195233e+00 3 0 3.476825e-06 3.332970e-05 6.273950e-06 5.147346e-06 -2.705575e-05
3.619577e+00 7.305046e+00 9.999944e-01 9.999910e-01 1.000001e+00 9.999924e-01 1.195225e+00 3 0 -3.059359e-07 -2.767961e-05 -5.233035e-06 -5.932873e-06 2.244658e-05
3.601887e+00 7.962557e+00 1.000006e+00 1.000010e+00 9.999978e-01 1.000008e+00 1.195232e+00 3 0 1.684444e-06 3.342234e-05 9.386000e-06 1.390604e-05 -2.403634e-05
3.619577e+00 8.305046e+00 9.999808e-01 9.999773e-01 1.000015e+00 9.999745e-01 1.195228e+00 3 0 -7.254331e-05 -5.246579e-04 -2.874150e-05 1.444130e-04 4.959164e-04
VARIABLES = "X", "Y", "ro", "u", "v", "pre", "Ma", "PART", "IMEX", "Ux", "Uy", "Vx", "Vy", "Vort" 
ZONE I=5, J=5, DATAPACKING=POINT
8.000000e+00 -3.804226e-01 9.999589e-01 1.000161e+00 1.000203e+00 9.999895e-01 1.195428e+00 3 0 2.471951e-03 -9.053259e-04 5.449086e-03 -4.976487e-04 6.354412e-03
8.086115e+00 -2.783504e-02 1.000055e+00 1.000027e+00 1.000359e+00 1.000067e+00 1.195452e+00 3 0 1.368052e-03 -7.256308e-04 7.332913e-03 -1.656229e-03 8.058544e-03
8.235114e+00 6.419145e-01 1.000095e+00 9.998569e-01 1.000226e+00 1.000087e+00 1.195283e+00 3 0 -1.013212e-03 1.480099e-04 3.478669e-03 -1.025889e-03 3.330659e-03
8.344891e+00 1.309705e+00 9.999968e-01 9.999435e-01 1.000057e+00 9.999673e-01 1.195246e+00 3 0 -9.332991e-04 3.414123e-04 7.022977e-04 -2.061219e-04 3.608855e-04
8.380423e+00 1.659658e+00 9.999722e-01 1.000002e+00 1.000043e+00 9.999454e-01 1.195271e+00 3 0 -4.420390e-04 9.434112e-05 7.112557e-04 -2.233403e-05 6.169146e-04
7.654654e+00 -3.981130e-01 9.999926e-01 9.999387e-01 9.999073e-01 9.999751e-01 1.195147e+00 3 0 -2.176696e-05 9.630544e-05 -3.441238e-04 -1.863191e-04 -4.404292e-04
7.740769e+00 -5.008561e-02 9.999824e-01 9.999856e-01 9.998753e-01 9.999794e-01 1.195147e+00 3 0 -5.035935e-05 1.621503e-04 -2.189163e-04 8.525361e-05 -3.810665e-04
7.889768e+00 6.119352e-01 9.999791e-01 1.000057e+00 9.999509e-01 9.999852e-01 1.195229e+00 3 0 -1.233191e-04 6.276285e-05 9.032113e-05 1.075633e-04 2.755827e-05
7.999545e+00 1.274196e+00 1.000010e+00 1.000034e+00 9.999986e-01 1.000025e+00 1.195239e+00 3 0 -1.385071e-05 -7.612322e-05 7.504252e-05 6.247240e-06 1.511657e-04
8.035077e+00 1.622394e+00 1.000015e+00 1.000011e+00 9.999992e-01 1.000028e+00 1.195227e+00 3 0 7.294305e-05 -4.367942e-05 3.055370e-05 -6.812094e-06 7.423312e-05
7.000000e+00 -3.804226e-01 9.999957e-01 1.000044e+00 1.000073e+00 1.000006e+00 1.195292e+00 3 0 6.363403e-05 -1.263664e-04 2.828843e-04 1.347141e-04 4.092507e-04
7.086115e+00 -4.120470e-02 1.000003e+00 9.999946e-01 1.000094e+00 1.000003e+00 1.195282e+00 3 0 6.625219e-05 -1.625375e-04 2.152806e-04 -8.423681e-05 3.778182e-04
7.235114e+00 6.055272e-01 1.000012e+00 9.999363e-01 1.000033e+00 1.000007e+00 1.195213e+00 3 0 1.019357e-04 -3.707770e-05 -1.876513e-05 -9.778479e-05 1.831257e-05
7.344891e+00 1.256552e+00 9.999889e-01 9.999665e-01 9.999950e-01 9.999764e-01 1.195213e+00 3 0 3.769466e-05 7.512722e-05 -2.993740e-05 -7.932105e-06 -1.050646e-04
7.380423e+00 1.601128e+00 9.999845e-01 9.999887e-01 9.999948e-01 9.999731e-01 1.195226e+00 3 0 -3.831732e-05 3.897826e-05 1.768841e-06 3.885446e-06 -3.720942e-05
6.345346e+00 -2.992696e-01 9.999766e-01 9.999105e-01 9.999414e-01 9.999479e-01 1.195157e+00 3 0 -8.915296e-05 1.424289e-04 -3.001130e-04 -2.438940e-04 -4.425418e-04
6.431461e+00 3.216108e-02 9.999840e-01 9.999744e-01 9.998934e-01 9.999724e-01 1.195157e+00 3 0 -1.023839e-04 2.386019e-04 -1.275354e-04 1.539807e-05 -3.661373e-04
6.580460e+00 6.649256e-01 9.999728e-01 1.000069e+00 9.999522e-01 9.999694e-01 1.195243e+00 3 0 -1.024302e-04 7.337357e-05 1.313062e-04 9.755643e-05 5.793262e-05
6.690237e+00 1.305320e+00 1.000011e+00 1.000045e+00 1.000004e+00 1.000025e+00 1.195249e+00 3 0 -9.346892e-05 -7.896934e-05 4.714123e-05 2.037386e-05 1.261106e-04
6.725769e+00 1.646403e+00 1.000025e+00 1.000020e+00 1.000007e+00 1.000042e+00 1.195234e+00 3 0 -8.982864e-06 -3.703434e-05 -2.206806e-06 -6.716972e-06 3.482754e-05
6.000000e+00 -2.351141e-01 1.000156e+00 1.000207e+00 1.000061e+00 1.000183e+00 1.195372e+00 3 0 -2.364679e-03 7.139313e-04 1.231802e-03 -3.061561e-04 5.178710e-04
6.086115e+00 9.307486e-02 1.000128e+00 1.000080e+00 1.000049e+00 1.000102e+00 1.195322e+00 3 0 -1.041697e-03 -3.163079e-04 -4.866087e-05 -1.221775e-04 2.676471e-04
6.235114e+00 7.198151e-01 1.000162e+00 9.998048e-01 9.999397e-01 1.000176e+00 1.195067e+00 3 0 3.426776e-03 -8.293886e-04 -6.170948e-04 2.859451e-05 2.122938e-04
6.344891e+00 1.355460e+00 1.000090e+00 9.999397e-01 9.999544e-01 1.000103e+00 1.195157e+00 3 0 1.826469e-03 1.174787e-04 8.192227e-05 8.955421e-05 -3.555646e-05
6.380423e+00 1.694954e+00 1.000009e+00 1.000009e+00 9.999658e-01 9.999919e-01 1.195224e+00 3 0 -5.127780e-05 -4.528940e-05 2.947831e-04 -1.337559e-04 3.400725e-04
VARIABLES = "X", "Y", "ro", "u", "v", "pre", "Ma", "PART", "IMEX", "Ux", "Uy", "Vx", "Vy", "Vort" 
ZONE I=5, J=5, DATAPACKING=POINT
8.380423e+00 1.659658e+00 9.999703e-01 1.000003e+00 1.000043e+00 9.999436e-01 1.195272e+00 3 0 -4.546602e-04 8.172378e-05 7.358216e-04 -3.790804e-05 6.540978e-04
8.398113e+00 2.007361e+00 9.999839e-01 1.000014e+00 1.000044e+00 9.999697e-01 1.195271e+00 3 0 -8.180756e-05 2.187288e-05 8.024678e-04 -2.802497e-05 7.805949e-04
8.380423e+00 2.659658e+00 1.000005e+00 1.000014e+00 1.000034e+00 1.000004e+00 1.195258e+00 3 0 2.194948e-04 5.337952e-07 7.471077e-04 4.189080e-05 7.465739e-04
8.299270e+00 3.304043e+00 1.000012e+00 9.999987e-01 1.000023e+00 1.000017e+00 1.195239e+00 3 0 2.610574e-05 -1.770403e-05 5.424336e-04 7.223669e-05 5.601376e-04
8.235114e+00 3.641915e+00 1.000010e+00 9.999946e-01 1.000014e+00 1.000014e+00 1.195232e+00 3 0 -8.817703e-05 -1.798884e-05 3.348297e-04 3.420405e-05 3.528186e-04
8.035077e+00 1.622394e+00 1.000017e+00 1.000011e+00 9.999987e-01 1.000030e+00 1.195226e+00 3 0 8.116229e-05 -3.668614e-05 3.134174e-05 -3.021936e-05 6.802787e-05
8.052767e+00 1.969230e+00 1.000010e+00 1.000003e+00 9.999921e-01 1.000017e+00 1.195221e+00 3 0 3.865786e-05 -1.990712e-05 8.961648e-06 -1.393045e-05 2.886877e-05
8.035077e+00 2.622394e+00 9.999988e-01 9.999963e-01 9.999874e-01 9.999998e-01 1.195218e+00 3 0 -1.127632e-05 -1.457930e-06 -3.275070e-05 -4.427515e-06 -3.129277e-05
7.953924e+00 3.270813e+00 9.999959e-01 9.999997e-01 9.999895e-01 9.999942e-01 1.195223e+00 3 0 -8.782734e-06 6.674769e-06 -3.293801e-05 3.167582e-06 -3.961278e-05
7.889768e+00 3.611935e+00 9.999963e-01 1.000002e+00 9.999934e-01 9.999948e-01 1.195227e+00 3 0 -1.420347e-06 4.097675e-06 -2.304426e-05 8.866655e-06 -2.714194e-05
7.380423e+00 1.601128e+00 9.999832e-01 9.999891e-01 9.999952e-01 9.999714e-01 1.195226e+00 3 0 -4.623904e-05 3.527234e-05 1.979725e-06 2.783823e-05 -3.329262e-05
7.398113e+00 1.946165e+00 9.999905e-01 9.999975e-01 1.000003e+00 9.999847e-01 1.195232e+00 3 0 -1.967362e-05 1.965988e-05 1.039355e-05 1.678920e-05 -9.266335e-06
7.380423e+00 2.601128e+00 1.000002e+00 1.000004e+00 1.000010e+00 1.000001e+00 1.195237e+00 3 0 1.214621e-05 2.584138e-06 3.206816e-05 7.182282e-06 2.948402e-05
7.299270e+00 3.257831e+00 1.000004e+00 1.000001e+00 1.000009e+00 1.000006e+00 1.195234e+00 3 0 4.920968e-06 -6.500280e-06 2.662343e-05 -1.917628e-06 3.312371e-05
7.235114e+00 3.605527e+00 1.000003e+00 9.999993e-01 1.000006e+00 1.000005e+00 1.195231e+00 3 0 -6.379667e-07 -4.928212e-06 1.806876e-05 -6.131088e-06 2.299698e-05
6.725769e+00 1.646403e+00 1.000027e+00 1.000019e+00 1.000006e+00 1.000044e+00 1.195233e+00 3 0 3.395591e-06 -2.523530e-05 -1.867761e-06 -3.396112e-05 2.336754e-05
6.743459e+00 1.989693e+00 1.000018e+00 1.000011e+00 9.999975e-01 1.000027e+00 1.195228e+00 3 0 -1.725757e-05 -2.360218e-05 -1.051724e-05 -1.947537e-05 1.308494e-05
6.725769e+00 2.646403e+00 1.000001e+00 9.999986e-01 9.999899e-01 1.000003e+00 1.195221e+00 3 0 -2.539508e-05 -1.264252e-05 -4.149735e-05 -7.968710e-06 -2.885483e-05
6.644616e+00 3.311048e+00 9.999955e-01 9.999982e-01 9.999905e-01 9.999936e-01 1.195223e+00 3 0 -9.870185e-07 7.186839e-06 -2.980434e-05 1.169549e-06 -3.699118e-05
6.580460e+00 3.664926e+00 9.999965e-01 1.000001e+00 9.999936e-01 9.999949e-01 1.195226e+00 3 0 5.199837e-06 7.643961e-06 -1.993902e-05 6.513881e-06 -2.758298e-05
6.380423e+00 1.694954e+00 1.000001e+00 1.000009e+00 9.999625e-01 9.999795e-01 1.195224e+00 3 0 -1.476292e-04 5.225875e-05 3.428523e-04 2.340837e-05 2.905935e-04
6.398113e+00 2.037443e+00 9.999998e-01 1.000020e+00 9.999893e-01 9.999967e-01 1.195236e+00 3 0 -7.285389e-05 1.961758e-05 9.246056e-05 7.856734e-05 7.284297e-05
6.380423e+00 2.694954e+00 1.000013e+00 1.000018e+00 1.000026e+00 1.000015e+00 1.195253e+00 3 0 -9.298149e-06 -1.966627e-05 -8.180982e-05 1.598083e-05 -6.214355e-05
6.299270e+00 3.363192e+00 1.000006e+00 1.000002e+00 1.000022e+00 1.000008e+00 1.195242e+00 3 0 -1.852689e-05 -2.590338e-05 -8.509643e-05 -3.502457e-05 -5.919304e-05
6.235114e+00 3.719815e+00 1.000005e+00 9.999951e-01 1.000016e+00 1.000009e+00 1.195233e+00 3 0 4.627023e-05 -1.110287e-05 -5.784682e-05 -1.678896e-05 -4.674395e-05
VARIABLES = "X", "Y", "ro", "u", "v", "pre", "Ma", "PART", "IMEX", "Ux", "Uy", "Vx", "Vy", "Vort" 
ZONE I=5, J=5, DATAPACKING=POINT
8.235114e+00 3.641915e+00 1.000010e+00 9.999943e-01 1.000014e+00 1.000013e+00 1.195232e+00 3 0 -1.013635e-04 -9.712349e-06 3.392715e-04 3.595145e-05 3.489838e-04
8.159932e+00 3.979243e+00 1.000005e+00 9.999974e-01 1.000006e+00 1.000006e+00 1.195230e+00 3 0 -5.218127e-05 -6.114932e-06 1.523369e-04 1.976907e-05 1.584519e-04
8.000000e+00 4.619577e+00 1.000001e+00 9.999993e-01 1.000001e+00 1.000001e+00 1.195229e+00 3 0 -1.378753e-05 -2.384196e-06 3.080222e-05 4.976966e-06 3.318642e-05
7.840068e+00 5.263750e+00 1.000000e+00 1.000000e+00 9.999999e-01 1.000000e+00 1.195229e+00 3 0 -2.679043e-06 2.325899e-07 -2.317992e-06 -1.716617e-06 -2.550582e-06
7.764886e+00 5.605527e+00 9.999999e-01 9.999999e-01 1.000000e+00 1.000000e+00 1.195229e+00 3 0 1.695406e-07 -2.112996e-06 1.278207e-06 3.326461e-06 3.391203e-06
7.889768e+00 3.611935e+00 9.999964e-01 1.000002e+00 9.999933e-01 9.999951e-01 1.195227e+00 3 0 4.253136e-07 -1.648861e-06 -2.360724e-05 8.955635e-06 -2.195837e-05
7.814586e+00 3.953134e+00 9.999981e-01 1.000001e+00 9.999969e-01 9.999974e-01 1.195228e+00 3 0 1.481783e-06 -1.810253e-06 -1.203836e-05 4.540046e-06 -1.022810e-05
7.654654e+00 4.601887e+00 9.999995e-01 1.000000e+00 9.999994e-01 9.999993e-01 1.195229e+00 3 0 3.412496e-07 -6.080901e-07 -2.788270e-06 9.200478e-07 -2.180180e-06
7.494722e+00 5.254656e+00 1.000000e+00 1.000000e+00 1.000000e+00 1.000000e+00 1.195229e+00 3 0 4.577586e-07 -1.509621e-07 1.167121e-07 5.561587e-07 2.676742e-07
7.419540e+00 5.600511e+00 1.000000e+00 1.000000e+00 1.000000e+00 1.000000e+00 1.195229e+00 3 0 -1.413232e-07 8.514512e-07 -1.830662e-07 -1.435153e-06 -1.034517e-06
7.235114e+00 3.605527e+00 1.000003e+00 9.999991e-01 1.000006e+00 1.000005e+00 1.195231e+00 3 0 -1.818927e-06 -7.473709e-07 1.833238e-05 -7.781943e-06 1.907975e-05
7.159932e+00 3.954442e+00 1.000002e+00 9.999994e-01 1.000003e+00 1.000002e+00 1.195230e+00 3 0 -9.937114e-07 6.041962e-07 8.899293e-06 -4.202583e-06 8.295096e-06
7.000000e+00 4.619577e+00 1.000000e+00 9.999998e-01 1.000001e+00 1.000001e+00 1.195229e+00 3 0 -6.445799e-08 3.786626e-07 2.171518e-06 -9.936963e-07 1.792856e-06
6.840068e+00 5.288551e+00 1.000000e+00 1.000000e+00 1.000000e+00 1.000000e+00 1.195229e+00 3 0 -3.884829e-07 1.264894e-08 -2.356963e-07 -5.474304e-07 -2.483452e-07
6.764886e+00 5.641915e+00 1.000000e+00 9.999999e-01 1.000000e+00 1.000000e+00 1.195229e+00 3 0 1.499022e-07 -6.531275e-07 2.695066e-07 1.086066e-06 9.226341e-07
6.580460e+00 3.664926e+00 9.999966e-01 1.000001e+00 9.999936e-01 9.999953e-01 1.195226e+00 3 0 6.695926e-06 1.424717e-06 -2.013435e-05 9.267123e-06 -2.155907e-05
6.505278e+00 4.020961e+00 9.999981e-01 1.000001e+00 9.999970e-01 9.999974e-01 1.195228e+00 3 0 1.597420e-06 -9.608172e-07 -9.706975e-06 4.117279e-06 -8.746158e-06
6.345346e+00 4.700730e+00 9.999993e-01 1.000000e+00 9.999992e-01 9.999990e-01 1.195228e+00 3 0 3.410755e-07 -1.341622e-07 -2.299615e-06 9.966287e-07 -2.165453e-06
6.185414e+00 5.383519e+00 1.000000e+00 1.000000e+00 1.000000e+00 1.000000e+00 1.195229e+00 3 0 6.903780e-07 2.741089e-07 6.995116e-07 9.734327e-07 4.254027e-07
6.110232e+00 5.743054e+00 1.000000e+00 1.000000e+00 1.000000e+00 1.000000e+00 1.195229e+00 3 0 -5.871454e-07 9.350010e-07 -7.464949e-07 -1.383216e-06 -1.681496e-06
6.235114e+00 3.719815e+00 1.000005e+00 9.999938e-01 1.000016e+00 1.000008e+00 1.195233e+00 3 0 5.430158e-05 2.193170e-05 -6.311407e-05 -4.247188e-05 -8.504577e-05
6.159932e+00 4.078954e+00 1.000005e+00 9.999984e-01 1.000008e+00 1.000006e+00 1.195232e+00 3 0 1.050970e-05 1.024679e-05 -2.789071e-05 -2.201445e-05 -3.813750e-05
6.000000e+00 4.764886e+00 1.000001e+00 9.999996e-01 1.000002e+00 1.000002e+00 1.195229e+00 3 0 4.854879e-07 -1.452092e-06 -9.919050e-06 -6.681722e-06 -8.466958e-06
5.840068e+00 5.453190e+00 9.999997e-01 9.999996e-01 9.999996e-01 9.999995e-01 1.195228e+00 3 0 1.172996e-06 2.430810e-06 1.847070e-06 -1.314524e-06 -5.837402e-07
5.764886e+00 5.815078e+00 1.000000e+00 1.000000e+00 1.000000e+00 1.000000e+00 1.195229e+00 3 0 1.435679e-06 -2.857752e-07 1.635183e-06 1.030382e-05 1.920958e-06
VARIABLES = "X", "Y", "ro", "u", "v", "pre", "Ma", "PART", "IMEX", "Ux", "Uy", "Vx", "Vy", "Vort" 
ZONE I=5, J=5, DATAPACKING=POINT
7.764886e+00 5.605527e+00 9.999999e-01 9.999998e-01 1.000000e+00 1.000000e+00 1.195228e+00 3 0 -2.611178e-06 -3.878854e-07 3.289288e-06 9.236345e-07 3.677173e-06
7.700730e+00 5.948523e+00 1.000000e+00 1.000000e+00 1.000000e+00 1.000000e+00 1.195229e+00 3 0 1.858008e-07 2.751528e-07 1.267475e-06 1.236762e-07 9.923225e-07
7.619577e+00 6.601128e+00 9.999999e-01 1.000000e+00 1.000000e+00 9.999999e-01 1.195229e+00 3 0 -2.687978e-07 -1.385760e-07 -2.225039e-07 -1.090488e-07 -8.392786e-08
7.601887e+00 7.255473e+00 1.000000e+00 1.000000e+00 1.000000e+00 1.000000e+00 1.195229e+00 3 0 2.527768e-07 1.863604e-07 5.132389e-08 1.429975e-07 -1.350365e-07
7.619577e+00 7.601128e+00 9.999997e-01 1.000000e+00 1.000000e+00 9.999998e-01 1.195229e+00 3 0 -2.901539e-07 1.154315e-06 9.574825e-07 -1.977587e-06 -1.968328e-07
7.419540e+00 5.600511e+00 1.000000e+00 1.000000e+00 1.000000e+00 1.000000e+00 1.195229e+00 3 0 5.864958e-08 -4.199866e-07 -5.016298e-07 -1.270083e-07 -8.164319e-08
7.355384e+00 5.946996e+00 9.999999e-01 1.000000e+00 1.000000e+00 9.999999e-01 1.195229e+00 3 0 -1.438804e-07 -2.038116e-07 -4.622160e-08 2.605561e-08 1.575900e-07
7.274231e+00 6.604018e+00 1.000000e+00 1.000000e+00 1.000000e+00 1.000000e+00 1.195229e+00 3 0 9.102781e-08 1.277440e-07 -5.635811e-08 5.149812e-08 -1.841021e-07
7.256541e+00 7.259325e+00 9.999999e-01 1.000000e+00 1.000000e+00 9.999999e-01 1.195229e+00 3 0 -1.205120e-07 -1.523899e-07 1.010980e-07 -8.499216e-08 2.534879e-07
7.274231e+00 7.604018e+00 1.000000e+00 1.000000e+00 1.000000e+00 1.000000e+00 1.195229e+00 3 0 4.190867e-07 1.427214e-06 -2.615520e-07 5.363709e-07 -1.688766e-06
6.764886e+00 5.641915e+00 9.999999e-01 9.999999e-01 1.000000e+00 9.999999e-01 1.195229e+00 3 0 1.054901e-07 5.218248e-07 4.891798e-07 1.856238e-07 -3.264497e-08
6.700730e+00 5.994735e+00 1.000000e+00 1.000000e+00 1.000000e+00 1.000000e+00 1.195229e+00 3 0 1.259453e-07 1.888925e-07 6.059815e-08 -3.102960e-08 -1.282944e-07
6.619577e+00 6.659658e+00 1.000000e+00 1.000000e+00 1.000000e+00 9.999999e-01 1.195229e+00 3 0 -6.840133e-08 -1.299988e-07 3.495584e-08 -3.315992e-08 1.649546e-07
6.601887e+00 7.316669e+00 1.000000e+00 1.000000e+00 1.000000e+00 1.000000e+00 1.195229e+00 3 0 7.890373e-08 1.606518e-07 -6.775934e-08 4.793519e-08 -2.284111e-07
6.619577e+00 7.659658e+00 9.999999e-01 9.999999e-01 1.000000e+00 9.999999e-01 1.195229e+00 3 0 -4.348845e-07 -1.607546e-06 1.487100e-07 -2.647332e-07 1.756256e-06
6.110232e+00 5.743054e+00 1.000000e+00 1.000000e+00 1.000000e+00 1.000000e+00 1.195229e+00 3 0 -9.296007e-07 -1.401002e-06 -1.389816e-06 -8.807137e-07 1.118557e-08
6.046076e+00 6.100963e+00 9.999999e-01 9.999999e-01 9.999999e-01 9.999998e-01 1.195229e+00 3 0 -4.331865e-08 -3.266451e-07 2.412054e-08 -6.132833e-09 3.507657e-07
5.964923e+00 6.772075e+00 1.000000e+00 1.000000e+00 1.000000e+00 1.000000e+00 1.195229e+00 3 0 -2.762296e-08 2.797308e-07 -1.310873e-07 9.788036e-08 -4.108181e-07
5.947233e+00 7.430396e+00 9.999999e-01 9.999999e-01 1.000000e+00 9.999998e-01 1.195229e+00 3 0 6.146655e-08 -3.621878e-07 1.879423e-07 -1.145552e-07 5.501301e-07
5.964923e+00 7.772075e+00 1.000000e+00 1.000000e+00 1.000000e+00 1.000000e+00 1.195229e+00 3 0 9.082212e-07 4.657674e-06 -2.016500e-07 1.273084e-06 -4.859323e-06
5.764886e+00 5.815078e+00 1.000000e+00 1.000000e+00 1.000001e+00 1.000000e+00 1.195229e+00 3 0 3.935176e-06 -5.187865e-07 -2.053571e-06 -1.085521e-06 -1.534785e-06
5.700730e+00 6.174868e+00 1.000000e+00 1.000000e+00 1.000000e+00 1.000000e+00 1.195229e+00 3 0 -1.853378e-06 -2.830134e-07 -1.237282e-06 -1.404931e-06 -9.542684e-07
5.619577e+00 6.848187e+00 9.999999e-01 1.000000e+00 1.000000e+00 9.999999e-01 1.195229e+00 3 0 1.267520e-06 -1.637387e-07 2.993146e-07 4.876340e-07 4.630533e-07
5.601887e+00 7.506963e+00 1.000000e+00 1.000000e+00 9.999999e-01 1.000000e+00 1.195229e+00 3 0 -1.256589e-06 2.840256e-07 -1.473716e-07 -5.619736e-07 -4.313972e-07
5.619577e+00 7.848187e+00 9.999996e-01 9.999999e-01 1.000000e+00 9.999997e-01 1.195229e+00 3 0 1.661507e-06 -2.302283e-06 2.263545e-06 6.209327e-06 4.565827e-06
