VARIABLES = "X", "Y", "ro", "u", "v", "pre", "Ma", "PART", "IMEX", "Ux", "Uy", "Vx", "Vy", "Vort" 
ZONE I=5, J=5, DATAPACKING=POINT
2.000000e+00 -7.600000e+00 9.998537e-01 1.003657e+00 1.680360e-03 9.998303e-01 8.482558e-01 2 0 -6.739816e-04 -1.009934e-03 -1.135980e-03 -7.487898e-04 -1.260465e-04
2.107168e+00 -7.256070e+00 9.997234e-01 1.002959e+00 1.031629e-03 9.995842e-01 8.477147e-01 2 0 1.003083e-04 -2.488297e-03 -2.073872e-03 -1.748967e-03 4.144250e-04
2.282843e+00 -6.609829e+00 1.002855e+00 1.001643e+00 -7.584200e-04 1.004010e+00 8.460560e-01 2 0 5.434576e-03 -2.357616e-03 -3.387988e-03 -1.817583e-03 -1.030372e-03
2.385376e+00 -5.963529e+00 1.006937e+00 1.001096e+00 -1.282558e-03 1.009759e+00 8.448980e-01 2 0 5.689923e-03 -2.324801e-03 -1.446583e-03 2.039851e-03 8.782188e-04
2.400000e+00 -5.619577e+00 1.005966e+00 9.996618e-01 1.719458e-04 1.008160e+00 8.439487e-01 2 0 2.765355e-03 -8.886596e-03 4.202379e-03 6.465424e-03 1.308898e-02
1.654654e+00 -7.614624e+00 1.000728e+00 1.002988e+00 1.972435e-03 1.001099e+00 8.475244e-01 2 0 2.777326e-03 -1.068279e-03 -4.244192e-04 1.514393e-03 6.438597e-04
1.761822e+00 -7.261632e+00 1.001250e+00 1.002272e+00 1.933555e-03 1.001698e+00 8.468866e-01 2 0 1.728502e-03 -3.680780e-03 -2.300022e-03 -6.212736e-04 1.380758e-03
1.937497e+00 -6.600482e+00 1.004257e+00 1.000927e+00 1.282186e-04 1.005972e+00 8.452166e-01 2 0 -1.079861e-03 2.151951e-04 -1.444791e-03 -3.106617e-03 -1.659986e-03
2.040030e+00 -5.945544e+00 1.006717e+00 1.001334e+00 -1.411069e-03 1.009507e+00 8.451123e-01 2 0 -3.625690e-03 -5.729749e-04 1.327504e-03 -4.165456e-04 1.900479e-03
2.054654e+00 -5.600368e+00 1.005736e+00 9.998781e-01 -8.729356e-04 1.007644e+00 8.442512e-01 2 0 -2.759451e-03 -7.776040e-03 2.909412e-03 3.092375e-03 1.068545e-02
1.000000e+00 -7.717157e+00 1.000975e+00 1.001581e+00 1.443563e-03 1.001410e+00 8.463069e-01 2 0 2.873839e-04 3.478736e-03 4.657102e-04 5.111285e-03 -3.013026e-03
1.107168e+00 -7.349034e+00 1.002321e+00 1.001896e+00 2.426479e-03 1.003232e+00 8.463748e-01 2 0 -5.930720e-05 -3.029795e-05 9.855191e-04 -2.844111e-04 1.015817e-03
1.282843e+00 -6.661791e+00 1.003442e+00 1.002513e+00 2.823362e-04 1.004778e+00 8.467143e-01 2 0 -2.207107e-03 2.797276e-03 1.304906e-03 -5.103264e-03 -1.492370e-03
1.385376e+00 -5.991053e+00 1.004246e+00 1.003803e+00 -2.222878e-03 1.006154e+00 8.475654e-01 2 0 -1.878716e-03 -3.978438e-04 8.196807e-04 -1.560848e-03 1.217524e-03
1.400000e+00 -5.643597e+00 1.004929e+00 1.002405e+00 -2.133638e-03 1.006500e+00 8.465274e-01 2 0 -2.754542e-03 -7.525993e-03 8.487064e-04 1.026091e-03 8.374699e-03
3.453460e-01 -7.892832e+00 9.992725e-01 1.001476e+00 5.399442e-04 9.989268e-01 8.465484e-01 2 0 -8.480383e-04 2.801611e-03 -7.607979e-04 4.026795e-03 -3.562409e-03
4.525143e-01 -7.515466e+00 1.000939e+00 1.001724e+00 1.447389e-03 1.001340e+00 8.464425e-01 2 0 1.070693e-03 -7.977777e-05 8.349862e-04 5.414036e-04 9.147640e-04
6.281887e-01 -6.810558e+00 1.003262e+00 1.002112e+00 2.515848e-04 1.004513e+00 8.464118e-01 2 0 2.475067e-03 6.983230e-04 2.069277e-04 -3.641160e-03 -4.913953e-04
7.307224e-01 -6.128179e+00 1.004737e+00 1.003274e+00 -2.341534e-03 1.006787e+00 8.470603e-01 2 0 2.496068e-03 1.562286e-03 1.155116e-03 -2.966714e-03 -4.071694e-04
7.453460e-01 -5.778989e+00 1.005897e+00 1.003736e+00 -2.796298e-03 1.008322e+00 8.472943e-01 2 0 3.639251e-04 1.592195e-04 1.661490e-03 9.359076e-04 1.502270e-03
4.287183e-08 -8.000000e+00 9.999586e-01 1.001190e+00 7.490276e-04 9.999200e-01 8.461768e-01 2 0 2.538411e-03 4.018923e-04 -2.366880e-03 2.989477e-03 -2.768773e-03
1.071683e-01 -7.621026e+00 1.000783e+00 1.001150e+00 1.575134e-03 1.001083e+00 8.460001e-01 2 0 3.436682e-03 -1.457520e-03 -2.485173e-03 2.002744e-03 -1.027653e-03
2.828427e-01 -6.911871e+00 1.003268e+00 1.001110e+00 7.680093e-04 1.004565e+00 8.455465e-01 2 0 3.849751e-03 -4.787803e-06 -1.170168e-03 -3.475527e-03 -1.165380e-03
3.853764e-01 -6.226117e+00 1.005110e+00 1.002199e+00 -2.729419e-03 1.007198e+00 8.461378e-01 2 0 2.801629e-03 1.880972e-03 3.064978e-03 -5.354194e-03 1.184006e-03
4.000000e-01 -5.876393e+00 1.006547e+00 1.002938e+00 -3.915017e-03 1.009262e+00 8.465029e-01 2 0 3.435345e-03 2.595258e-03 3.710840e-03 3.684735e-05 1.115581e-03
VARIABLES = "X", "Y", "ro", "u", "v", "pre", "Ma", "PART", "IMEX", "Ux", "Uy", "Vx", "Vy", "Vort" 
ZONE I=5, J=5, DATAPACKING=POINT
2.400000e+00 -5.619577e+00 1.006397e+00 9.993657e-01 9.165980e-05 1.008718e+00 8.436463e-01 2 0 2.293276e-03 8.100482e-03 2.822994e-03 -3.455402e-03 -5.277488e-03
2.385376e+00 -5.272837e+00 1.003532e+00 1.001989e+00 -1.396107e-03 1.005079e+00 8.461843e-01 2 0 -5.270070e-03 4.241546e-03 4.078875e-03 -3.857374e-03 -1.626712e-04
2.282843e+00 -4.609829e+00 9.995371e-01 1.001728e+00 -1.344004e-03 9.992565e-01 8.467344e-01 2 0 1.742829e-03 -2.467464e-03 -3.326077e-03 4.325078e-03 -8.586131e-04
2.107168e+00 -3.946762e+00 1.001023e+00 1.002583e+00 3.108172e-03 1.001615e+00 8.470912e-01 2 0 -1.118713e-02 4.104306e-03 3.664421e-03 5.634842e-03 -4.398848e-04
2.000000e+00 -3.600000e+00 1.003753e+00 1.006082e+00 2.787708e-03 1.005842e+00 8.494145e-01 2 0 -1.131215e-02 -2.747073e-03 9.679859e-03 -3.736089e-03 1.242693e-02
2.054654e+00 -5.600368e+00 1.006046e+00 1.000063e+00 -9.919178e-04 1.008136e+00 8.443316e-01 2 0 -3.035153e-03 1.751402e-02 3.042891e-03 -7.840440e-03 -1.447113e-02
2.040030e+00 -5.254852e+00 1.003587e+00 1.002474e+00 -2.347010e-03 1.005165e+00 8.465821e-01 2 0 1.134232e-04 -2.918429e-04 8.963004e-04 -7.818358e-04 1.188143e-03
1.937497e+00 -4.600482e+00 1.000367e+00 1.000450e+00 -3.454927e-04 1.000350e+00 8.455419e-01 2 0 2.406219e-03 2.710069e-04 -2.333161e-03 4.812483e-03 -2.604168e-03
1.761822e+00 -3.952324e+00 1.001028e+00 1.005217e+00 1.529321e-03 1.001927e+00 8.491833e-01 2 0 -5.292810e-03 1.157922e-02 6.344296e-03 -8.173279e-04 -5.234919e-03
1.654654e+00 -3.614624e+00 1.003074e+00 1.009094e+00 -1.497217e-03 1.005027e+00 8.520121e-01 2 0 -5.266636e-03 -1.574382e-03 1.285700e-02 -1.250676e-02 1.443138e-02
1.400000e+00 -5.643597e+00 1.004865e+00 1.002577e+00 -2.338527e-03 1.006483e+00 8.466531e-01 2 0 -3.517326e-03 1.676928e-03 1.131564e-03 -1.461032e-03 -5.453638e-04
1.385376e+00 -5.300361e+00 1.004246e+00 1.002062e+00 -1.423975e-03 1.005912e+00 8.461960e-01 2 0 6.146432e-04 -2.675670e-03 -3.312421e-03 4.053508e-03 -6.367517e-04
1.282843e+00 -4.661791e+00 1.000889e+00 1.001535e+00 3.239554e-04 1.001097e+00 8.463629e-01 2 0 -5.333982e-03 1.556990e-03 8.901375e-05 -3.710756e-04 -1.467976e-03
1.107168e+00 -4.039726e+00 1.001145e+00 1.005898e+00 -2.259015e-03 1.002299e+00 8.496515e-01 2 0 -6.829723e-04 1.009318e-02 4.956702e-03 -6.299640e-03 -5.136477e-03
1.000000e+00 -3.717157e+00 1.001740e+00 1.009308e+00 -5.566995e-03 1.003367e+00 8.523420e-01 2 0 1.818941e-03 1.073928e-02 3.220925e-03 -1.631618e-02 -7.518355e-03
7.453460e-01 -5.778989e+00 1.005747e+00 1.003632e+00 -2.752442e-03 1.008041e+00 8.472618e-01 2 0 3.007412e-03 -1.021179e-02 -5.747891e-04 7.607762e-03 9.636997e-03
7.307224e-01 -5.437487e+00 1.004272e+00 1.002215e+00 -4.436038e-04 1.005823e+00 8.463727e-01 2 0 -1.803537e-04 3.652491e-04 -4.170627e-04 5.462398e-03 -7.823118e-04
6.281887e-01 -4.810558e+00 9.991318e-01 1.004382e+00 2.458967e-04 9.987034e-01 8.490401e-01 2 0 -1.461942e-03 3.085387e-03 5.063867e-04 -3.495516e-03 -2.579000e-03
4.525142e-01 -4.206158e+00 9.990553e-01 1.004493e+00 -2.935624e-03 9.990844e-01 8.489430e-01 2 0 2.817670e-03 -1.500480e-03 5.772278e-04 -3.235848e-03 2.077708e-03
3.453460e-01 -3.892832e+00 9.989411e-01 1.004085e+00 -2.423126e-03 9.992213e-01 8.484899e-01 2 0 8.862337e-03 9.060442e-03 -8.306024e-03 6.240759e-03 -1.736647e-02
4.000000e-01 -5.876393e+00 1.006658e+00 1.003052e+00 -3.740280e-03 1.009403e+00 8.465862e-01 2 0 3.903039e-03 -2.995850e-03 2.189939e-03 4.261055e-03 5.185789e-03
3.853764e-01 -5.535425e+00 1.004898e+00 1.001986e+00 -1.614849e-03 1.006850e+00 8.460124e-01 2 0 2.826097e-03 -1.671071e-03 3.335826e-03 7.940765e-03 5.006897e-03
2.828427e-01 -4.911871e+00 9.990792e-01 1.003008e+00 7.434351e-04 9.985532e-01 8.479197e-01 2 0 6.836916e-03 5.940917e-03 -1.355400e-03 -3.150177e-03 -7.296317e-03
1.071682e-01 -4.311718e+00 9.995106e-01 1.003755e+00 -3.271424e-03 9.996088e-01 8.482907e-01 2 0 3.106216e-03 -5.097954e-03 3.736306e-03 -2.575014e-03 8.834260e-03
-2.143592e-08 -4.000000e+00 9.992833e-01 9.994241e-01 -9.585439e-04 9.991348e-01 8.447307e-01 2 0 1.861001e-02 -1.394942e-02 -9.537677e-03 2.672693e-02 4.411745e-03
VARIABLES = "X", "Y", "ro", "u", "v", "pre", "Ma", "PART", "IMEX", "Ux", "Uy", "Vx", "Vy", "Vort" 
ZONE I=5, J=5, DATAPACKING=POINT
2.000000e+00 -3.600000e+00 1.004439e+00 1.003964e+00 3.094682e-03 1.006590e+00 8.476017e-01 2 0 -1.648732e-02 -1.900349e-02 1.030411e-02 -1.387482e-02 2.930760e-02
1.892832e+00 -3.256070e+00 1.005597e+00 1.006416e+00 8.559061e-04 1.007264e+00 8.498727e-01 2 0 -1.643730e-02 1.412671e-02 -1.176714e-03 4.301748e-03 -1.530342e-02
1.717157e+00 -2.609829e+00 1.007895e+00 1.036249e+00 1.808834e-02 1.011214e+00 8.744854e-01 2 0 -5.255402e-02 6.208241e-02 -9.050308e-03 5.194413e-02 -7.113272e-02
1.614624e+00 -1.963529e+00 1.007647e+00 1.101800e+00 8.672864e-02 1.010099e+00 9.329375e-01 2 0 -1.719206e-01 1.150167e-01 -7.896375e-02 1.723202e-01 -1.939805e-01
1.600000e+00 -1.619577e+00 1.000313e+00 1.152408e+00 1.695394e-01 1.000354e+00 9.844259e-01 2 0 -2.915222e-01 1.845758e-01 -1.827495e-01 3.158560e-01 -3.673253e-01
1.654654e+00 -3.614624e+00 1.002844e+00 1.007803e+00 -1.522490e-03 1.004386e+00 8.510961e-01 2 0 -6.353740e-03 -1.027012e-02 1.274800e-02 6.492409e-03 2.301811e-02
1.547486e+00 -3.279652e+00 1.005245e+00 1.011507e+00 5.405525e-04 1.006620e+00 8.542955e-01 2 0 -1.543890e-02 2.050990e-02 9.270061e-04 1.058002e-02 -1.958290e-02
1.371811e+00 -2.647705e+00 1.008287e+00 1.052352e+00 1.857897e-02 1.010932e+00 8.883737e-01 2 0 -5.962538e-02 9.898561e-02 -1.770178e-03 5.835495e-02 -1.007558e-01
1.269278e+00 -2.009432e+00 1.003982e+00 1.164201e+00 9.982690e-02 1.007090e+00 9.860152e-01 2 0 -2.224295e-01 2.223781e-01 -4.286949e-02 2.183268e-01 -2.652476e-01
1.254654e+00 -1.666602e+00 9.930506e-01 1.259150e+00 2.025598e-01 9.938014e-01 1.077451e+00 2 0 -3.729691e-01 3.024955e-01 -8.692398e-02 3.892325e-01 -3.894195e-01
1.000000e+00 -3.717157e+00 1.000694e+00 1.009312e+00 -6.376347e-03 1.001424e+00 8.527307e-01 2 0 -7.907616e-04 1.476274e-02 -3.888025e-03 1.810589e-02 -1.865077e-02
8.928317e-01 -3.396591e+00 1.004633e+00 1.016019e+00 -2.412815e-03 1.006055e+00 8.580881e-01 2 0 -7.060855e-03 3.070197e-02 5.002458e-03 5.671299e-03 -2.569951e-02
7.171573e-01 -2.786424e+00 1.005854e+00 1.071688e+00 4.983085e-03 1.006980e+00 9.052445e-01 2 0 -5.021897e-02 1.587188e-01 1.941619e-02 4.189940e-02 -1.393026e-01
6.146236e-01 -2.159668e+00 9.972873e-01 1.248473e+00 6.156697e-02 9.996233e-01 1.055199e+00 2 0 -1.540974e-01 3.882038e-01 6.912678e-02 1.554018e-01 -3.190770e-01
6.000000e-01 -1.818404e+00 9.763835e-01 1.409557e+00 1.234778e-01 9.801262e-01 1.193570e+00 2 0 -2.366493e-01 5.299261e-01 1.794837e-01 1.914085e-01 -3.504424e-01
3.453460e-01 -3.892832e+00 9.996878e-01 1.004899e+00 -2.328667e-03 9.999055e-01 8.492041e-01 2 0 3.013280e-03 2.860910e-02 -7.409175e-03 -5.900055e-03 -3.601827e-02
2.381777e-01 -3.580264e+00 1.002213e+00 1.011543e+00 -6.183907e-03 1.002802e+00 8.546752e-01 2 0 2.707427e-03 2.830910e-02 7.386832e-03 -1.421783e-02 -2.092227e-02
6.250328e-02 -2.980372e+00 1.002497e+00 1.058610e+00 -1.313296e-02 1.003692e+00 8.942241e-01 2 0 9.113434e-04 1.505302e-01 1.745417e-02 2.033705e-04 -1.330760e-01
-4.003040e-02 -2.357920e+00 9.966413e-01 1.215492e+00 -1.723757e-02 9.951516e-01 1.028150e+00 2 0 2.013749e-02 3.617293e-01 9.966600e-02 -1.282124e-02 -2.620633e-01
-5.465400e-02 -2.017165e+00 9.834345e-01 1.359157e+00 -3.218974e-02 9.833707e-01 1.149057e+00 2 0 6.270018e-02 4.722343e-01 1.958544e-01 -7.350498e-02 -2.763799e-01
-2.143592e-08 -4.000000e+00 1.001052e+00 9.999000e-01 1.835266e-04 1.001526e+00 8.448696e-01 2 0 3.782761e-03 3.930999e-02 -1.192358e-04 -1.320697e-02 -3.942922e-02
-1.071683e-01 -3.688282e+00 1.000050e+00 1.007545e+00 -5.977681e-03 9.999905e-01 8.515711e-01 2 0 4.933423e-03 2.149598e-02 1.927600e-03 -1.787346e-02 -1.956838e-02
-2.828427e-01 -3.088129e+00 1.003724e+00 1.037658e+00 -1.544091e-02 1.005276e+00 8.764006e-01 2 0 3.632554e-02 1.141058e-01 3.230870e-03 -1.610283e-02 -1.108749e-01
-3.853764e-01 -2.464575e+00 9.979684e-01 1.161842e+00 -3.535492e-02 9.975986e-01 9.825723e-01 2 0 7.502637e-02 3.050372e-01 2.573200e-02 -5.280911e-02 -2.793052e-01
-4.000000e-01 -2.123607e+00 9.946842e-01 1.279514e+00 -6.041478e-02 9.921991e-01 1.083947e+00 2 0 1.116676e-01 3.501486e-01 2.800592e-02 -9.054706e-02 -3.221427e-01
VARIABLES = "X", "Y", "ro", "u", "v", "pre", "Ma", "PART", "IMEX", "Ux", "Uy", "Vx", "Vy", "Vort" 
ZONE I=5, J=5, DATAPACKING=POINT
1.600000e+00 -1.619577e+00 1.000727e+00 1.156012e+00 1.700963e-01 1.001388e+00 9.872020e-01 2 0 -2.704048e-01 2.005388e-01 -1.881011e-01 2.794519e-01 -3.886399e-01
1.614624e+00 -1.272837e+00 9.878707e-01 1.195333e+00 2.758018e-01 9.864787e-01 1.037515e+00 2 0 -3.125532e-01 6.887300e-02 -2.448080e-01 3.350035e-01 -3.136810e-01
1.717157e+00 -6.098291e-01 9.698126e-01 1.135667e+00 4.400580e-01 9.639078e-01 1.032499e+00 2 0 -1.949530e-01 -1.671325e-01 -3.847721e-01 2.211284e-01 -2.176396e-01
1.892832e+00 5.323793e-02 9.745899e-01 9.636046e-01 4.239085e-01 9.701578e-01 8.917460e-01 2 0 1.215094e-03 -2.494829e-01 -4.489324e-01 -5.616711e-02 -1.994495e-01
2.000000e+00 4.000000e-01 9.804115e-01 9.014191e-01 3.294930e-01 9.822413e-01 8.103818e-01 2 0 2.742244e-02 -8.041464e-02 -5.576644e-01 -1.797529e-01 -4.772497e-01
1.254654e+00 -1.666602e+00 9.941155e-01 1.257354e+00 2.026364e-01 9.955558e-01 1.075591e+00 2 0 -3.533705e-01 2.531613e-01 -6.665648e-02 3.164407e-01 -3.198178e-01
1.269278e+00 -1.318740e+00 9.779327e-01 1.316919e+00 3.276987e-01 9.693703e-01 1.151995e+00 2 0 -3.903069e-01 1.047306e-01 -1.113802e-01 3.927564e-01 -2.161108e-01
1.371811e+00 -6.477048e-01 9.462745e-01 1.232355e+00 5.543130e-01 9.257482e-01 1.154633e+00 2 0 -3.169538e-01 -2.376648e-01 -2.696985e-01 2.986003e-01 -3.203363e-02
1.547486e+00 2.965641e-02 9.374121e-01 9.751590e-01 5.984633e-01 9.211619e-01 9.754805e-01 2 0 -1.179285e-02 -3.583268e-01 -4.894382e-01 1.400411e-02 -1.311115e-01
1.654654e+00 3.853764e-01 9.585471e-01 8.829947e-01 5.175152e-01 9.495348e-01 8.690897e-01 2 0 1.029579e-01 -1.598083e-01 -4.743642e-01 -1.541954e-01 -3.145559e-01
6.000000e-01 -1.818404e+00 9.739645e-01 1.406365e+00 1.194096e-01 9.762115e-01 1.191498e+00 2 0 -1.911897e-01 3.553613e-01 1.724505e-01 2.206276e-01 -1.829108e-01
6.146236e-01 -1.468976e+00 9.566563e-01 1.521043e+00 2.126480e-01 9.396316e-01 1.309724e+00 2 0 -2.748950e-01 2.821851e-01 2.878480e-01 2.800726e-01 5.662930e-03
7.171573e-01 -7.864239e-01 8.411563e-01 1.528750e+00 4.934082e-01 7.706868e-01 1.418370e+00 2 0 -4.473232e-01 -2.116872e-01 3.465040e-01 4.405472e-01 5.581911e-01
8.928317e-01 -8.728331e-02 7.564148e-01 1.064728e+00 7.909430e-01 6.750519e-01 1.186614e+00 2 0 -6.661913e-02 -8.646282e-01 -2.419772e-02 1.306092e-01 8.404305e-01
1.000000e+00 2.828427e-01 8.288647e-01 7.890975e-01 7.148761e-01 7.683037e-01 9.346839e-01 2 0 3.049347e-01 -5.895085e-01 8.695624e-03 -4.912012e-01 5.982042e-01
-5.465400e-02 -2.017165e+00 9.824332e-01 1.356825e+00 -3.231131e-02 9.825129e-01 1.147005e+00 2 0 8.352224e-02 4.223492e-01 1.928883e-01 -9.097373e-02 -2.294609e-01
-4.003039e-02 -1.667228e+00 9.566498e-01 1.527687e+00 -5.078498e-02 9.468203e-01 1.298533e+00 2 0 3.255670e-02 4.872958e-01 3.409595e-01 -4.276721e-02 -1.463363e-01
6.250329e-02 -9.803719e-01 7.998384e-01 1.755477e+00 5.411169e-03 7.171771e-01 1.566827e+00 2 0 -8.507466e-02 1.129012e-01 8.198694e-01 4.316792e-02 7.069681e-01
2.381777e-01 -2.709559e-01 5.230477e-01 1.404338e+00 3.374606e-01 4.128849e-01 1.373896e+00 2 0 -3.022202e-01 -1.279706e+00 1.453229e+00 3.117647e-01 2.732935e+00
3.453460e-01 1.071683e-01 5.041256e-01 7.708209e-01 5.414400e-01 3.887702e-01 9.065663e-01 2 0 1.283560e-01 -1.701222e+00 9.549837e-01 -2.465163e-01 2.656206e+00
-4.000000e-01 -2.123607e+00 9.949722e-01 1.272872e+00 -5.986303e-02 9.933534e-01 1.077840e+00 2 0 1.493345e-01 2.861852e-01 6.601059e-02 -1.891731e-01 -2.201746e-01
-3.853764e-01 -1.773883e+00 9.681766e-01 1.431302e+00 -1.166287e-01 9.654344e-01 1.215403e+00 2 0 2.067251e-01 4.911434e-01 1.044352e-01 -1.572290e-01 -3.867082e-01
-2.828427e-01 -1.088129e+00 8.646215e-01 1.693175e+00 -2.215193e-01 8.097048e-01 1.491327e+00 2 0 3.416730e-01 1.161940e-01 5.082741e-01 -2.502326e-01 3.920801e-01
-1.071683e-01 -3.789742e-01 5.477601e-01 1.564684e+00 -2.221646e-01 4.387023e-01 1.492475e+00 2 0 1.993969e-01 -7.757628e-01 1.337959e+00 -6.101571e-02 2.113722e+00
0.000000e+00 0.000000e+00 3.872167e-01 1.119272e+00 4.639212e-02 2.617489e-01 1.151539e+00 2 0 -1.187584e+00 -1.264290e+00 2.015442e+00 1.823424e-01 3.279732e+00
VARIABLES = "X", "Y", "ro", "u", "v", "pre", "Ma", "PART", "IMEX", "Ux", "Uy", "Vx", "Vy", "Vort" 
ZONE I=5, J=5, DATAPACKING=POINT
4.000000e+00 -8.000000e+00 1.000392e+00 1.000608e+00 8.431785e-04 1.000547e+00 8.456030e-01 2 0 2.866251e-03 -6.462972e-06 2.660158e-03 -3.723283e-03 2.666621e-03
4.107168e+00 -7.688282e+00 1.000780e+00 9.999111e-01 2.108215e-04 1.001100e+00 8.449441e-01 2 0 -6.764167e-03 -2.019799e-03 8.728206e-04 -1.166010e-03 2.892620e-03
4.282843e+00 -7.088129e+00 1.002202e+00 9.989030e-01 8.779886e-04 1.003075e+00 8.438600e-01 2 0 -1.377247e-03 2.951570e-03 1.688057e-03 1.976802e-03 -1.263512e-03
4.385376e+00 -6.464575e+00 9.999340e-01 1.001871e+00 1.555978e-03 9.999246e-01 8.467406e-01 2 0 7.441068e-03 2.612167e-03 1.921424e-03 -2.045207e-03 -6.907434e-04
4.400000e+00 -6.123607e+00 1.000869e+00 1.001262e+00 -1.487144e-04 1.001218e+00 8.460733e-01 2 0 -7.937949e-03 -7.165308e-03 -1.112929e-02 -8.338157e-03 -3.963979e-03
3.654654e+00 -7.892832e+00 1.001287e+00 1.000404e+00 2.197651e-04 1.001795e+00 8.452815e-01 2 0 6.054229e-04 3.136685e-03 7.744444e-04 1.022622e-03 -2.362240e-03
3.761822e+00 -7.580264e+00 1.000281e+00 1.000790e+00 4.054792e-04 1.000397e+00 8.457729e-01 2 0 -1.835663e-04 -5.701132e-04 -5.027858e-04 1.265809e-03 6.732737e-05
3.937497e+00 -6.980372e+00 1.001570e+00 9.997252e-01 9.343516e-04 1.002189e+00 8.446614e-01 2 0 -1.990855e-03 -1.079409e-03 -1.132657e-03 3.629143e-04 -5.324812e-05
4.040030e+00 -6.357920e+00 1.002716e+00 1.000054e+00 4.343821e-04 1.003816e+00 8.447373e-01 2 0 3.403997e-03 2.717500e-03 2.785300e-03 -1.281162e-03 6.779965e-05
4.054654e+00 -6.017165e+00 1.001743e+00 1.001542e+00 4.042319e-04 1.002425e+00 8.461696e-01 2 0 2.779506e-03 5.396725e-03 3.571264e-03 1.419665e-03 -1.825461e-03
3.000000e+00 -7.717157e+00 1.001608e+00 1.000874e+00 9.305134e-04 1.002249e+00 8.456226e-01 2 0 -1.386343e-03 -3.324381e-03 -2.074323e-03 -1.908960e-04 1.250059e-03
3.107168e+00 -7.396591e+00 1.001472e+00 1.000105e+00 9.939321e-04 1.002066e+00 8.449930e-01 2 0 3.776176e-04 -9.911556e-04 -5.185573e-04 1.200961e-03 4.725983e-04
3.282843e+00 -6.786424e+00 1.001855e+00 1.000424e+00 1.198522e-03 1.002601e+00 8.451985e-01 2 0 -5.724885e-04 1.158686e-03 9.704792e-04 -1.634891e-03 -1.882071e-04
3.385376e+00 -6.159668e+00 1.003755e+00 1.000754e+00 -1.044692e-03 1.005237e+00 8.451679e-01 2 0 -3.419183e-03 3.595972e-04 -1.733223e-04 -4.915095e-03 -5.329194e-04
3.400000e+00 -5.818404e+00 1.004114e+00 1.000843e+00 -2.509654e-03 1.005814e+00 8.451542e-01 2 0 2.691685e-04 1.292351e-03 1.884574e-03 -1.950580e-03 5.922233e-04
2.345346e+00 -7.614624e+00 1.001015e+00 1.001646e+00 2.041418e-03 1.001417e+00 8.463773e-01 2 0 -2.846596e-03 -7.048414e-04 -6.291557e-04 -1.081128e-03 7.568572e-05
2.452514e+00 -7.279652e+00 1.001279e+00 1.000898e+00 1.380513e-03 1.001791e+00 8.456982e-01 2 0 -3.433250e-03 -8.432377e-04 -3.753698e-04 -2.660423e-03 4.678679e-04
2.628189e+00 -6.647705e+00 1.002404e+00 1.001122e+00 -5.524826e-04 1.003378e+00 8.456924e-01 2 0 -7.820275e-04 2.822109e-03 1.978032e-03 -3.037335e-03 -8.440770e-04
2.730722e+00 -6.009432e+00 1.004143e+00 1.002643e+00 -1.348193e-03 1.005790e+00 8.466948e-01 2 0 -2.511464e-04 -2.499122e-04 6.038915e-05 6.270542e-06 3.103014e-04
2.745346e+00 -5.666602e+00 1.004790e+00 1.001208e+00 -1.280165e-03 1.006704e+00 8.453709e-01 2 0 -8.283309e-04 -8.798264e-03 -5.232039e-03 -6.677500e-04 3.566225e-03
2.000000e+00 -7.600000e+00 1.000182e+00 1.003397e+00 1.716140e-03 1.000293e+00 8.479797e-01 2 0 -9.380232e-03 1.118925e-03 2.937137e-03 -2.072313e-03 1.818212e-03
2.107168e+00 -7.256070e+00 1.000012e+00 1.002529e+00 1.122869e-03 9.999863e-01 8.473031e-01 2 0 -8.386092e-03 -9.117100e-05 2.314568e-03 -2.839708e-03 2.405739e-03
2.282843e+00 -6.609829e+00 1.003011e+00 1.001489e+00 -6.579243e-04 1.004228e+00 8.458996e-01 2 0 -1.550224e-03 1.561801e-04 -2.439369e-03 -2.338290e-03 -2.595550e-03
2.385376e+00 -5.963529e+00 1.006792e+00 1.001532e+00 -1.379490e-03 1.009558e+00 8.452896e-01 2 0 9.454344e-03 -2.234423e-03 -1.263901e-04 1.994897e-03 2.108033e-03
2.400000e+00 -5.619577e+00 1.005675e+00 9.999749e-01 3.033689e-04 1.007739e+00 8.442674e-01 2 0 7.993585e-03 -1.050994e-02 -1.396433e-03 7.682674e-03 9.113505e-03
VARIABLES = "X", "Y", "ro", "u", "v", "pre", "Ma", "PART", "IMEX", "Ux", "Uy", "Vx", "Vy", "Vort" 
ZONE I=5, J=5, DATAPACKING=POINT
4.400000e+00 -6.123607e+00 1.000816e+00 1.001554e+00 -8.572771e-05 1.001147e+00 8.463275e-01 2 0 -6.064958e-03 -7.500932e-03 -8.673663e-03 -3.083786e-03 -1.172731e-03
4.385376e+00 -5.773883e+00 1.002337e+00 9.992488e-01 -1.865322e-03 1.003268e+00 8.441293e-01 2 0 -1.251813e-02 -5.487725e-03 -5.007728e-03 -6.039662e-03 4.799971e-04
4.282843e+00 -5.088129e+00 1.003500e+00 9.981056e-01 -3.859945e-03 1.004915e+00 8.429654e-01 2 0 -1.060363e-02 -2.032568e-03 -5.336718e-04 7.298262e-04 1.498896e-03
4.107168e+00 -4.378974e+00 1.004021e+00 9.981074e-01 -8.110204e-04 1.005611e+00 8.428879e-01 2 0 4.663075e-03 -1.096793e-05 -2.548498e-03 6.002408e-03 -2.537531e-03
4.000000e+00 -4.000000e+00 1.004145e+00 9.969699e-01 1.785911e-03 1.005965e+00 8.418320e-01 2 0 -1.805153e-03 -6.957045e-03 4.985060e-03 9.541947e-03 1.194211e-02
4.054654e+00 -6.017165e+00 1.002072e+00 1.001501e+00 4.008921e-04 1.002862e+00 8.460898e-01 2 0 1.448340e-03 1.195103e-04 7.612698e-04 -6.513290e-03 6.417595e-04
4.040030e+00 -5.667228e+00 1.001076e+00 1.001663e+00 -1.761952e-03 1.001523e+00 8.463723e-01 2 0 -2.793160e-03 -6.372648e-05 3.553979e-04 -5.143419e-03 4.191244e-04
3.937497e+00 -4.980372e+00 1.001589e+00 1.000774e+00 -2.642029e-03 1.002200e+00 8.455535e-01 2 0 -5.347917e-03 -3.667885e-03 -3.863842e-03 1.929388e-03 -1.959575e-04
3.761822e+00 -4.270956e+00 1.003347e+00 9.990357e-01 7.631122e-04 1.004734e+00 8.437568e-01 2 0 -7.028462e-03 -3.406460e-03 -2.742609e-03 4.121661e-03 6.638505e-04
3.654654e+00 -3.892832e+00 1.002792e+00 9.989110e-01 1.830173e-03 1.004007e+00 8.437245e-01 2 0 -8.585297e-03 -3.253187e-03 -1.013460e-03 3.038217e-04 2.239727e-03
3.400000e+00 -5.818404e+00 1.004108e+00 1.000947e+00 -2.312490e-03 1.005853e+00 8.452232e-01 2 0 -7.611711e-05 1.591055e-03 1.477790e-03 -3.797320e-03 -1.132642e-04
3.385376e+00 -5.468976e+00 1.003123e+00 1.000740e+00 -2.920008e-03 1.004346e+00 8.452682e-01 2 0 3.143255e-03 -9.597891e-04 4.752389e-05 6.972683e-04 1.007313e-03
3.282843e+00 -4.786424e+00 1.002258e+00 1.000903e+00 -9.413431e-04 1.003188e+00 8.455260e-01 2 0 2.796492e-03 2.487122e-03 1.427350e-03 4.315950e-03 -1.059773e-03
3.107168e+00 -4.087283e+00 1.000315e+00 1.002215e+00 2.110837e-03 1.000384e+00 8.469992e-01 2 0 -1.307377e-03 1.943919e-04 9.912365e-04 5.288834e-03 7.968447e-04
3.000000e+00 -3.717157e+00 9.983974e-01 1.001853e+00 4.340502e-03 9.976274e-01 8.470551e-01 2 0 1.897330e-04 7.364998e-04 -4.642542e-03 5.388882e-03 -5.379042e-03
2.745346e+00 -5.666602e+00 1.004786e+00 1.001270e+00 -1.423598e-03 1.006720e+00 8.454153e-01 2 0 3.032713e-04 -6.495172e-03 -4.315302e-03 1.554993e-03 2.179869e-03
2.730722e+00 -5.318740e+00 1.005024e+00 9.997440e-01 -1.529779e-03 1.007052e+00 8.440875e-01 2 0 -2.516447e-03 -2.444882e-03 -2.811276e-03 -2.136474e-03 -3.663940e-04
2.628189e+00 -4.647705e+00 1.002375e+00 1.000015e+00 -2.107596e-03 1.003352e+00 8.447571e-01 2 0 -7.114390e-04 1.933306e-03 1.361352e-03 2.325763e-03 -5.719537e-04
2.452514e+00 -3.970344e+00 1.000381e+00 1.001432e+00 2.272658e-03 1.000417e+00 8.463515e-01 2 0 9.110989e-04 1.726515e-03 -4.007877e-04 1.037954e-02 -2.127303e-03
2.345346e+00 -3.614624e+00 1.001440e+00 1.001714e+00 6.363049e-03 1.002232e+00 8.462852e-01 2 0 -4.933868e-03 -1.058177e-03 4.803621e-03 1.340200e-02 5.861797e-03
2.400000e+00 -5.619577e+00 1.006122e+00 9.996224e-01 1.817439e-04 1.008293e+00 8.439251e-01 2 0 1.116056e-02 4.704280e-03 -3.728855e-03 -3.713378e-03 -8.433135e-03
2.385376e+00 -5.272837e+00 1.003818e+00 1.001619e+00 -1.456676e-03 1.005496e+00 8.458171e-01 2 0 -1.097730e-02 2.886042e-03 2.536447e-03 -4.525473e-03 -3.495944e-04
2.282843e+00 -4.609829e+00 9.997974e-01 1.001248e+00 -1.376861e-03 9.996059e-01 8.462907e-01 2 0 -9.283665e-03 -4.580980e-03 -6.376217e-03 4.353185e-03 -1.795237e-03
2.107168e+00 -3.946762e+00 1.001122e+00 1.002559e+00 3.419843e-03 1.001778e+00 8.470442e-01 2 0 -8.922470e-03 5.708468e-03 -3.789061e-03 2.873613e-03 -9.497530e-03
2.000000e+00 -3.600000e+00 1.004350e+00 1.006282e+00 2.407908e-03 1.006708e+00 8.494692e-01 2 0 -2.303502e-02 -7.977312e-03 1.909218e-02 -4.073529e-03 2.706950e-02
VARIABLES = "X", "Y", "ro", "u", "v", "pre", "Ma", "PART", "IMEX", "Ux", "Uy", "Vx", "Vy", "Vort" 
ZONE I=5, J=5, DATAPACKING=POINT
4.000000e+00 -4.000000e+00 1.004312e+00 9.966710e-01 2.130048e-03 1.006374e+00 8.414794e-01 2 0 2.731379e-03 5.073329e-03 1.613308e-03 -2.792936e-03 -3.460021e-03
3.892832e+00 -3.621026e+00 1.002554e+00 9.981219e-01 1.507330e-03 1.003434e+00 8.431980e-01 2 0 4.070898e-03 3.068354e-03 2.675010e-03 1.818087e-03 -3.933444e-04
3.717157e+00 -2.911871e+00 9.990191e-01 9.976924e-01 3.739921e-03 9.988026e-01 8.433013e-01 2 0 9.753927e-03 1.464704e-04 -3.167636e-03 2.327597e-03 -3.314106e-03
3.614624e+00 -2.226117e+00 1.001796e+00 9.978782e-01 3.020082e-03 1.002140e+00 8.432204e-01 2 0 1.478223e-03 4.289888e-03 3.555841e-03 -5.918611e-03 -7.340466e-04
3.600000e+00 -1.876393e+00 1.004562e+00 1.000414e+00 -6.015632e-05 1.005382e+00 8.451591e-01 2 0 -2.393163e-03 9.296881e-03 -2.044184e-02 -9.309238e-03 -2.973872e-02
3.654654e+00 -3.892832e+00 1.002853e+00 9.985338e-01 1.990774e-03 1.004174e+00 8.433611e-01 2 0 -8.340685e-03 1.481611e-05 -1.394319e-03 -2.769516e-03 -1.409135e-03
3.547486e+00 -3.515466e+00 1.000539e+00 9.986873e-01 2.378513e-03 1.000629e+00 8.440093e-01 2 0 -4.931505e-03 -3.424061e-03 -5.223001e-03 1.948329e-03 -1.798940e-03
3.371811e+00 -2.810558e+00 1.000843e+00 9.976242e-01 3.608632e-03 1.001193e+00 8.430045e-01 2 0 -7.989387e-03 -2.636777e-04 3.007806e-03 -9.778837e-04 3.271484e-03
3.269278e+00 -2.128179e+00 1.006592e+00 1.001879e+00 2.386924e-03 1.008712e+00 8.458544e-01 2 0 -1.850060e-02 9.256873e-03 -2.701340e-03 2.777651e-03 -1.195821e-02
3.254654e+00 -1.778989e+00 1.005143e+00 1.006114e+00 6.491759e-03 1.008075e+00 8.491015e-01 2 0 -2.095879e-02 1.520684e-02 -1.802487e-02 2.277729e-02 -3.323171e-02
3.000000e+00 -3.717157e+00 9.983614e-01 1.002568e+00 4.193604e-03 9.974748e-01 8.477086e-01 2 0 -3.523163e-03 -8.529794e-03 -2.541488e-03 1.348862e-02 5.988306e-03
2.892832e+00 -3.349034e+00 9.982086e-01 1.000730e+00 5.435467e-03 9.977258e-01 8.459881e-01 2 0 -8.087399e-04 7.389833e-04 -1.568816e-03 -5.336938e-03 -2.307799e-03
2.717157e+00 -2.661791e+00 1.004121e+00 1.007703e+00 2.186083e-03 1.005556e+00 8.510587e-01 2 0 -1.734191e-02 1.321769e-02 -2.082949e-03 3.334402e-03 -1.530063e-02
2.614624e+00 -1.991053e+00 1.004491e+00 1.020134e+00 1.689402e-02 1.007161e+00 8.611449e-01 2 0 -3.178640e-02 1.575454e-02 -3.875901e-02 3.783630e-02 -5.451355e-02
2.600000e+00 -1.643597e+00 1.001290e+00 1.026465e+00 3.380230e-02 1.002733e+00 8.673672e-01 2 0 -3.673113e-02 2.154461e-02 -5.978526e-02 5.107105e-02 -8.132987e-02
2.345346e+00 -3.614624e+00 1.002141e+00 1.001785e+00 6.386705e-03 1.003238e+00 8.462170e-01 2 0 -1.613488e-03 -1.582323e-02 1.937172e-03 -9.756328e-03 1.776040e-02
2.238178e+00 -3.261632e+00 1.005165e+00 1.001713e+00 2.396388e-03 1.007221e+00 8.457398e-01 2 0 -5.233113e-03 1.224640e-02 7.023773e-03 -6.511588e-03 -5.222625e-03
2.062503e+00 -2.600482e+00 1.007910e+00 1.022749e+00 1.005000e-02 1.011375e+00 8.629398e-01 2 0 -2.881865e-02 3.848938e-02 -2.115838e-02 3.449536e-02 -5.964776e-02
1.959970e+00 -1.945544e+00 1.005824e+00 1.056455e+00 5.944292e-02 1.008701e+00 8.930028e-01 2 0 -9.355932e-02 4.969350e-02 -8.133770e-02 1.065266e-01 -1.310312e-01
1.945346e+00 -1.600368e+00 1.004000e+00 1.078124e+00 1.054286e-01 1.005024e+00 9.150605e-01 2 0 -1.472805e-01 7.500526e-02 -1.621591e-01 1.548883e-01 -2.371643e-01
2.000000e+00 -3.600000e+00 1.004930e+00 1.003842e+00 2.830165e-03 1.007271e+00 8.474189e-01 2 0 -1.522563e-02 -1.887203e-02 1.824955e-02 -1.314203e-02 3.712158e-02
1.892832e+00 -3.256070e+00 1.005707e+00 1.006252e+00 6.433845e-04 1.007369e+00 8.497365e-01 2 0 -2.346331e-02 1.100917e-02 -4.380560e-04 6.264524e-03 -1.144723e-02
1.717157e+00 -2.609829e+00 1.008000e+00 1.035773e+00 1.883100e-02 1.011375e+00 8.740708e-01 2 0 -5.551491e-02 6.190111e-02 -2.765230e-02 4.790154e-02 -8.955341e-02
1.614624e+00 -1.963529e+00 1.008629e+00 1.101831e+00 8.738756e-02 1.011147e+00 9.329776e-01 2 0 -1.885385e-01 1.138374e-01 -9.088245e-02 1.730997e-01 -2.047198e-01
1.600000e+00 -1.619577e+00 1.000569e+00 1.152162e+00 1.722442e-01 1.000787e+00 9.844688e-01 2 0 -3.176052e-01 1.850205e-01 -2.477738e-01 3.272293e-01 -4.327943e-01
VARIABLES = "X", "Y", "ro", "u", "v", "pre", "Ma", "PART", "IMEX", "Ux", "Uy", "Vx", "Vy", "Vort" 
ZONE I=5, J=5, DATAPACKING=POINT
3.600000e+00 -1.876393e+00 1.004442e+00 1.000165e+00 2.653179e-04 1.005211e+00 8.449708e-01 2 0 -4.370090e-03 8.437211e-03 -1.767997e-02 -5.196147e-03 -2.611718e-02
3.614624e+00 -1.535425e+00 1.003174e+00 1.004063e+00 1.182106e-03 1.004296e+00 8.481145e-01 2 0 -1.482166e-02 1.314622e-02 -4.473512e-02 1.443440e-02 -5.788134e-02
3.717157e+00 -9.118713e-01 9.975033e-01 1.008337e+00 1.148698e-02 1.000799e+00 8.508516e-01 2 0 -9.151528e-03 1.360755e-03 -4.274349e-02 2.767525e-02 -4.410424e-02
3.892832e+00 -3.117178e-01 9.960209e-01 1.003184e+00 1.709948e-02 9.998688e-01 8.463350e-01 2 0 1.337787e-02 -1.774749e-02 -9.024754e-03 1.504629e-03 8.722735e-03
4.000000e+00 2.143592e-08 9.973781e-01 9.996804e-01 1.431053e-02 1.000500e+00 8.436514e-01 2 0 3.881221e-02 -1.612056e-02 7.119456e-03 -1.985407e-02 2.324002e-02
3.254654e+00 -1.778989e+00 1.005344e+00 1.006580e+00 6.319556e-03 1.008355e+00 8.494606e-01 2 0 -2.304062e-02 1.436853e-02 -1.774743e-02 1.751393e-02 -3.211596e-02
3.269278e+00 -1.437487e+00 1.002206e+00 1.009761e+00 1.262125e-02 1.006182e+00 8.517822e-01 2 0 -1.318626e-02 7.074527e-03 -2.259925e-02 1.944760e-02 -2.967378e-02
3.371811e+00 -8.105584e-01 1.000015e+00 1.008043e+00 1.959831e-02 1.003121e+00 8.507924e-01 2 0 3.834050e-03 -1.314379e-02 -6.164294e-03 3.758106e-03 6.979498e-03
3.547486e+00 -2.061584e-01 9.974939e-01 9.959760e-01 1.474214e-02 9.985238e-01 8.414114e-01 2 0 1.696398e-02 -3.072400e-02 1.358298e-02 -2.235125e-02 4.430699e-02
3.654654e+00 1.071683e-01 9.966669e-01 9.884515e-01 8.205147e-03 9.970108e-01 8.352787e-01 2 0 1.736332e-02 -2.820252e-02 1.518514e-02 -2.569312e-02 4.338766e-02
2.600000e+00 -1.643597e+00 1.001753e+00 1.027046e+00 3.317313e-02 1.003421e+00 8.677433e-01 2 0 -3.840127e-02 1.051180e-03 -6.224744e-02 3.924169e-02 -6.329862e-02
2.614624e+00 -1.300361e+00 1.001153e+00 1.024479e+00 4.838647e-02 1.000862e+00 8.669336e-01 2 0 -4.528678e-02 -1.002535e-02 -9.719322e-02 4.931821e-02 -8.716787e-02
2.717157e+00 -6.617911e-01 1.000616e+00 1.006218e+00 5.926038e-02 9.956409e-01 8.540090e-01 2 0 -2.265045e-02 -3.762075e-02 -1.570608e-01 2.407567e-02 -1.194401e-01
2.892832e+00 -3.972589e-02 1.000503e+00 9.791116e-01 3.708845e-02 9.940485e-01 8.307781e-01 2 0 1.249335e-02 -3.275198e-02 -1.359223e-01 -5.781615e-03 -1.031704e-01
3.000000e+00 2.828427e-01 9.987714e-01 9.787882e-01 2.226990e-02 9.938795e-01 8.294749e-01 2 0 1.878009e-02 4.236096e-02 -9.930938e-02 -8.173094e-03 -1.416703e-01
1.945346e+00 -1.600368e+00 1.003917e+00 1.079200e+00 1.059062e-01 1.005023e+00 9.159677e-01 2 0 -1.522609e-01 1.008581e-01 -1.637833e-01 1.647636e-01 -2.646414e-01
1.959970e+00 -1.254852e+00 9.971070e-01 1.096434e+00 1.706196e-01 9.967219e-01 9.379896e-01 2 0 -2.073455e-01 2.358653e-02 -2.777597e-01 2.199889e-01 -3.013463e-01
2.062503e+00 -6.004819e-01 9.862374e-01 1.055414e+00 2.659903e-01 9.829502e-01 9.214163e-01 2 0 -1.612491e-01 -8.197858e-02 -4.670336e-01 1.660140e-01 -3.850550e-01
2.238178e+00 4.767577e-02 9.861563e-01 9.730244e-01 2.338759e-01 9.817846e-01 8.476581e-01 2 0 1.339914e-04 -1.017080e-01 -4.807138e-01 -6.460832e-03 -3.790058e-01
2.345346e+00 3.853764e-01 9.914485e-01 9.555496e-01 1.696384e-01 9.873312e-01 8.219228e-01 2 0 8.942721e-02 -5.145231e-03 -3.806151e-01 -8.694933e-02 -3.754698e-01
1.600000e+00 -1.619577e+00 1.001256e+00 1.156265e+00 1.727138e-01 1.002257e+00 9.875699e-01 2 0 -3.305886e-01 2.121639e-01 -2.420463e-01 2.882196e-01 -4.542102e-01
1.614624e+00 -1.272837e+00 9.884277e-01 1.196375e+00 2.812162e-01 9.876928e-01 1.039065e+00 2 0 -3.869178e-01 7.234374e-02 -3.674323e-01 3.518869e-01 -4.397760e-01
1.717157e+00 -6.098291e-01 9.724372e-01 1.135139e+00 4.479734e-01 9.675875e-01 1.033954e+00 2 0 -3.057961e-01 -1.403748e-01 -5.454558e-01 2.576443e-01 -4.050810e-01
1.892832e+00 5.323793e-02 9.722396e-01 9.669679e-01 4.300341e-01 9.665812e-01 8.970238e-01 2 0 6.095565e-02 -2.643054e-01 -6.132140e-01 -1.676903e-02 -3.489086e-01
2.000000e+00 4.000000e-01 9.768320e-01 9.029275e-01 3.301376e-01 9.760856e-01 8.128327e-01 2 0 2.378886e-01 -1.745284e-01 -5.560206e-01 -2.000450e-01 -3.814922e-01
VARIABLES = "X", "Y", "ro", "u", "v", "pre", "Ma", "PART", "IMEX", "Ux", "Uy", "Vx", "Vy", "Vort" 
ZONE I=5, J=5, DATAPACKING=POINT
6.000000e+00 -8.400000e+00 9.966498e-01 1.003692e+00 -1.787285e-03 9.953028e-01 8.488493e-01 2 0 1.363437e-04 -9.577856e-03 -2.688605e-03 -5.689120e-03 6.889250e-03
6.107168e+00 -8.053238e+00 9.999027e-01 1.001544e+00 -2.125642e-03 9.998646e-01 8.464769e-01 2 0 1.868623e-03 -5.746440e-03 -8.865121e-03 3.958268e-03 -3.118681e-03
6.282843e+00 -7.390171e+00 1.001499e+00 9.993003e-01 -3.288656e-04 1.002104e+00 8.443080e-01 2 0 1.104519e-02 -3.952692e-03 -2.695908e-03 3.183218e-03 1.256783e-03
6.385376e+00 -6.727163e+00 1.000069e+00 9.991576e-01 -2.359598e-04 1.000096e+00 8.444308e-01 2 0 -6.261798e-03 6.485927e-04 2.201003e-03 -3.413377e-03 1.552410e-03
6.400000e+00 -6.380423e+00 9.999807e-01 9.987249e-01 -2.187464e-03 1.000001e+00 8.440701e-01 2 0 -1.075756e-02 -3.703849e-03 9.170606e-04 -6.032081e-03 4.620910e-03
5.654654e+00 -8.385376e+00 9.989816e-01 1.001577e+00 -4.067889e-04 9.985759e-01 8.466588e-01 2 0 6.401168e-03 -3.691002e-03 -2.396158e-03 2.841858e-03 1.294845e-03
5.761822e+00 -8.047676e+00 1.000930e+00 1.000566e+00 3.215285e-04 1.001306e+00 8.454741e-01 2 0 1.401938e-03 -5.221291e-03 -4.808339e-03 2.609171e-03 4.129522e-04
5.937497e+00 -7.399518e+00 1.003509e+00 9.982473e-01 3.795618e-05 1.004917e+00 8.430818e-01 2 0 -1.922922e-03 -1.597058e-04 -2.034874e-04 -1.505214e-03 -4.378165e-05
6.040030e+00 -6.745148e+00 1.000252e+00 9.998560e-01 -1.171571e-03 1.000358e+00 8.449882e-01 2 0 1.113784e-03 3.513150e-03 3.210571e-03 -2.247922e-03 -3.025788e-04
6.054654e+00 -6.399632e+00 9.983889e-01 1.000319e+00 -1.935444e-03 9.977502e-01 8.456957e-01 2 0 2.009480e-04 -1.992368e-03 -2.073480e-03 -2.881791e-03 -8.111258e-05
5.000000e+00 -8.282843e+00 1.001782e+00 9.991978e-01 -2.775678e-05 1.002494e+00 8.441763e-01 2 0 1.719715e-04 2.289120e-03 1.684565e-03 4.781185e-03 -6.045549e-04
5.107168e+00 -7.960274e+00 1.001184e+00 1.000161e+00 8.685830e-04 1.001660e+00 8.450894e-01 2 0 9.066088e-04 3.049182e-03 2.597951e-03 5.496322e-04 -4.512311e-04
5.282843e+00 -7.338209e+00 1.001707e+00 1.000867e+00 1.813518e-04 1.002389e+00 8.455991e-01 2 0 -3.198647e-03 -1.146905e-03 -1.246270e-03 -2.732450e-03 -9.936440e-05
5.385376e+00 -6.699639e+00 1.001984e+00 9.984702e-01 -1.482220e-03 1.002775e+00 8.435295e-01 2 0 4.556212e-04 -3.645863e-03 -3.179534e-03 -1.454298e-04 4.663291e-04
5.400000e+00 -6.356403e+00 1.000280e+00 9.981218e-01 -5.957093e-04 1.000379e+00 8.435254e-01 2 0 4.036492e-03 2.723707e-03 -1.154015e-04 5.393438e-03 -2.839108e-03
4.345346e+00 -8.107168e+00 1.000124e+00 1.000785e+00 1.275255e-04 1.000176e+00 8.457963e-01 2 0 -3.781819e-03 -4.930336e-03 -3.317158e-03 -5.225839e-03 1.613178e-03
4.452514e+00 -7.793842e+00 1.001232e+00 9.997077e-01 -7.282124e-04 1.001721e+00 8.447012e-01 2 0 4.822762e-04 -5.770129e-04 -4.332368e-05 -2.017764e-04 5.336892e-04
4.628189e+00 -7.189442e+00 1.000999e+00 1.000574e+00 8.962693e-04 1.001405e+00 8.454687e-01 2 0 3.672994e-03 3.439222e-04 3.844036e-04 3.814930e-03 4.048134e-05
4.730722e+00 -6.562513e+00 1.000824e+00 9.996941e-01 1.675172e-03 1.001154e+00 8.447578e-01 2 0 -5.534098e-03 -3.630985e-03 -4.370458e-03 -2.968340e-03 -7.394724e-04
4.745346e+00 -6.221011e+00 1.002306e+00 9.980287e-01 -7.999409e-04 1.003243e+00 8.430942e-01 2 0 -5.879837e-03 -4.736666e-03 -2.210876e-03 -9.584470e-03 2.525790e-03
4.000000e+00 -8.000000e+00 1.000154e+00 1.000802e+00 9.365785e-04 1.000217e+00 8.458054e-01 2 0 3.208606e-03 -2.297168e-03 -2.293186e-03 -4.965740e-04 3.981582e-06
4.107168e+00 -7.688282e+00 1.000661e+00 9.999029e-01 4.559012e-04 1.000936e+00 8.449561e-01 2 0 -3.489335e-03 -2.862774e-03 -6.157082e-03 8.876190e-04 -3.294308e-03
4.282843e+00 -7.088129e+00 1.002075e+00 9.991043e-01 7.546742e-04 1.002894e+00 8.440527e-01 2 0 5.748978e-03 1.081361e-03 1.713221e-03 1.541393e-03 6.318597e-04
4.385376e+00 -6.464575e+00 1.000259e+00 1.001559e+00 1.457468e-03 1.000383e+00 8.464202e-01 2 0 -6.594024e-03 2.865801e-03 5.401299e-03 -2.064800e-03 2.535498e-03
4.400000e+00 -6.123607e+00 1.001219e+00 1.000844e+00 -2.424407e-04 1.001710e+00 8.456605e-01 2 0 -1.599207e-02 -6.243077e-03 -7.672659e-03 -8.850980e-03 -1.429582e-03
VARIABLES = "X", "Y", "ro", "u", "v", "pre", "Ma", "PART", "IMEX", "Ux", "Uy", "Vx", "Vy", "Vort" 
ZONE I=5, J=5, DATAPACKING=POINT
6.400000e+00 -6.380423e+00 9.998400e-01 9.986833e-01 -1.750647e-03 9.998051e-01 8.440575e-01 2 0 -1.291588e-02 9.661180e-03 2.237327e-03 -1.899981e-03 -7.423853e-03
6.385376e+00 -6.036471e+00 9.985553e-01 1.000115e+00 -1.894379e-03 9.979697e-01 8.455007e-01 2 0 1.961095e-04 1.499155e-05 -1.758715e-03 2.354771e-03 -1.773707e-03
6.282843e+00 -5.390171e+00 1.000229e+00 9.991087e-01 5.776991e-04 1.000332e+00 8.443576e-01 2 0 3.834781e-03 3.970439e-04 1.583587e-03 3.064468e-03 1.186543e-03
6.107168e+00 -4.743930e+00 1.000896e+00 1.000487e+00 -3.271984e-05 1.001236e+00 8.454223e-01 2 0 3.031327e-05 3.630063e-03 4.003321e-03 -2.924672e-03 3.732583e-04
6.000000e+00 -4.400000e+00 1.000777e+00 1.001353e+00 -1.408728e-03 1.001107e+00 8.461592e-01 2 0 5.085773e-03 2.722378e-03 1.004829e-03 -1.143221e-03 -1.717549e-03
6.054654e+00 -6.399632e+00 9.983300e-01 1.000406e+00 -1.983618e-03 9.976709e-01 8.457781e-01 2 0 1.548248e-04 -1.105445e-03 -9.049341e-04 -5.660872e-04 2.005108e-04
6.040030e+00 -6.054456e+00 9.982267e-01 9.996093e-01 -1.314854e-03 9.975138e-01 8.451266e-01 2 0 2.660475e-03 -2.243915e-03 -1.961053e-03 3.165972e-03 2.828618e-04
5.937497e+00 -5.399518e+00 1.000294e+00 9.990786e-01 3.249366e-04 1.000416e+00 8.443240e-01 2 0 -1.613853e-03 9.203695e-04 9.180741e-04 5.430704e-04 -2.295417e-06
5.761822e+00 -4.738368e+00 1.001558e+00 1.000526e+00 -9.168486e-04 1.002176e+00 8.453387e-01 2 0 -5.308106e-04 1.442010e-03 1.200231e-03 -2.390589e-03 -2.417798e-04
5.654654e+00 -4.385376e+00 1.001474e+00 1.000375e+00 -1.360684e-03 1.002100e+00 8.452075e-01 2 0 5.267483e-04 -3.030005e-03 -7.228696e-04 1.718834e-03 2.307135e-03
5.400000e+00 -6.356403e+00 1.000542e+00 9.981152e-01 -7.872490e-04 1.000731e+00 8.434818e-01 2 0 3.092025e-03 -4.998722e-03 -1.988712e-03 -2.370511e-03 3.010010e-03
5.385376e+00 -6.008947e+00 9.997157e-01 9.976556e-01 -9.694032e-04 9.996108e-01 8.432175e-01 2 0 2.379704e-03 1.684911e-03 1.324744e-03 5.214829e-05 -3.601667e-04
5.282843e+00 -5.338209e+00 1.000478e+00 9.998258e-01 -1.124796e-03 1.000659e+00 8.449309e-01 2 0 9.779106e-04 3.465977e-03 3.503329e-03 2.836882e-04 3.735197e-05
5.107168e+00 -4.650966e+00 1.001774e+00 1.000897e+00 -1.112808e-03 1.002503e+00 8.456056e-01 2 0 -1.513342e-04 -1.573274e-04 4.388851e-06 9.741542e-04 1.617163e-04
5.000000e+00 -4.282843e+00 1.001395e+00 1.000735e+00 -4.815320e-04 1.001911e+00 8.455576e-01 2 0 -7.077913e-04 -2.637676e-04 -1.425235e-03 1.144302e-03 -1.161467e-03
4.745346e+00 -6.221011e+00 1.002101e+00 9.981068e-01 -4.080522e-04 1.002973e+00 8.431877e-01 2 0 -5.265664e-03 -4.096864e-04 -8.884475e-04 -3.605411e-03 -4.787611e-04
4.730722e+00 -5.871821e+00 1.002060e+00 9.979240e-01 -2.261157e-03 1.002876e+00 8.430585e-01 2 0 -3.330387e-03 -2.951349e-04 -1.811478e-04 -4.516092e-03 1.139871e-04
4.628189e+00 -5.189442e+00 1.002464e+00 9.987944e-01 -3.353175e-03 1.003469e+00 8.437176e-01 2 0 2.568938e-03 2.825573e-03 2.908405e-03 1.937533e-03 8.283196e-05
4.452514e+00 -4.484534e+00 1.002109e+00 1.000166e+00 -9.728029e-04 1.002931e+00 8.449487e-01 2 0 3.464844e-03 1.622456e-03 1.208051e-03 5.151170e-03 -4.144045e-04
4.345346e+00 -4.107168e+00 1.002002e+00 9.998410e-01 1.025846e-03 1.002801e+00 8.446834e-01 2 0 4.186982e-03 -9.935243e-04 -1.217369e-03 5.895262e-03 -2.238446e-04
4.400000e+00 -6.123607e+00 1.001161e+00 1.001184e+00 -1.903722e-04 1.001634e+00 8.459551e-01 2 0 -1.623292e-02 -4.510271e-03 -3.171792e-03 -2.434961e-03 1.338479e-03
4.385376e+00 -5.773883e+00 1.002162e+00 9.994727e-01 -1.760308e-03 1.003018e+00 8.443495e-01 2 0 -5.506490e-03 -4.036481e-03 -5.995423e-03 -5.679295e-03 -1.958942e-03
4.282843e+00 -5.088129e+00 1.003170e+00 9.984661e-01 -3.707639e-03 1.004458e+00 8.433227e-01 2 0 1.749493e-03 4.907846e-04 4.101056e-04 7.000123e-04 -8.067898e-05
4.107168e+00 -4.378974e+00 1.003765e+00 9.985072e-01 -7.611645e-04 1.005245e+00 8.432714e-01 2 0 9.503103e-03 1.429353e-03 1.494873e-03 7.351085e-03 6.551997e-05
4.000000e+00 -4.000000e+00 1.003679e+00 9.973403e-01 2.118142e-03 1.005338e+00 8.422126e-01 2 0 1.105102e-02 -4.054872e-03 1.621672e-03 9.931091e-03 5.676544e-03
VARIABLES = "X", "Y", "ro", "u", "v", "pre", "Ma", "PART", "IMEX", "Ux", "Uy", "Vx", "Vy", "Vort" 
ZONE I=5, J=5, DATAPACKING=POINT
6.000000e+00 -4.400000e+00 1.000659e+00 1.001501e+00 -1.171431e-03 1.000951e+00 8.462993e-01 2 0 5.671292e-03 5.589143e-04 6.831854e-04 1.091797e-03 1.242711e-04
5.892832e+00 -4.053238e+00 1.000174e+00 1.001164e+00 -7.857122e-04 1.000250e+00 8.461062e-01 2 0 7.827335e-04 -3.249103e-05 2.173772e-03 2.931266e-03 2.206263e-03
5.717157e+00 -3.390171e+00 1.000222e+00 1.000975e+00 1.182942e-03 1.000305e+00 8.459437e-01 2 0 7.552273e-04 -8.772252e-04 -1.961357e-03 2.235457e-03 -1.084132e-03
5.614624e+00 -2.727163e+00 1.000037e+00 9.994069e-01 1.747890e-03 1.000136e+00 8.446124e-01 2 0 3.404348e-03 -3.024264e-03 -4.755926e-03 -1.664446e-03 -1.731662e-03
5.600000e+00 -2.380423e+00 9.994860e-01 9.983932e-01 9.932732e-04 9.992475e-01 8.438974e-01 2 0 2.952865e-04 -1.412946e-03 -1.609850e-03 -2.644094e-03 -1.969041e-04
5.654654e+00 -4.385376e+00 1.001526e+00 1.000373e+00 -1.211227e-03 1.002204e+00 8.451838e-01 2 0 1.175411e-03 1.373140e-03 -4.037915e-04 -1.897880e-03 -1.776931e-03
5.547486e+00 -4.029656e+00 1.000811e+00 1.000535e+00 -1.063354e-03 1.001120e+00 8.454761e-01 2 0 1.848798e-03 4.198329e-04 8.971292e-05 2.735000e-03 -3.301200e-04
5.371811e+00 -3.352295e+00 1.000563e+00 9.998288e-01 1.633313e-03 1.000811e+00 8.449060e-01 2 0 4.171945e-03 -8.002915e-04 -5.104443e-04 3.424150e-03 2.898473e-04
5.269278e+00 -2.681260e+00 1.000226e+00 9.987506e-01 2.216517e-03 1.000262e+00 8.440853e-01 2 0 1.194208e-03 -9.972413e-04 -2.565705e-04 -2.147860e-03 7.406707e-04
5.254654e+00 -2.333398e+00 9.997576e-01 9.985721e-01 1.072739e-03 9.994059e-01 8.440965e-01 2 0 -1.824300e-04 -2.856031e-04 -1.250750e-03 -3.486310e-03 -9.651473e-04
5.000000e+00 -4.282843e+00 1.001496e+00 1.000806e+00 -6.686467e-04 1.002008e+00 8.456192e-01 2 0 -1.703712e-03 -3.094405e-03 -1.573876e-03 1.251792e-04 1.520529e-03
4.892832e+00 -3.912717e+00 1.001329e+00 9.996085e-01 3.330548e-04 1.001883e+00 8.445900e-01 2 0 2.321063e-04 -3.106395e-03 -2.988931e-03 2.527464e-03 1.174637e-04
4.717157e+00 -3.213576e+00 1.001188e+00 9.982562e-01 2.200477e-03 1.001641e+00 8.434917e-01 2 0 -5.530777e-04 -6.297262e-04 -5.440572e-04 1.245908e-03 8.566897e-05
4.614624e+00 -2.531024e+00 1.000094e+00 9.982909e-01 2.333457e-03 1.000123e+00 8.437000e-01 2 0 2.181618e-04 -3.216047e-04 -1.546161e-03 -5.167799e-04 -1.224556e-03
4.600000e+00 -2.181596e+00 9.988132e-01 9.977361e-01 2.330518e-03 9.986234e-01 8.433234e-01 2 0 1.543465e-03 -2.942473e-03 -2.222701e-03 4.506920e-04 7.197720e-04
4.345346e+00 -4.107168e+00 1.002040e+00 9.999453e-01 1.121834e-03 1.002857e+00 8.447644e-01 2 0 4.231423e-03 -3.082241e-03 -2.208418e-03 5.149159e-03 8.738231e-04
4.238178e+00 -3.729044e+00 1.001618e+00 9.990083e-01 2.242770e-03 1.002281e+00 8.440388e-01 2 0 1.175719e-03 -3.931064e-04 -1.615986e-04 1.326730e-03 2.315079e-04
4.062503e+00 -3.019628e+00 9.995477e-01 9.991104e-01 2.970633e-03 9.993752e-01 8.444790e-01 2 0 3.634982e-04 -1.432058e-04 -1.308202e-03 1.159696e-03 -1.164996e-03
3.959970e+00 -2.332772e+00 9.984521e-01 9.980016e-01 3.602165e-03 9.980176e-01 8.436544e-01 2 0 -1.234683e-05 -2.628600e-03 -1.369956e-03 -1.355429e-03 1.258645e-03
3.945346e+00 -1.982835e+00 1.000144e+00 9.972751e-01 2.071226e-03 9.997533e-01 8.430180e-01 2 0 -3.518990e-03 -2.163229e-04 2.243622e-03 -8.204003e-03 2.459945e-03
4.000000e+00 -4.000000e+00 1.003889e+00 9.969615e-01 2.453690e-03 1.005825e+00 8.417773e-01 2 0 1.682407e-02 8.452333e-03 -3.819601e-03 -5.800093e-03 -1.227193e-02
3.892832e+00 -3.621026e+00 1.002482e+00 9.983114e-01 1.423992e-03 1.003316e+00 8.433770e-01 2 0 4.853720e-03 2.984692e-03 6.289035e-03 2.175201e-03 3.304343e-03
3.717157e+00 -2.911871e+00 9.988669e-01 9.975961e-01 3.723961e-03 9.986173e-01 8.432338e-01 2 0 9.116341e-03 -4.110945e-04 -1.935612e-03 3.153267e-03 -1.524518e-03
3.614624e+00 -2.226117e+00 1.001788e+00 9.976042e-01 3.091686e-03 1.002103e+00 8.430008e-01 2 0 1.416449e-03 4.255118e-03 3.045751e-03 -6.914228e-03 -1.209367e-03
3.600000e+00 -1.876393e+00 1.005399e+00 1.000148e+00 -6.909123e-04 1.006252e+00 8.449213e-01 2 0 -1.294134e-02 9.163753e-03 4.481145e-03 -1.190925e-02 -4.682608e-03
VARIABLES = "X", "Y", "ro", "u", "v", "pre", "Ma", "PART", "IMEX", "Ux", "Uy", "Vx", "Vy", "Vort" 
ZONE I=5, J=5, DATAPACKING=POINT
5.600000e+00 -2.380423e+00 9.993729e-01 9.985086e-01 1.029751e-03 9.991444e-01 8.439908e-01 2 0 1.531560e-03 -1.035467e-03 -1.787252e-03 -2.031714e-03 -7.517851e-04
5.614624e+00 -2.036471e+00 9.984989e-01 9.988093e-01 5.973588e-04 9.973446e-01 8.446365e-01 2 0 -6.498531e-04 2.749667e-03 2.948850e-03 -7.933014e-04 1.991829e-04
5.717157e+00 -1.390171e+00 9.969722e-01 1.000780e+00 5.667407e-04 9.948844e-01 8.467004e-01 2 0 -3.170599e-04 2.038446e-03 -7.009388e-03 1.720402e-03 -9.047835e-03
5.892832e+00 -7.439299e-01 9.970876e-01 1.000945e+00 7.130985e-04 9.952917e-01 8.467161e-01 2 0 -1.011510e-03 -8.540944e-05 -2.012783e-02 6.431065e-03 -2.004242e-02
6.000000e+00 -4.000000e-01 9.974315e-01 1.001364e+00 8.789854e-04 9.959389e-01 8.469415e-01 2 0 -1.790826e-03 5.368353e-03 -1.715490e-02 5.072998e-03 -2.252325e-02
5.254654e+00 -2.333398e+00 9.997370e-01 9.984822e-01 1.183530e-03 9.993847e-01 8.440207e-01 2 0 2.282195e-04 1.024647e-03 -1.395224e-03 -4.171888e-03 -2.419871e-03
5.269278e+00 -1.990568e+00 9.987220e-01 9.990045e-01 6.069010e-04 9.980202e-01 8.446099e-01 2 0 8.174817e-04 1.343327e-03 -2.455099e-03 1.105523e-03 -3.798427e-03
5.371811e+00 -1.352295e+00 9.968420e-01 9.994770e-01 2.600177e-03 9.966028e-01 8.448165e-01 2 0 5.569907e-03 -1.272045e-03 -2.238701e-03 4.242773e-03 -9.666565e-04
5.547486e+00 -7.203484e-01 9.961096e-01 9.992922e-01 3.699664e-03 9.960172e-01 8.446010e-01 2 0 7.325440e-03 -2.441133e-03 1.158890e-03 -1.356884e-03 3.600024e-03
5.654654e+00 -3.853764e-01 9.967652e-01 9.994109e-01 2.813150e-03 9.966481e-01 8.447093e-01 2 0 9.081860e-03 -1.743798e-03 3.215141e-03 -4.863070e-03 4.958938e-03
4.600000e+00 -2.181596e+00 9.988227e-01 9.978068e-01 2.287492e-03 9.985828e-01 8.434042e-01 2 0 1.250037e-03 -2.488131e-03 -1.841715e-03 7.645985e-04 6.464164e-04
4.614624e+00 -1.840332e+00 9.979442e-01 9.968430e-01 2.209015e-03 9.977184e-01 8.425835e-01 2 0 4.055869e-03 -3.051829e-03 -2.199261e-04 -1.426597e-03 2.831903e-03
4.717157e+00 -1.213576e+00 9.988128e-01 9.955623e-01 1.151919e-04 9.979451e-01 8.417694e-01 2 0 3.278796e-03 -1.988743e-03 6.042777e-03 -6.222430e-03 8.031519e-03
4.892832e+00 -6.034087e-01 9.994068e-01 9.952740e-01 -2.903954e-03 9.982364e-01 8.416565e-01 2 0 1.260691e-03 -4.181622e-04 8.574953e-03 -7.143765e-03 8.993115e-03
5.000000e+00 -2.828427e-01 9.994881e-01 9.952310e-01 -3.987702e-03 9.985513e-01 8.415249e-01 2 0 -4.843123e-04 -8.429474e-04 7.868109e-03 -5.072446e-03 8.711056e-03
3.945346e+00 -1.982835e+00 1.000148e+00 9.973982e-01 2.123353e-03 9.998567e-01 8.430801e-01 2 0 -4.408378e-03 -4.848333e-03 1.179629e-03 -9.069005e-03 6.027962e-03
3.959970e+00 -1.642080e+00 1.002316e+00 9.967096e-01 8.801678e-05 1.001494e+00 8.427190e-01 2 0 -9.265123e-03 1.595536e-03 2.566609e-03 -3.168823e-03 9.710737e-04
4.062503e+00 -1.019628e+00 1.002889e+00 9.984378e-01 5.475982e-04 1.002523e+00 8.439880e-01 2 0 -1.468690e-02 6.482455e-03 -1.545560e-02 6.786266e-03 -2.193805e-02
4.238178e+00 -4.197361e-01 1.001582e+00 9.993087e-01 2.006162e-03 1.001529e+00 8.445940e-01 2 0 -1.145978e-02 4.207996e-03 -2.988969e-02 1.006415e-02 -3.409769e-02
4.345346e+00 -1.071682e-01 1.001551e+00 9.997081e-01 1.184295e-03 1.001683e+00 8.448521e-01 2 0 -6.822192e-03 6.753865e-03 -2.942363e-02 3.734525e-03 -3.617750e-02
3.600000e+00 -1.876393e+00 1.005260e+00 9.998717e-01 -2.354447e-04 1.006065e+00 8.447078e-01 2 0 -1.106108e-02 9.726684e-03 4.957176e-03 -7.470861e-03 -4.769508e-03
3.614624e+00 -1.535425e+00 1.004194e+00 1.003846e+00 3.790015e-04 1.005441e+00 8.478785e-01 2 0 -3.094500e-02 1.400873e-02 -8.137024e-03 1.219138e-02 -2.214575e-02
3.717157e+00 -9.118713e-01 9.978934e-01 1.008046e+00 1.245475e-02 1.002313e+00 8.501387e-01 2 0 -3.964744e-02 9.628861e-03 -4.035399e-02 3.052243e-02 -4.998285e-02
3.892832e+00 -3.117178e-01 9.950483e-01 1.004072e+00 1.953576e-02 9.998935e-01 8.466970e-01 2 0 -1.126806e-02 -7.675149e-03 -5.189292e-02 1.628359e-02 -4.421777e-02
4.000000e+00 2.143592e-08 9.964663e-01 1.000776e+00 1.665354e-02 1.000380e+00 8.442710e-01 2 0 9.498543e-03 -7.356380e-03 -4.746712e-02 -1.234522e-03 -4.011074e-02
VARIABLES = "X", "Y", "ro", "u", "v", "pre", "Ma", "PART", "IMEX", "Ux", "Uy", "Vx", "Vy", "Vort" 
ZONE I=5, J=5, DATAPACKING=POINT
8.000000e+00 -8.000000e+00 9.978028e-01 9.980981e-01 -1.099684e-03 9.969292e-01 8.439169e-01 2 0 -1.687542e-02 9.810805e-03 4.998073e-03 -6.762424e-03 -4.812732e-03
8.107168e+00 -7.621026e+00 9.963268e-01 9.997445e-01 -2.725721e-03 9.948595e-01 8.455643e-01 2 0 -5.239329e-03 4.859576e-03 4.903910e-03 -2.774739e-03 4.433437e-05
8.282843e+00 -6.911871e+00 9.989386e-01 1.000606e+00 -1.088824e-03 9.985117e-01 8.458476e-01 2 0 7.217703e-03 -2.239419e-03 -2.219980e-03 4.982680e-03 1.943914e-05
8.385376e+00 -6.226117e+00 1.001089e+00 9.997720e-01 1.273569e-03 1.001528e+00 8.447767e-01 2 0 -9.572915e-04 -5.159287e-04 8.977800e-04 8.611751e-04 1.413709e-03
8.400000e+00 -5.876393e+00 1.000764e+00 1.000033e+00 9.012974e-04 1.001071e+00 8.450528e-01 2 0 -9.080961e-03 1.556699e-03 2.106322e-03 -2.762415e-03 5.496235e-04
7.654654e+00 -8.107168e+00 9.969173e-01 1.000708e+00 -1.104241e-03 9.956839e-01 8.462767e-01 2 0 -1.412297e-03 -3.529305e-03 9.994899e-04 -9.139383e-03 4.528795e-03
7.761822e+00 -7.729044e+00 9.966329e-01 9.998253e-01 -2.659191e-03 9.952922e-01 8.455786e-01 2 0 1.389005e-03 -2.324892e-03 -2.896547e-03 -2.877363e-05 -5.716550e-04
7.937497e+00 -7.019628e+00 9.995679e-01 9.990932e-01 -1.197620e-03 9.993928e-01 8.444625e-01 2 0 2.210533e-03 -3.029657e-04 2.105853e-04 3.346710e-03 5.135511e-04
8.040030e+00 -6.332772e+00 1.000733e+00 1.000271e+00 5.934667e-04 1.001031e+00 8.452577e-01 2 0 -2.506612e-03 3.344074e-03 2.657085e-03 8.465999e-04 -6.869892e-04
8.054654e+00 -5.982835e+00 9.996858e-01 1.001425e+00 4.866305e-04 9.995534e-01 8.464150e-01 2 0 -2.552880e-03 2.509511e-03 2.247961e-03 -2.473093e-03 -2.615499e-04
7.000000e+00 -8.282843e+00 1.000960e+00 9.999340e-01 -5.638872e-04 1.001344e+00 8.449366e-01 2 0 1.883919e-03 1.174596e-03 1.195400e-03 3.821501e-04 2.080330e-05
7.107168e+00 -7.912717e+00 9.997384e-01 1.000068e+00 -8.918451e-04 9.996350e-01 8.452560e-01 2 0 -1.808455e-03 8.352201e-06 -9.692344e-05 -1.737534e-03 -1.052756e-04
7.282843e+00 -7.213576e+00 9.983096e-01 9.996845e-01 -2.044331e-03 9.976353e-01 8.451749e-01 2 0 -3.063631e-03 6.935822e-04 6.915010e-04 -8.171505e-04 -2.081232e-06
7.385376e+00 -6.531024e+00 9.989551e-01 1.000316e+00 -1.315026e-03 9.985376e-01 8.455987e-01 2 0 1.219372e-03 1.344151e-03 1.163665e-03 2.580950e-03 -1.804859e-04
7.400000e+00 -6.181596e+00 9.997702e-01 1.000706e+00 -2.684925e-04 9.996658e-01 8.457950e-01 2 0 3.036393e-03 5.441565e-04 9.362274e-05 2.244942e-03 -4.505338e-04
6.345346e+00 -8.385376e+00 1.000601e+00 1.000200e+00 -1.948652e-03 1.000845e+00 8.452217e-01 2 0 -4.801393e-03 5.563444e-03 9.549750e-04 -8.222362e-04 -4.608469e-03
6.452514e+00 -8.029656e+00 1.000695e+00 1.001278e+00 -2.078782e-03 1.000971e+00 8.461196e-01 2 0 -9.443033e-04 2.117514e-03 2.367231e-03 -2.044016e-04 2.497167e-04
6.628189e+00 -7.352295e+00 9.986739e-01 1.000971e+00 -1.312218e-03 9.981420e-01 8.462012e-01 2 0 1.292046e-03 -2.727175e-03 -2.816489e-03 1.684732e-03 -8.931431e-05
6.730722e+00 -6.681260e+00 9.993910e-01 9.989257e-01 -1.119925e-03 9.991426e-01 8.443518e-01 2 0 1.726668e-03 -2.697188e-03 -2.418150e-03 -2.519803e-05 2.790381e-04
6.745346e+00 -6.333398e+00 1.000418e+00 9.985150e-01 -9.768709e-04 1.000596e+00 8.438246e-01 2 0 1.916707e-03 5.202942e-04 1.847109e-03 2.922734e-03 1.326815e-03
6.000000e+00 -8.400000e+00 9.972019e-01 1.002886e+00 -1.270540e-03 9.960685e-01 8.480765e-01 2 0 -1.592268e-02 -4.558840e-03 -3.235833e-03 -7.819485e-03 1.323007e-03
6.107168e+00 -8.053238e+00 1.000085e+00 1.001068e+00 -2.096637e-03 1.000122e+00 8.460433e-01 2 0 -3.055138e-04 -3.786482e-03 -3.369137e-03 1.541102e-03 4.173449e-04
6.282843e+00 -7.390171e+00 1.001368e+00 9.994826e-01 -3.293203e-04 1.001920e+00 8.444844e-01 2 0 9.655715e-03 -3.291731e-03 -3.095763e-03 3.654217e-03 1.959678e-04
6.385376e+00 -6.727163e+00 1.000117e+00 9.992002e-01 -1.033333e-04 1.000163e+00 8.444588e-01 2 0 -3.332940e-03 -6.084266e-05 -2.049722e-03 -3.369783e-03 -1.988880e-03
6.400000e+00 -6.380423e+00 1.000001e+00 9.986883e-01 -2.355459e-03 1.000034e+00 8.440342e-01 2 0 -3.783525e-03 -3.721961e-03 5.887938e-03 -7.417416e-03 9.609899e-03
VARIABLES = "X", "Y", "ro", "u", "v", "pre", "Ma", "PART", "IMEX", "Ux", "Uy", "Vx", "Vy", "Vort" 
ZONE I=5, J=5, DATAPACKING=POINT
8.400000e+00 -5.876393e+00 1.000965e+00 9.998502e-01 9.673956e-04 1.001351e+00 8.448651e-01 2 0 -9.847797e-03 3.315121e-03 4.580256e-03 -9.656190e-03 1.265135e-03
8.385376e+00 -5.535425e+00 1.000472e+00 1.000319e+00 -9.378448e-04 1.000655e+00 8.453464e-01 2 0 -5.239985e-03 -1.249480e-03 -2.026791e-03 -2.186268e-03 -7.773109e-04
8.282843e+00 -4.911871e+00 1.001775e+00 9.992383e-01 -3.448244e-04 1.002489e+00 8.442097e-01 2 0 1.474852e-03 -8.164276e-04 -2.524850e-03 1.469618e-03 -1.708423e-03
8.107168e+00 -4.311718e+00 1.000541e+00 9.995453e-01 2.153147e-04 1.000758e+00 8.446780e-01 2 0 1.644373e-03 2.194248e-03 1.013121e-03 -3.187610e-04 -1.181128e-03
8.000000e+00 -4.000000e+00 9.992345e-01 9.998465e-01 -2.451086e-04 9.989133e-01 8.451604e-01 2 0 5.713271e-03 1.905317e-03 2.097490e-03 -2.543821e-03 1.921728e-04
8.054654e+00 -5.982835e+00 9.997164e-01 1.001319e+00 3.733645e-04 9.995966e-01 8.463201e-01 2 0 -2.392785e-03 1.275936e-03 3.223402e-03 -4.260216e-03 1.947467e-03
8.040030e+00 -5.642080e+00 9.996283e-01 1.001223e+00 -2.195110e-04 9.994772e-01 8.462521e-01 2 0 3.417696e-04 -1.697545e-03 -1.727555e-03 -3.938080e-04 -3.000996e-05
7.937497e+00 -5.019628e+00 1.001095e+00 1.000053e+00 2.026706e-04 1.001540e+00 8.450114e-01 2 0 -2.101040e-03 -1.557403e-03 -1.220451e-03 5.137363e-04 3.369523e-04
7.761822e+00 -4.419736e+00 1.000444e+00 9.998502e-01 4.046944e-04 1.000616e+00 8.449550e-01 2 0 -1.500049e-03 -1.228434e-03 -1.323238e-03 -4.305795e-04 -9.480401e-05
7.654654e+00 -4.107168e+00 1.000367e+00 9.990761e-01 4.563753e-04 1.000527e+00 8.443061e-01 2 0 9.997944e-04 -3.948434e-03 -3.295332e-03 -6.742934e-04 6.531026e-04
7.400000e+00 -6.181596e+00 9.997378e-01 1.000721e+00 -4.146685e-04 9.996266e-01 8.458109e-01 2 0 4.082879e-03 -3.506476e-03 -7.273780e-04 3.986554e-03 2.779098e-03
7.385376e+00 -5.840332e+00 1.000684e+00 1.000275e+00 3.691324e-04 1.000965e+00 8.452678e-01 2 0 1.520393e-03 4.969670e-04 2.377521e-04 5.368921e-04 -2.592149e-04
7.282843e+00 -5.213576e+00 9.994438e-01 1.000889e+00 2.925923e-04 9.992185e-01 8.460013e-01 2 0 9.552774e-05 5.153245e-04 3.475890e-04 5.015858e-04 -1.677355e-04
7.107168e+00 -4.603409e+00 9.993448e-01 1.000520e+00 1.274383e-03 9.990861e-01 8.457038e-01 2 0 8.029725e-04 -9.204963e-04 -8.722911e-04 1.942414e-03 4.820518e-05
7.000000e+00 -4.282843e+00 1.000446e+00 1.000341e+00 1.764952e-03 1.000622e+00 8.453695e-01 2 0 -2.271472e-03 -3.768691e-04 6.493924e-04 1.357846e-03 1.026261e-03
6.745346e+00 -6.333398e+00 1.000520e+00 9.984853e-01 -7.256751e-04 1.000739e+00 8.437823e-01 2 0 1.211063e-03 5.561000e-03 1.645887e-03 -1.499125e-04 -3.915112e-03
6.730722e+00 -5.990568e+00 9.998036e-01 9.999613e-01 -8.923451e-04 9.997280e-01 8.451538e-01 2 0 -1.065206e-03 2.706879e-03 3.064460e-03 7.465428e-04 3.575812e-04
6.628189e+00 -5.352295e+00 9.993221e-01 1.000146e+00 2.072446e-04 9.990477e-01 8.453934e-01 2 0 1.974547e-03 -1.048083e-03 -1.025474e-03 1.935285e-03 2.260880e-05
6.452514e+00 -4.720348e+00 1.000606e+00 9.997013e-01 6.201709e-04 1.000847e+00 8.448003e-01 2 0 1.573937e-04 1.857262e-03 2.184368e-03 -1.047117e-03 3.271057e-04
6.345346e+00 -4.385376e+00 1.000904e+00 1.001270e+00 -5.146080e-04 1.001232e+00 8.460893e-01 2 0 -9.796953e-04 7.328373e-03 4.552556e-03 -3.155392e-03 -2.775817e-03
6.400000e+00 -6.380423e+00 9.998395e-01 9.986095e-01 -1.890252e-03 9.998061e-01 8.439947e-01 2 0 -5.122804e-03 9.516555e-03 5.204172e-03 -2.400083e-03 -4.312383e-03
6.385376e+00 -6.036471e+00 9.984213e-01 1.000161e+00 -2.023014e-03 9.977803e-01 8.455634e-01 2 0 2.632720e-05 4.922205e-04 2.043575e-03 3.162101e-03 1.551355e-03
6.282843e+00 -5.390171e+00 1.000146e+00 9.992893e-01 7.397847e-04 1.000219e+00 8.445229e-01 2 0 4.371346e-03 3.082034e-04 -1.777047e-03 2.384972e-03 -2.085251e-03
6.107168e+00 -4.743930e+00 1.001105e+00 1.000373e+00 -6.708898e-05 1.001526e+00 8.452916e-01 2 0 -5.689955e-03 1.552819e-03 1.520556e-03 -4.011856e-03 -3.226281e-05
6.000000e+00 -4.400000e+00 1.000804e+00 1.001270e+00 -1.389323e-03 1.001154e+00 8.460802e-01 2 0 -1.958820e-04 1.864203e-03 -2.514234e-04 -6.895298e-04 -2.115626e-03
VARIABLES = "X", "Y", "ro", "u", "v", "pre", "Ma", "PART", "IMEX", "Ux", "Uy", "Vx", "Vy", "Vort" 
ZONE I=5, J=5, DATAPACKING=POINT
8.000000e+00 -4.000000e+00 9.989933e-01 9.999112e-01 -4.429248e-04 9.985779e-01 8.452551e-01 2 0 7.184236e-03 -4.351603e-03 -7.653223e-04 4.582704e-03 3.586280e-03
7.892832e+00 -3.688282e+00 9.992703e-01 9.988339e-01 5.148660e-04 9.989871e-01 8.442885e-01 2 0 5.413746e-03 1.450523e-03 2.596324e-03 1.620760e-03 1.145800e-03
7.717157e+00 -3.088129e+00 9.983326e-01 1.000186e+00 -8.244615e-05 9.976553e-01 8.455980e-01 2 0 2.864396e-03 3.738543e-03 5.435025e-03 -6.166072e-05 1.696482e-03
7.614624e+00 -2.464575e+00 9.988773e-01 1.000957e+00 -2.490500e-04 9.984823e-01 8.461306e-01 2 0 4.970081e-03 -8.833148e-04 -4.293686e-04 7.251229e-04 4.539462e-04
7.600000e+00 -2.123607e+00 9.999434e-01 9.999504e-01 2.465419e-06 1.000038e+00 8.450725e-01 2 0 6.699999e-03 -4.661260e-03 -4.978058e-03 5.087730e-04 -3.167977e-04
7.654654e+00 -4.107168e+00 1.000353e+00 9.991999e-01 4.532710e-04 1.000502e+00 8.444151e-01 2 0 1.293278e-03 -4.832921e-03 -4.508689e-03 1.658898e-03 3.242314e-04
7.547486e+00 -3.793842e+00 1.000847e+00 9.984501e-01 4.391587e-04 1.001189e+00 8.437005e-01 2 0 -2.632156e-03 -4.939875e-04 -4.366056e-04 -2.456176e-03 5.738188e-05
7.371811e+00 -3.189442e+00 9.998012e-01 9.997090e-01 -1.087619e-03 9.997212e-01 8.449426e-01 2 0 -2.125587e-03 1.487308e-03 1.184161e-03 -7.649000e-04 -3.031470e-04
7.269278e+00 -2.562513e+00 9.996655e-01 9.997417e-01 -2.483501e-04 9.995660e-01 8.449780e-01 2 0 2.338903e-03 -1.632766e-03 -9.492776e-04 2.831383e-03 6.834882e-04
7.254654e+00 -2.221011e+00 1.000158e+00 9.989881e-01 5.784783e-04 1.000172e+00 8.442935e-01 2 0 1.593693e-03 -2.122103e-03 -1.147878e-03 1.135909e-03 9.742256e-04
7.000000e+00 -4.282843e+00 1.000583e+00 1.000309e+00 1.921362e-03 1.000810e+00 8.453212e-01 2 0 -2.779410e-03 3.325571e-03 1.339523e-03 -1.619238e-03 -1.986048e-03
6.892832e+00 -3.960274e+00 1.000336e+00 1.001552e+00 8.155404e-04 1.000465e+00 8.464115e-01 2 0 -4.302196e-03 1.546130e-03 1.600070e-03 -2.917329e-03 5.394048e-05
6.717157e+00 -3.338209e+00 9.992842e-01 1.001795e+00 -3.289193e-04 9.990088e-01 8.467878e-01 2 0 -2.026478e-03 -2.467974e-03 -2.302514e-03 -4.323854e-04 1.654599e-04
6.614624e+00 -2.699639e+00 9.990677e-01 1.000026e+00 5.859640e-04 9.986672e-01 8.453461e-01 2 0 -1.747005e-03 -2.311942e-03 -2.490061e-03 1.758192e-03 -1.781187e-04
6.600000e+00 -2.356403e+00 9.992823e-01 9.998621e-01 1.086630e-03 9.989342e-01 8.451854e-01 2 0 -3.079679e-03 1.319209e-03 -9.900154e-04 7.951630e-04 -2.309225e-03
6.345346e+00 -4.385376e+00 1.000780e+00 1.001180e+00 -4.354626e-04 1.001062e+00 8.460321e-01 2 0 -9.546220e-04 3.063501e-03 4.326178e-03 -6.480791e-04 1.262677e-03
6.238178e+00 -4.047676e+00 1.000207e+00 1.001941e+00 -5.874685e-04 1.000305e+00 8.467537e-01 2 0 2.424055e-03 1.644906e-03 1.889012e-03 1.760216e-03 2.441063e-04
6.062503e+00 -3.399518e+00 9.997985e-01 1.001608e+00 1.005930e-03 9.996965e-01 8.465571e-01 2 0 2.486918e-03 -6.732218e-04 -1.152965e-03 2.429060e-03 -4.797430e-04
5.959970e+00 -2.745148e+00 9.988757e-01 1.000981e+00 1.862486e-03 9.984533e-01 8.461642e-01 2 0 8.498455e-04 -3.953921e-04 -6.803872e-04 -6.317631e-04 -2.849951e-04
5.945346e+00 -2.399632e+00 9.981869e-01 1.000891e+00 1.255470e-03 9.976118e-01 8.461520e-01 2 0 2.092355e-03 -2.392565e-04 7.048597e-04 -2.934652e-03 9.441161e-04
6.000000e+00 -4.400000e+00 1.000722e+00 1.001431e+00 -1.164358e-03 1.001046e+00 8.462269e-01 2 0 -1.320436e-03 -1.994305e-03 -1.191010e-03 1.030490e-03 8.032954e-04
5.892832e+00 -4.053238e+00 1.000183e+00 1.000974e+00 -7.031962e-04 1.000260e+00 8.459450e-01 2 0 1.234520e-03 -9.177634e-05 -1.570595e-03 1.751023e-03 -1.478819e-03
5.717157e+00 -3.390171e+00 1.000275e+00 1.000897e+00 1.101810e-03 1.000384e+00 8.458669e-01 2 0 2.453632e-04 -5.136318e-04 3.867619e-04 2.468667e-03 9.003937e-04
5.614624e+00 -2.727163e+00 9.999455e-01 9.996457e-01 1.562005e-03 1.000028e+00 8.448208e-01 2 0 8.636217e-03 -2.348387e-03 1.697464e-03 -1.156545e-03 4.045851e-03
5.600000e+00 -2.380423e+00 9.992153e-01 9.985982e-01 8.027774e-04 9.988799e-01 8.441115e-01 2 0 1.322623e-02 -1.786982e-03 4.639331e-04 -2.611313e-03 2.250915e-03
VARIABLES = "X", "Y", "ro", "u", "v", "pre", "Ma", "PART", "IMEX", "Ux", "Uy", "Vx", "Vy", "Vort" 
ZONE I=5, J=5, DATAPACKING=POINT
7.600000e+00 -2.123607e+00 9.999540e-01 9.999309e-01 3.853359e-05 1.000009e+00 8.450725e-01 2 0 6.442603e-03 -5.045943e-03 -4.287020e-03 6.641824e-04 7.589225e-04
7.614624e+00 -1.773883e+00 1.000045e+00 9.994054e-01 -1.297459e-04 9.999127e-01 8.447074e-01 2 0 6.576954e-03 7.612234e-04 -2.203506e-03 -6.852926e-04 -2.964730e-03
7.717157e+00 -1.088129e+00 9.983239e-01 1.002104e+00 4.021014e-06 9.975233e-01 8.472720e-01 2 0 8.285218e-03 3.383187e-03 -1.135723e-03 1.904171e-03 -4.518910e-03
7.892832e+00 -3.789742e-01 9.974065e-01 1.004883e+00 1.903023e-03 9.961919e-01 8.498002e-01 2 0 9.826760e-03 -9.865652e-04 -3.447452e-03 3.932527e-03 -2.460887e-03
8.000000e+00 -4.287183e-08 9.972711e-01 1.004775e+00 2.819531e-03 9.958107e-01 8.498157e-01 2 0 5.092316e-03 -4.571085e-03 1.528195e-03 2.079685e-03 6.099280e-03
7.254654e+00 -2.221011e+00 1.000244e+00 9.989924e-01 5.564597e-04 1.000278e+00 8.442882e-01 2 0 1.889696e-03 -2.958526e-03 -7.018073e-04 -7.449088e-04 2.256719e-03
7.269278e+00 -1.871821e+00 1.000334e+00 9.985573e-01 2.259457e-04 1.000287e+00 8.439547e-01 2 0 -2.675154e-04 2.473133e-04 -1.295245e-03 -8.578533e-04 -1.542558e-03
7.371811e+00 -1.189442e+00 9.992843e-01 9.998147e-01 3.201475e-04 9.991395e-01 8.450589e-01 2 0 3.664428e-03 2.029255e-03 -2.044824e-03 2.017916e-03 -4.074079e-03
7.547486e+00 -4.845336e-01 9.987758e-01 1.001820e+00 2.119546e-03 9.985677e-01 8.467829e-01 2 0 7.789565e-03 4.651362e-04 -3.930959e-04 2.655559e-03 -8.582320e-04
7.654654e+00 -1.071683e-01 9.985387e-01 1.002746e+00 2.588526e-03 9.980140e-01 8.477008e-01 2 0 6.900064e-03 4.451848e-04 5.981406e-04 -1.582325e-03 1.529558e-04
6.600000e+00 -2.356403e+00 9.992636e-01 9.997777e-01 1.117088e-03 9.989108e-01 8.451161e-01 2 0 -2.982164e-03 1.310577e-03 -1.224450e-03 2.539636e-03 -2.535027e-03
6.614624e+00 -2.008947e+00 9.990847e-01 9.999772e-01 1.343187e-03 9.989146e-01 8.452077e-01 2 0 -2.576838e-03 -2.171048e-04 -1.095846e-03 -5.554290e-04 -8.787409e-04
6.717157e+00 -1.338209e+00 9.989370e-01 9.990989e-01 4.756232e-04 9.988274e-01 8.444391e-01 2 0 -8.135894e-04 -1.284085e-03 1.810980e-03 -1.448225e-03 3.095065e-03
6.892832e+00 -6.509661e-01 9.989040e-01 9.988065e-01 7.276463e-04 9.987158e-01 8.442253e-01 2 0 8.968314e-04 6.686894e-04 3.147853e-03 1.288649e-03 2.479164e-03
7.000000e+00 -2.828427e-01 9.987519e-01 9.994054e-01 1.993979e-03 9.987373e-01 8.446595e-01 2 0 1.493622e-03 1.279028e-03 1.135053e-03 4.838437e-03 -1.439749e-04
5.945346e+00 -2.399632e+00 9.980124e-01 1.000877e+00 1.252708e-03 9.973704e-01 8.461682e-01 2 0 1.738213e-03 -2.196189e-03 7.693650e-04 1.492127e-03 2.965554e-03
5.959970e+00 -2.054456e+00 9.976600e-01 1.000446e+00 1.096627e-03 9.967935e-01 8.458995e-01 2 0 2.151709e-03 -8.791867e-04 1.814390e-03 -2.129734e-03 2.693577e-03
6.062503e+00 -1.399518e+00 9.976531e-01 1.000033e+00 -6.963427e-04 9.961623e-01 8.458142e-01 2 0 -1.307740e-03 -4.575938e-04 -1.668560e-04 -2.282785e-03 2.907378e-04
6.238178e+00 -7.383678e-01 9.981341e-01 9.997806e-01 -8.847303e-04 9.965731e-01 8.456306e-01 2 0 -2.960513e-03 1.369434e-03 -5.861267e-04 2.295549e-03 -1.955560e-03
6.345346e+00 -3.853764e-01 9.985707e-01 1.000278e+00 3.136310e-04 9.972224e-01 8.459606e-01 2 0 -3.299750e-03 2.679893e-03 1.091838e-03 3.881490e-03 -1.588055e-03
5.600000e+00 -2.380423e+00 9.991221e-01 9.987425e-01 8.513678e-04 9.988156e-01 8.442213e-01 2 0 1.286528e-02 -9.055104e-04 2.817407e-04 -2.345295e-03 1.187251e-03
5.614624e+00 -2.036471e+00 9.981990e-01 9.988736e-01 4.661546e-04 9.968834e-01 8.447592e-01 2 0 7.748365e-03 1.281795e-03 5.493160e-04 -1.256291e-04 -7.324795e-04
5.717157e+00 -1.390171e+00 9.971778e-01 1.000471e+00 6.758960e-04 9.949677e-01 8.464912e-01 2 0 -2.792522e-03 2.360416e-03 -8.320039e-03 2.034413e-03 -1.068046e-02
5.892832e+00 -7.439299e-01 9.974994e-01 1.000642e+00 5.882355e-04 9.956643e-01 8.464762e-01 2 0 -3.189656e-03 6.931604e-04 -9.698937e-03 2.843718e-03 -1.039210e-02
6.000000e+00 -4.000000e-01 9.976063e-01 1.001062e+00 6.932885e-04 9.961238e-01 8.466817e-01 2 0 -2.198121e-03 5.978128e-03 -5.459750e-03 1.705595e-03 -1.143788e-02
