VARIABLES = "X", "Y", "ro", "u", "v", "pre", "Ma", "PART", "IMEX", "Ux", "Uy", "Vx", "Vy", "Vort" 
ZONE I=5, J=5, DATAPACKING=POINT
-6.000000e+00 -7.600000e+00 1.003297e+00 9.991133e-01 1.979235e-03 1.004617e+00 8.438517e-01 1 0 -9.956871e-04 -1.154721e-03 9.861136e-04 -2.539728e-03 2.140834e-03
-5.892832e+00 -7.256070e+00 1.002795e+00 9.990870e-01 8.055740e-04 1.003913e+00 8.439128e-01 1 0 -6.213257e-03 2.621318e-03 1.520659e-03 -4.539788e-03 -1.100659e-03
-5.717157e+00 -6.609829e+00 1.000388e+00 9.994535e-01 -7.111607e-04 1.000552e+00 8.446234e-01 1 0 3.032060e-03 -1.203609e-03 -1.859598e-03 4.358825e-04 -6.559891e-04
-5.614624e+00 -5.963529e+00 9.994171e-01 9.978524e-01 -1.056379e-04 9.991843e-01 8.434374e-01 1 0 -1.213070e-03 -4.119403e-03 -1.661793e-03 2.635522e-04 2.457611e-03
-5.600000e+00 -5.619577e+00 1.000121e+00 9.963137e-01 -8.142838e-04 1.000175e+00 8.420160e-01 1 0 -7.522030e-03 -3.154475e-03 4.544333e-04 -2.474106e-03 3.608909e-03
-6.345346e+00 -7.614624e+00 1.002496e+00 9.994473e-01 1.626211e-03 1.003495e+00 8.442679e-01 1 0 -6.192797e-04 3.129881e-03 1.606417e-03 -2.394369e-03 -1.523464e-03
-6.238178e+00 -7.261632e+00 1.001353e+00 9.996776e-01 7.752937e-04 1.001896e+00 8.446530e-01 1 0 5.544865e-04 -1.179907e-03 -8.157088e-04 -2.093172e-03 3.641983e-04
-6.062503e+00 -6.600482e+00 1.000877e+00 9.987270e-01 -1.704504e-04 1.001230e+00 8.439295e-01 1 0 4.858057e-04 -9.794293e-04 -1.251043e-03 4.634223e-05 -2.716135e-04
-5.959970e+00 -5.945544e+00 9.990326e-01 9.987265e-01 1.191791e-04 9.986466e-01 8.442410e-01 1 0 -2.890984e-03 6.233389e-04 1.091921e-03 -6.772402e-06 4.685820e-04
-5.945346e+00 -5.600368e+00 9.981335e-01 9.987036e-01 -4.192846e-04 9.973853e-01 8.443752e-01 1 0 -5.161715e-03 5.785714e-04 -2.404524e-03 -5.651684e-03 -2.983095e-03
-7.000000e+00 -7.717157e+00 1.000805e+00 9.986159e-01 3.866076e-04 1.001132e+00 8.438470e-01 1 0 2.981124e-03 -1.368837e-03 1.520679e-03 2.511654e-03 2.889516e-03
-6.892832e+00 -7.349034e+00 1.000821e+00 9.988489e-01 1.101647e-03 1.001149e+00 8.440434e-01 1 0 7.000641e-04 1.041416e-03 9.831050e-04 5.451266e-05 -5.831148e-05
-6.717157e+00 -6.661791e+00 9.996825e-01 9.997977e-01 -8.698647e-05 9.995535e-01 8.450378e-01 1 0 -3.108518e-03 1.694492e-03 1.517525e-03 -3.074846e-03 -1.769664e-04
-6.614624e+00 -5.991053e+00 9.998993e-01 9.999687e-01 -8.303989e-04 9.998616e-01 8.451440e-01 1 0 -3.945668e-04 -3.816521e-04 3.961239e-05 1.932304e-03 4.212645e-04
-6.600000e+00 -5.643597e+00 9.999770e-01 9.998154e-01 7.271755e-04 9.999677e-01 8.450024e-01 1 0 1.308553e-03 2.586034e-04 -1.216453e-03 6.413370e-03 -1.475056e-03
-7.654654e+00 -7.892832e+00 9.989524e-01 9.972209e-01 -8.084858e-04 9.985340e-01 8.429823e-01 1 0 -1.474129e-03 4.881062e-03 4.379691e-04 3.113684e-03 -4.443093e-03
-7.547486e+00 -7.515466e+00 9.987157e-01 9.988854e-01 -9.446729e-04 9.982029e-01 8.444295e-01 1 0 -2.588577e-03 5.437790e-03 5.739247e-03 -2.918514e-03 3.014571e-04
-7.371811e+00 -6.810558e+00 9.986233e-01 1.001080e+00 -9.961571e-04 9.980766e-01 8.462990e-01 1 0 -2.650505e-04 6.038998e-04 6.129087e-04 1.561642e-03 9.008906e-06
-7.269278e+00 -6.128179e+00 1.001034e+00 9.996436e-01 4.119444e-04 1.001450e+00 8.446777e-01 1 0 1.633602e-03 -3.906646e-03 -3.842544e-03 1.497538e-03 6.410137e-05
-7.254654e+00 -5.778989e+00 1.002841e+00 9.985950e-01 3.733164e-04 1.003992e+00 8.434829e-01 1 0 5.745254e-04 -1.369198e-03 -3.048617e-04 1.269196e-03 1.064336e-03
-8.000000e+00 -8.000000e+00 9.976668e-01 9.981605e-01 -1.144814e-03 9.967396e-01 8.439924e-01 1 0 -7.463179e-03 5.334223e-03 2.110041e-03 -5.650576e-03 -3.224182e-03
-7.892832e+00 -7.621026e+00 9.963741e-01 9.994259e-01 -2.702063e-03 9.949245e-01 8.452873e-01 1 0 -5.322313e-03 4.621325e-03 5.922707e-03 -2.921879e-03 1.301382e-03
-7.717157e+00 -6.911871e+00 9.990401e-01 1.000546e+00 -1.021764e-03 9.986524e-01 8.457801e-01 1 0 3.310419e-03 -8.823263e-04 -2.445224e-03 5.049667e-03 -1.562898e-03
-7.614624e+00 -6.226117e+00 1.001015e+00 9.997487e-01 1.369914e-03 1.001426e+00 8.447694e-01 1 0 -1.397594e-03 -1.115672e-03 -1.043314e-03 1.102409e-03 7.235793e-05
-7.600000e+00 -5.876393e+00 1.000801e+00 9.996431e-01 1.029164e-03 1.001121e+00 8.447183e-01 1 0 -9.351384e-03 8.350721e-05 -3.143316e-03 -2.851677e-03 -3.226823e-03
VARIABLES = "X", "Y", "ro", "u", "v", "pre", "Ma", "PART", "IMEX", "Ux", "Uy", "Vx", "Vy", "Vort" 
ZONE I=5, J=5, DATAPACKING=POINT
-5.600000e+00 -5.619577e+00 9.998956e-01 9.965443e-01 -3.290531e-04 9.998598e-01 8.422488e-01 1 0 -6.621578e-03 8.844449e-03 4.968486e-03 3.389669e-03 -3.875963e-03
-5.614624e+00 -5.272837e+00 9.972496e-01 9.988665e-01 5.593109e-04 9.961497e-01 8.446624e-01 1 0 7.670443e-03 6.537491e-03 5.175599e-03 4.039861e-03 -1.361892e-03
-5.717157e+00 -4.609829e+00 9.951609e-01 1.001977e+00 2.593270e-03 9.932392e-01 8.476472e-01 1 0 1.121264e-02 5.857455e-03 6.251904e-03 2.727367e-03 3.944492e-04
-5.892832e+00 -3.946762e+00 9.940280e-01 1.003106e+00 2.098423e-03 9.916468e-01 8.487981e-01 1 0 5.777629e-04 1.336558e-04 8.900036e-04 -1.537837e-03 7.563478e-04
-6.000000e+00 -3.600000e+00 9.939428e-01 1.002848e+00 1.919312e-03 9.915016e-01 8.486057e-01 1 0 2.311798e-03 -9.467056e-05 -3.153531e-03 1.933149e-04 -3.058860e-03
-5.945346e+00 -5.600368e+00 9.979736e-01 9.989773e-01 -7.590852e-04 9.971634e-01 8.446331e-01 1 0 -5.101983e-03 -3.931497e-03 -1.035984e-03 -2.796364e-05 2.895513e-03
-5.959970e+00 -5.254852e+00 9.989712e-01 9.978943e-01 -1.103413e-04 9.985590e-01 8.435487e-01 1 0 -4.086935e-04 -1.014432e-03 -1.011496e-03 1.752323e-03 2.935993e-06
-6.062503e+00 -4.600482e+00 9.979751e-01 9.992876e-01 6.905286e-04 9.971682e-01 8.448940e-01 1 0 3.393325e-03 4.904257e-03 4.479677e-03 1.674505e-03 -4.245799e-04
-6.238178e+00 -3.952324e+00 9.957309e-01 1.001488e+00 1.291793e-03 9.940229e-01 8.471395e-01 1 0 5.068857e-03 2.722998e-03 2.490090e-03 2.512624e-03 -2.329083e-04
-6.345346e+00 -3.614624e+00 9.960084e-01 1.001137e+00 2.171288e-03 9.944028e-01 8.468004e-01 1 0 5.302942e-03 -1.587513e-03 1.725247e-04 4.249085e-03 1.760037e-03
-6.600000e+00 -5.643597e+00 1.000005e+00 9.999204e-01 5.558261e-04 1.000008e+00 8.450857e-01 1 0 2.053405e-03 -3.309219e-03 -2.538722e-03 6.091114e-03 7.704969e-04
-6.614624e+00 -5.300361e+00 1.000101e+00 9.993880e-01 1.237511e-03 1.000145e+00 8.446189e-01 1 0 -2.309816e-03 -9.256816e-05 -6.367069e-04 -1.714381e-03 -5.441388e-04
-6.717157e+00 -4.661791e+00 9.977378e-01 9.998314e-01 -6.238277e-04 9.968286e-01 8.453972e-01 1 0 -2.904200e-03 -4.319839e-04 -1.027558e-04 -1.628515e-03 3.292281e-04
-6.892832e+00 -4.039726e+00 9.983322e-01 9.994533e-01 2.731878e-04 9.976619e-01 8.449759e-01 1 0 3.343318e-04 -6.234955e-04 -5.644019e-04 3.334521e-03 5.909359e-05
-7.000000e+00 -3.717157e+00 9.988268e-01 9.995671e-01 1.089595e-03 9.983765e-01 8.449794e-01 1 0 -1.202386e-03 1.137625e-03 1.751535e-03 1.288187e-03 6.139098e-04
-7.254654e+00 -5.778989e+00 1.002942e+00 9.985880e-01 9.301793e-04 1.004130e+00 8.434618e-01 1 0 -7.754148e-04 4.780777e-03 3.330411e-04 -9.651992e-04 -4.447736e-03
-7.269278e+00 -5.437487e+00 1.000815e+00 1.000050e+00 -1.470865e-07 1.001136e+00 8.450609e-01 1 0 -1.083133e-03 3.397478e-03 4.153914e-03 -1.243366e-03 7.564363e-04
-7.371811e+00 -4.810558e+00 9.986644e-01 1.000925e+00 1.280490e-04 9.981281e-01 8.461633e-01 1 0 1.106736e-03 -3.624665e-04 -8.127093e-04 1.229275e-03 -4.502428e-04
-7.547486e+00 -4.206158e+00 9.989308e-01 1.000312e+00 6.529894e-04 9.985102e-01 8.455960e-01 1 0 -8.575660e-04 -2.098760e-04 -2.799529e-05 -6.200881e-04 1.818807e-04
-7.654654e+00 -3.892832e+00 9.979949e-01 1.001021e+00 4.415356e-05 9.971840e-01 8.463609e-01 1 0 -2.139095e-03 4.215657e-03 2.204963e-03 -4.184177e-03 -2.010694e-03
-7.600000e+00 -5.876393e+00 1.001027e+00 9.994539e-01 1.061636e-03 1.001436e+00 8.445205e-01 1 0 -9.690060e-03 4.234643e-03 2.517068e-03 -1.095316e-02 -1.717575e-03
-7.614624e+00 -5.535425e+00 1.000442e+00 1.000339e+00 -1.025306e-03 1.000614e+00 8.453686e-01 1 0 -2.101671e-03 3.345801e-04 1.151240e-03 -2.002807e-03 8.166604e-04
-7.717157e+00 -4.911871e+00 1.001546e+00 9.997745e-01 -3.534416e-04 1.002168e+00 8.447014e-01 1 0 8.307066e-03 9.459486e-04 2.976490e-03 2.900423e-03 2.030542e-03
-7.892832e+00 -4.311718e+00 1.000387e+00 9.998258e-01 2.364194e-04 1.000544e+00 8.449409e-01 1 0 5.164798e-03 2.764779e-03 3.079172e-03 5.030148e-04 3.143930e-04
-8.000000e+00 -4.000000e+00 9.990313e-01 1.000038e+00 -1.101650e-04 9.986267e-01 8.453573e-01 1 0 7.928548e-03 2.831901e-03 1.329449e-03 -2.164100e-03 -1.502451e-03
VARIABLES = "X", "Y", "ro", "u", "v", "pre", "Ma", "PART", "IMEX", "Ux", "Uy", "Vx", "Vy", "Vort" 
ZONE I=5, J=5, DATAPACKING=POINT
-6.000000e+00 -3.600000e+00 9.939319e-01 1.002927e+00 1.791477e-03 9.914767e-01 8.486783e-01 1 0 2.106830e-03 -4.486331e-03 -4.040652e-03 1.391149e-03 4.456796e-04
-6.107168e+00 -3.256070e+00 9.946833e-01 1.002006e+00 2.291509e-03 9.925958e-01 8.477420e-01 1 0 9.648715e-04 3.366329e-04 -9.840979e-04 -1.221178e-04 -1.320731e-03
-6.282843e+00 -2.609829e+00 9.928870e-01 1.004336e+00 2.302463e-03 9.900725e-01 8.500270e-01 1 0 1.094350e-02 8.226143e-03 8.843903e-03 2.728029e-03 6.177593e-04
-6.385376e+00 -1.963529e+00 9.920644e-01 1.007339e+00 3.163093e-03 9.891095e-01 8.526315e-01 1 0 1.472513e-02 3.140147e-03 1.073002e-02 1.751592e-03 7.589871e-03
-6.400000e+00 -1.619577e+00 9.930045e-01 1.007089e+00 2.823172e-03 9.905788e-01 8.521903e-01 1 0 1.034528e-02 -2.856216e-03 -2.670728e-03 -3.519965e-03 1.854876e-04
-6.345346e+00 -3.614624e+00 9.960964e-01 1.001181e+00 2.291424e-03 9.945305e-01 8.468204e-01 1 0 5.259261e-03 1.467484e-03 -1.935834e-05 1.962564e-03 -1.486842e-03
-6.452514e+00 -3.279652e+00 9.959948e-01 1.001145e+00 2.056176e-03 9.944130e-01 8.467967e-01 1 0 2.405286e-03 9.293758e-04 1.463305e-03 -1.639587e-03 5.339288e-04
-6.628189e+00 -2.647705e+00 9.956657e-01 1.001462e+00 8.065926e-04 9.939472e-01 8.471218e-01 1 0 4.320402e-03 1.756500e-03 9.492861e-04 -4.538730e-04 -8.072137e-04
-6.730722e+00 -2.009432e+00 9.962279e-01 1.002171e+00 1.672432e-03 9.948768e-01 8.475654e-01 1 0 8.798863e-03 2.357564e-03 1.145366e-03 3.016274e-03 -1.212198e-03
-6.745346e+00 -1.666602e+00 9.958747e-01 1.002876e+00 2.671060e-03 9.944520e-01 8.481942e-01 1 0 7.582099e-03 2.419991e-03 1.791672e-03 1.941675e-03 -6.283186e-04
-7.000000e+00 -3.717157e+00 9.988589e-01 9.994711e-01 1.150821e-03 9.984156e-01 8.448953e-01 1 0 -1.692761e-03 3.603752e-03 2.691721e-03 -4.774829e-04 -9.120303e-04
-7.107168e+00 -3.396591e+00 9.977410e-01 1.000495e+00 1.023943e-03 9.968307e-01 8.459587e-01 1 0 -9.378616e-04 1.612676e-03 1.242868e-03 9.038598e-04 -3.698071e-04
-7.282843e+00 -2.786424e+00 9.964214e-01 1.000874e+00 1.409809e-03 9.949832e-01 8.465050e-01 1 0 -6.720106e-04 -1.626950e-04 -6.809554e-04 8.278978e-05 -5.182604e-04
-7.385376e+00 -2.159668e+00 9.962491e-01 1.001171e+00 1.306895e-03 9.947272e-01 8.467917e-01 1 0 -3.402900e-03 1.083836e-03 7.960476e-04 -1.015975e-04 -2.877882e-04
-7.400000e+00 -1.818404e+00 9.966252e-01 1.001900e+00 1.412403e-03 9.952582e-01 8.473422e-01 1 0 -3.710365e-03 3.466007e-03 8.558563e-04 1.353380e-04 -2.610151e-03
-7.654654e+00 -3.892832e+00 9.977466e-01 1.000990e+00 -2.405499e-04 9.968419e-01 8.463750e-01 1 0 -6.855781e-04 -1.316345e-03 7.875909e-04 1.157602e-03 2.103935e-03
-7.761822e+00 -3.580264e+00 9.978474e-01 1.000560e+00 4.708923e-04 9.969931e-01 8.459897e-01 1 0 2.371559e-03 -6.153410e-04 -4.400801e-04 1.634528e-03 1.752609e-04
-7.937497e+00 -2.980372e+00 9.975735e-01 1.000571e+00 6.715795e-04 9.965838e-01 8.460571e-01 1 0 1.280336e-03 2.067697e-03 2.510826e-03 -2.279389e-04 4.431284e-04
-8.040030e+00 -2.357920e+00 9.967801e-01 1.002228e+00 3.260179e-04 9.954853e-01 8.475884e-01 1 0 1.125476e-03 2.527031e-03 1.634791e-03 7.270348e-04 -8.922400e-04
-8.054654e+00 -2.017165e+00 9.970378e-01 1.002579e+00 9.405092e-04 9.958920e-01 8.478214e-01 1 0 3.658310e-03 -6.775772e-04 8.699241e-04 3.147790e-03 1.547501e-03
-8.000000e+00 -4.000000e+00 9.988017e-01 1.000083e+00 -3.180237e-04 9.983049e-01 8.454346e-01 1 0 9.914209e-03 -4.407854e-03 -1.593424e-03 4.489222e-03 2.814430e-03
-8.107168e+00 -3.688282e+00 9.991279e-01 9.987686e-01 6.312911e-04 9.987850e-01 8.442586e-01 1 0 8.031340e-03 1.699293e-03 -5.769885e-04 3.901735e-04 -2.276281e-03
-8.282843e+00 -3.088129e+00 9.984084e-01 9.999049e-01 -3.036841e-05 9.977669e-01 8.453455e-01 1 0 -9.996579e-04 2.760871e-03 1.563772e-03 -9.681045e-04 -1.197099e-03
-8.385376e+00 -2.464575e+00 9.991133e-01 1.000853e+00 -2.684914e-04 9.988267e-01 8.459968e-01 1 0 5.014390e-03 -2.855795e-04 1.317507e-03 3.658232e-04 1.603086e-03
-8.400000e+00 -2.123607e+00 1.000106e+00 1.000076e+00 -3.534016e-04 1.000310e+00 8.451326e-01 1 0 1.296298e-02 -4.083408e-03 4.553848e-03 -8.284362e-04 8.637256e-03
VARIABLES = "X", "Y", "ro", "u", "v", "pre", "Ma", "PART", "IMEX", "Ux", "Uy", "Vx", "Vy", "Vort" 
ZONE I=5, J=5, DATAPACKING=POINT
-6.400000e+00 -1.619577e+00 9.929408e-01 1.007245e+00 2.836574e-03 9.904523e-01 8.523499e-01 1 0 1.227310e-02 -5.565634e-03 -1.514857e-03 -4.607636e-04 4.050777e-03
-6.385376e+00 -1.272837e+00 9.934235e-01 1.006032e+00 2.671352e-03 9.911822e-01 8.512161e-01 1 0 6.219065e-04 -1.128953e-03 -5.039048e-03 -4.584004e-04 -3.910095e-03
-6.282843e+00 -6.098291e-01 9.935048e-01 1.006442e+00 8.804343e-04 9.914314e-01 8.514880e-01 1 0 1.088964e-02 -2.006128e-03 3.665329e-03 -5.149455e-03 5.671457e-03
-6.107168e+00 5.323793e-02 9.958378e-01 1.004910e+00 -1.576339e-03 9.946627e-01 8.498068e-01 1 0 3.314156e-03 -5.871825e-03 7.533330e-03 -3.327427e-03 1.340516e-02
-6.000000e+00 4.000000e-01 9.964794e-01 1.003239e+00 -7.437078e-04 9.952494e-01 8.484158e-01 1 0 -1.388771e-02 3.836591e-03 7.909808e-03 3.464630e-03 4.073217e-03
-6.745346e+00 -1.666602e+00 9.958791e-01 1.002842e+00 2.565144e-03 9.944628e-01 8.481620e-01 1 0 7.166074e-03 4.916967e-03 1.885674e-03 2.335742e-03 -3.031293e-03
-6.730722e+00 -1.318740e+00 9.955774e-01 1.003867e+00 3.178273e-03 9.941245e-01 8.490464e-01 1 0 6.167913e-03 5.980767e-04 -5.550710e-04 4.697349e-04 -1.153148e-03
-6.628189e+00 -6.477048e-01 9.955354e-01 1.003405e+00 1.591884e-03 9.940402e-01 8.486704e-01 1 0 6.336997e-03 -2.755160e-03 -3.826673e-03 -3.825567e-03 -1.071513e-03
-6.452514e+00 2.965643e-02 9.959839e-01 1.003196e+00 -1.512339e-03 9.948187e-01 8.483524e-01 1 0 5.514747e-03 -2.694178e-04 -4.363419e-03 -1.455290e-03 -4.094001e-03
-6.345346e+00 3.853764e-01 9.960560e-01 1.004042e+00 -1.517178e-03 9.951905e-01 8.489401e-01 1 0 4.407383e-03 1.219332e-03 -2.946864e-03 4.206084e-03 -4.166195e-03
-7.400000e+00 -1.818404e+00 9.964127e-01 1.002001e+00 1.242173e-03 9.949611e-01 8.474635e-01 1 0 -3.020196e-03 4.551794e-04 -8.219344e-04 6.121528e-03 -1.277114e-03
-7.385376e+00 -1.468976e+00 9.978371e-01 1.002224e+00 3.107304e-03 9.968989e-01 8.474367e-01 1 0 -1.750955e-03 1.253708e-03 -2.554977e-04 3.765893e-03 -1.509206e-03
-7.282843e+00 -7.864238e-01 9.978293e-01 1.002856e+00 3.825134e-03 9.966626e-01 8.480703e-01 1 0 -3.319737e-03 8.744817e-04 -5.594773e-06 -1.240787e-03 -8.800765e-04
-7.107168e+00 -8.728327e-02 9.977693e-01 1.002115e+00 2.198997e-03 9.963991e-01 8.475258e-01 1 0 -3.084333e-03 -1.213044e-03 -3.547076e-03 -1.506725e-03 -2.334032e-03
-7.000000e+00 2.828427e-01 9.989606e-01 1.001347e+00 1.588512e-03 9.980814e-01 8.466663e-01 1 0 -7.958152e-04 -1.075689e-03 -4.286186e-03 1.942595e-03 -3.210497e-03
-8.054654e+00 -2.017165e+00 9.970336e-01 1.002626e+00 9.404582e-04 9.958746e-01 8.478673e-01 1 0 3.611435e-03 3.471949e-04 5.244729e-04 2.899268e-03 1.772780e-04
-8.040030e+00 -1.667228e+00 9.977927e-01 1.002881e+00 1.416649e-03 9.968302e-01 8.479994e-01 1 0 2.986879e-03 1.133936e-03 4.745498e-03 -3.800772e-05 3.611561e-03
-7.937497e+00 -9.803719e-01 9.975242e-01 1.004467e+00 1.595200e-03 9.963763e-01 8.494196e-01 1 0 6.585476e-04 2.617620e-03 5.994948e-03 -4.811406e-04 3.377327e-03
-7.761822e+00 -2.709558e-01 9.960357e-01 1.005760e+00 2.409183e-03 9.944583e-01 8.506986e-01 1 0 -4.007860e-03 1.186822e-03 2.202945e-03 2.901656e-04 1.016123e-03
-7.654654e+00 1.071683e-01 9.964363e-01 1.005179e+00 2.384978e-03 9.950488e-01 8.501259e-01 1 0 -5.301294e-03 -1.520354e-03 5.519283e-04 -1.288192e-03 2.072283e-03
-8.400000e+00 -2.123607e+00 1.000098e+00 1.000032e+00 -2.706892e-04 1.000243e+00 8.451203e-01 1 0 1.310547e-02 -4.279123e-03 4.610620e-03 2.318066e-04 8.889743e-03
-8.385376e+00 -1.773883e+00 9.997929e-01 9.995978e-01 -5.048533e-04 9.995612e-01 8.449124e-01 1 0 1.821009e-02 -3.523729e-04 4.423642e-03 -1.072577e-03 4.776015e-03
-8.282843e+00 -1.088129e+00 9.982112e-01 1.002121e+00 -1.753590e-04 9.972636e-01 8.473490e-01 1 0 1.277347e-02 2.319407e-03 2.074315e-03 1.433540e-03 -2.450918e-04
-8.107168e+00 -3.789741e-01 9.976349e-01 1.004929e+00 1.782809e-03 9.962554e-01 8.499092e-01 1 0 1.142539e-02 -1.365515e-03 -1.356843e-03 3.517733e-03 8.671905e-06
-8.000000e+00 4.287183e-08 9.970667e-01 1.004795e+00 2.908517e-03 9.953288e-01 8.499513e-01 1 0 1.353316e-02 -6.865783e-03 -5.688317e-03 5.207657e-03 1.177467e-03
VARIABLES = "X", "Y", "ro", "u", "v", "pre", "Ma", "PART", "IMEX", "Ux", "Uy", "Vx", "Vy", "Vort" 
ZONE I=5, J=5, DATAPACKING=POINT
-4.000000e+00 -8.000000e+00 1.001417e+00 9.988897e-01 -1.295113e-03 1.001989e+00 8.439754e-01 1 0 -2.338501e-03 -4.511194e-03 -2.427844e-03 1.085618e-03 2.083350e-03
-3.892832e+00 -7.688282e+00 1.002001e+00 9.979572e-01 -1.222095e-03 1.002808e+00 8.430894e-01 1 0 -1.214372e-03 1.029940e-04 5.942487e-04 2.219472e-04 4.912547e-04
-3.717157e+00 -7.088129e+00 1.001449e+00 9.993535e-01 -8.836245e-05 1.002024e+00 8.443656e-01 1 0 -2.956615e-04 3.328797e-03 4.419922e-03 2.017085e-03 1.091125e-03
-3.614624e+00 -6.464575e+00 1.000765e+00 1.000063e+00 1.333920e-03 1.001072e+00 8.450792e-01 1 0 -2.778288e-03 -1.949133e-03 -2.652751e-03 5.129129e-04 -7.036178e-04
-3.600000e+00 -6.123607e+00 1.002002e+00 9.984532e-01 7.902606e-04 1.002812e+00 8.435061e-01 1 0 -1.869220e-03 -7.471830e-03 -4.187214e-03 -8.559999e-04 3.284615e-03
-4.345346e+00 -7.892832e+00 1.001187e+00 9.991537e-01 -9.672302e-04 1.001664e+00 8.442383e-01 1 0 -8.765246e-04 -4.461728e-04 7.252648e-04 8.026021e-04 1.171438e-03
-4.238178e+00 -7.580264e+00 1.001312e+00 9.987984e-01 -1.256838e-03 1.001837e+00 8.439184e-01 1 0 -2.503990e-03 -3.239075e-04 -7.028435e-04 -1.043916e-03 -3.789360e-04
-4.062503e+00 -6.980372e+00 1.001907e+00 9.989590e-01 -6.445922e-04 1.002669e+00 8.439535e-01 1 0 2.603758e-03 1.246955e-03 1.173520e-03 3.418741e-03 -7.343477e-05
-3.959970e+00 -6.357920e+00 1.000807e+00 1.000187e+00 1.910233e-03 1.001134e+00 8.451753e-01 1 0 4.809723e-04 4.702393e-04 6.931531e-04 2.169375e-03 2.229138e-04
-3.945346e+00 -6.017165e+00 1.000784e+00 9.995161e-01 1.555634e-03 1.001102e+00 8.446121e-01 1 0 -5.913431e-03 -4.814597e-03 -2.420900e-03 -4.023532e-03 2.393697e-03
-5.000000e+00 -7.717157e+00 1.002139e+00 9.995135e-01 -1.332110e-03 1.003000e+00 8.443810e-01 1 0 3.286193e-04 2.783141e-03 5.784742e-04 5.524761e-03 -2.204667e-03
-4.892832e+00 -7.396591e+00 1.002427e+00 9.995026e-01 -2.888575e-04 1.003398e+00 8.443249e-01 1 0 5.732597e-05 -2.252450e-03 -1.742481e-03 2.632743e-03 5.099688e-04
-4.717157e+00 -6.786424e+00 1.003243e+00 9.980246e-01 -9.839731e-05 1.004544e+00 8.429382e-01 1 0 -3.866787e-04 -6.798407e-04 -9.658568e-04 -4.391790e-04 -2.860160e-04
-4.614624e+00 -6.159668e+00 1.000641e+00 9.994975e-01 1.058157e-04 1.000899e+00 8.446208e-01 1 0 2.800388e-03 4.732910e-03 4.952752e-03 1.819119e-03 2.198425e-04
-4.600000e+00 -5.818404e+00 9.975808e-01 1.001289e+00 1.416865e-03 9.966172e-01 8.466536e-01 1 0 1.652308e-03 4.438133e-03 2.112877e-03 2.918839e-03 -2.325256e-03
-5.654654e+00 -7.614624e+00 1.003389e+00 9.994463e-01 4.710621e-04 1.004751e+00 8.441138e-01 1 0 3.883054e-05 -5.739417e-03 -4.248601e-03 3.275212e-03 1.490816e-03
-5.547486e+00 -7.279652e+00 1.004314e+00 9.985570e-01 1.092697e-03 1.006045e+00 8.432088e-01 1 0 1.000515e-03 -4.522123e-04 -7.782236e-04 6.644036e-04 -3.260113e-04
-5.371811e+00 -6.647705e+00 1.001581e+00 9.990103e-01 -1.977143e-04 1.002212e+00 8.440523e-01 1 0 -1.761779e-03 5.035647e-04 6.625027e-04 -3.823849e-03 1.589380e-04
-5.269278e+00 -6.009432e+00 9.993928e-01 9.984897e-01 -1.624809e-03 9.991526e-01 8.439803e-01 1 0 1.347280e-03 -7.548364e-04 -1.083799e-03 1.339340e-03 -3.289631e-04
-5.254654e+00 -5.666602e+00 9.981603e-01 9.988326e-01 7.201899e-05 9.974332e-01 8.444753e-01 1 0 6.654504e-03 2.440419e-03 4.319468e-03 9.747871e-03 1.879049e-03
-6.000000e+00 -7.600000e+00 1.003113e+00 9.991593e-01 2.056465e-03 1.004360e+00 8.439212e-01 1 0 1.406040e-03 -3.551899e-03 -3.670034e-03 -1.121988e-03 -1.181354e-04
-5.892832e+00 -7.256070e+00 1.002855e+00 9.988196e-01 7.932261e-04 1.003994e+00 8.436779e-01 1 0 -4.634085e-03 1.765700e-03 2.808455e-03 -5.337642e-03 1.042755e-03
-5.717157e+00 -6.609829e+00 1.000412e+00 9.993109e-01 -7.502019e-04 1.000589e+00 8.444974e-01 1 0 -1.292672e-04 2.969068e-05 1.641687e-03 8.215026e-05 1.611997e-03
-5.614624e+00 -5.963529e+00 9.993091e-01 9.980196e-01 1.565189e-04 9.990323e-01 8.435974e-01 1 0 1.687120e-03 -4.021386e-03 -8.219139e-03 7.984440e-04 -4.197753e-03
-5.600000e+00 -5.619577e+00 1.000016e+00 9.965705e-01 -8.406085e-04 1.000029e+00 8.422508e-01 1 0 7.497138e-03 -2.744369e-03 2.063987e-03 -3.958961e-03 4.808356e-03
VARIABLES = "X", "Y", "ro", "u", "v", "pre", "Ma", "PART", "IMEX", "Ux", "Uy", "Vx", "Vy", "Vort" 
ZONE I=5, J=5, DATAPACKING=POINT
-3.600000e+00 -6.123607e+00 1.001812e+00 9.984374e-01 1.341254e-03 1.002557e+00 8.435210e-01 1 0 1.397771e-03 3.995516e-03 -2.292679e-03 4.916805e-03 -6.288195e-03
-3.614624e+00 -5.773883e+00 9.999424e-01 9.993351e-01 1.370868e-03 9.999156e-01 8.446044e-01 1 0 3.346164e-05 6.793761e-04 1.565203e-03 -1.543815e-03 8.858264e-04
-3.717157e+00 -5.088129e+00 1.000843e+00 9.975182e-01 -6.286926e-04 1.001185e+00 8.429128e-01 1 0 -1.376201e-02 -7.302010e-03 -5.676979e-03 -3.743399e-03 1.625030e-03
-3.892832e+00 -4.378974e+00 1.001383e+00 9.968293e-01 2.656264e-04 1.001920e+00 8.422490e-01 1 0 6.257615e-03 7.560018e-03 3.004334e-03 7.698497e-03 -4.555684e-03
-4.000000e+00 -4.000000e+00 9.951342e-01 1.001569e+00 4.588058e-03 9.932679e-01 8.472843e-01 1 0 2.710595e-02 2.590187e-02 1.959577e-02 1.899907e-02 -6.306103e-03
-3.945346e+00 -6.017165e+00 1.000808e+00 9.995810e-01 1.779920e-03 1.001136e+00 8.446631e-01 1 0 -4.302779e-03 6.717802e-04 -1.259560e-03 -4.989458e-03 -1.931340e-03
-3.959970e+00 -5.667228e+00 9.993263e-01 9.999618e-01 7.074881e-04 9.990539e-01 8.452373e-01 1 0 -1.721558e-03 1.076801e-03 9.850092e-04 -7.720573e-04 -9.179180e-05
-4.062503e+00 -4.980372e+00 9.984576e-01 9.996631e-01 8.639950e-04 9.978427e-01 8.451301e-01 1 0 -3.149815e-03 -3.082263e-03 -3.431444e-03 -6.033824e-04 -3.491812e-04
-4.238178e+00 -4.270956e+00 9.992014e-01 9.973672e-01 7.337609e-04 9.988870e-01 8.430620e-01 1 0 -3.996456e-03 -3.666956e-03 -3.329550e-03 -3.695233e-04 3.374054e-04
-4.345346e+00 -3.892832e+00 9.978218e-01 9.971663e-01 1.676450e-03 9.969547e-01 8.431270e-01 1 0 6.205486e-03 3.398367e-03 4.439623e-03 5.886177e-03 1.041256e-03
-4.600000e+00 -5.818404e+00 9.977448e-01 1.001201e+00 8.961450e-04 9.968444e-01 8.465517e-01 1 0 6.610344e-04 -8.134278e-04 9.986999e-04 -1.934258e-03 1.812128e-03
-4.614624e+00 -5.468976e+00 9.980337e-01 1.000720e+00 1.291980e-03 9.972528e-01 8.460943e-01 1 0 -4.162490e-04 -2.060308e-03 -2.275389e-03 1.143395e-03 -2.150807e-04
-4.717157e+00 -4.786424e+00 9.969964e-01 9.994628e-01 2.074390e-03 9.957952e-01 8.452114e-01 1 0 3.338855e-04 -1.025494e-03 -7.067009e-04 8.072934e-04 3.187931e-04
-4.892832e+00 -4.087283e+00 9.947627e-01 9.992646e-01 2.683976e-03 9.926832e-01 8.454199e-01 1 0 -2.434042e-03 -7.526549e-04 -1.048137e-03 3.076402e-04 -2.954822e-04
-5.000000e+00 -3.717157e+00 9.952810e-01 9.989483e-01 2.662784e-03 9.933766e-01 8.450773e-01 1 0 -7.704347e-03 -4.553031e-03 -2.503927e-03 -1.233554e-03 2.049104e-03
-5.254654e+00 -5.666602e+00 9.980997e-01 9.986457e-01 1.587573e-04 9.973519e-01 8.443261e-01 1 0 6.283071e-03 3.636120e-03 2.621638e-03 9.638465e-03 -1.014482e-03
-5.269278e+00 -5.318740e+00 9.966754e-01 9.997799e-01 2.269812e-03 9.953416e-01 8.455364e-01 1 0 2.812905e-03 2.288403e-03 2.391434e-03 3.540758e-03 1.030309e-04
-5.371811e+00 -4.647705e+00 9.956831e-01 1.000201e+00 2.498993e-03 9.939700e-01 8.460551e-01 1 0 -3.142184e-03 -7.517315e-04 -6.641508e-04 -1.428427e-03 8.758070e-05
-5.547486e+00 -3.970344e+00 9.951404e-01 1.000746e+00 1.962268e-03 9.931979e-01 8.466133e-01 1 0 -3.253164e-03 1.544208e-03 1.984691e-03 8.973438e-04 4.404829e-04
-5.654654e+00 -3.614624e+00 9.939928e-01 1.002162e+00 2.316138e-03 9.916294e-01 8.479922e-01 1 0 -1.519333e-03 5.539174e-03 2.795631e-03 8.743343e-04 -2.743543e-03
-5.600000e+00 -5.619577e+00 9.997976e-01 9.968419e-01 -2.762810e-04 9.997211e-01 8.425174e-01 1 0 6.532649e-03 8.153425e-03 2.348251e-03 2.124319e-03 -5.805174e-03
-5.614624e+00 -5.272837e+00 9.972782e-01 9.988647e-01 3.298844e-04 9.961926e-01 8.446547e-01 1 0 3.284084e-03 5.353235e-03 9.460855e-03 4.259057e-03 4.107621e-03
-5.717157e+00 -4.609829e+00 9.956746e-01 1.001548e+00 2.555471e-03 9.939557e-01 8.471972e-01 1 0 -6.746287e-03 1.483926e-03 2.553485e-04 1.689564e-03 -1.228577e-03
-5.892832e+00 -3.946762e+00 9.945215e-01 1.002592e+00 1.977728e-03 9.923377e-01 8.482787e-01 1 0 -1.045937e-02 -2.942717e-03 -3.968369e-03 -3.383162e-03 -1.025652e-03
-6.000000e+00 -3.600000e+00 9.941787e-01 1.002544e+00 1.747840e-03 9.918164e-01 8.483144e-01 1 0 -2.669561e-03 -6.799176e-04 -1.682645e-03 1.145879e-03 -1.002728e-03
VARIABLES = "X", "Y", "ro", "u", "v", "pre", "Ma", "PART", "IMEX", "Ux", "Uy", "Vx", "Vy", "Vort" 
ZONE I=5, J=5, DATAPACKING=POINT
-4.000000e+00 -4.000000e+00 9.957199e-01 1.001096e+00 3.903646e-03 9.941402e-01 8.467591e-01 1 0 2.058866e-02 1.013649e-02 1.295690e-02 1.802395e-03 2.820402e-03
-4.107168e+00 -3.621026e+00 9.953363e-01 9.999878e-01 3.763136e-03 9.934054e-01 8.459709e-01 1 0 -5.938346e-03 -1.116691e-02 -2.889972e-03 -2.762795e-03 8.276936e-03
-4.282843e+00 -2.911871e+00 1.000601e+00 9.933139e-01 1.534962e-03 1.000842e+00 8.394034e-01 1 0 -2.267961e-02 -7.934679e-03 -1.394532e-02 -5.422183e-03 -6.010637e-03
-4.385376e+00 -2.226117e+00 9.958708e-01 9.983462e-01 2.271192e-03 9.943162e-01 8.444181e-01 1 0 3.056456e-02 1.796943e-02 1.036587e-02 5.877269e-03 -7.603561e-03
-4.400000e+00 -1.876393e+00 9.916868e-01 1.003094e+00 4.271935e-03 9.887150e-01 8.490497e-01 1 0 2.562915e-02 4.450121e-03 1.236583e-02 2.322566e-03 7.915712e-03
-4.345346e+00 -3.892832e+00 9.977171e-01 9.970262e-01 1.538779e-03 9.968284e-01 8.430175e-01 1 0 5.270177e-03 1.832654e-03 3.660555e-03 7.702985e-03 1.827902e-03
-4.452514e+00 -3.515466e+00 9.965770e-01 9.981269e-01 3.792006e-03 9.951667e-01 8.441748e-01 1 0 5.144813e-03 4.943247e-03 3.051603e-03 5.158890e-03 -1.891644e-03
-4.628189e+00 -2.810558e+00 9.966484e-01 9.985197e-01 4.197390e-03 9.952790e-01 8.444910e-01 1 0 -9.441524e-03 -5.102636e-03 -5.023205e-03 -3.782194e-03 7.943142e-05
-4.730722e+00 -2.128179e+00 9.996093e-01 9.957621e-01 2.161483e-03 9.993557e-01 8.416813e-01 1 0 -3.898359e-03 -2.181462e-03 -5.839358e-03 -1.151509e-03 -3.657896e-03
-4.745346e+00 -1.778989e+00 9.985514e-01 9.966349e-01 3.284285e-03 9.979786e-01 8.425564e-01 1 0 7.783057e-03 5.713432e-03 2.716416e-03 8.344090e-03 -2.997016e-03
-5.000000e+00 -3.717157e+00 9.952568e-01 9.989150e-01 2.785759e-03 9.933141e-01 8.450657e-01 1 0 -6.803573e-03 3.694910e-06 -1.759419e-03 -3.005303e-04 -1.763114e-03
-5.107168e+00 -3.349034e+00 9.961290e-01 9.994168e-01 2.922033e-03 9.946140e-01 8.453080e-01 1 0 -6.703104e-03 -8.350963e-04 3.254112e-04 1.226053e-03 1.160508e-03
-5.282843e+00 -2.661791e+00 9.969042e-01 1.000646e+00 4.414496e-03 9.956300e-01 8.462499e-01 1 0 -2.184891e-03 2.034957e-03 2.151556e-03 3.065475e-03 1.165987e-04
-5.385376e+00 -1.991053e+00 9.955388e-01 1.001708e+00 5.152530e-03 9.934664e-01 8.474914e-01 1 0 -8.522560e-03 -1.490222e-03 2.409082e-04 -1.667635e-03 1.731130e-03
-5.400000e+00 -1.643597e+00 9.966563e-01 1.000547e+00 3.668098e-03 9.946400e-01 8.464789e-01 1 0 -1.149805e-02 -4.610723e-03 -1.772099e-03 -7.289668e-03 2.838624e-03
-5.654654e+00 -3.614624e+00 9.938944e-01 1.002234e+00 2.004850e-03 9.915179e-01 8.480582e-01 1 0 -1.967013e-03 1.439790e-03 3.244951e-03 3.790781e-03 1.805161e-03
-5.761822e+00 -3.261632e+00 9.940392e-01 1.002898e+00 3.260351e-03 9.916677e-01 8.486205e-01 1 0 -7.409355e-04 1.575345e-03 7.271579e-04 2.654878e-03 -8.481869e-04
-5.937497e+00 -2.600482e+00 9.941282e-01 1.003640e+00 3.195252e-03 9.918068e-01 8.492269e-01 1 0 -4.895105e-03 -6.014566e-04 1.989207e-03 -1.629480e-03 2.590663e-03
-6.040030e+00 -1.945544e+00 9.945934e-01 1.003980e+00 2.313363e-03 9.924165e-01 8.494504e-01 1 0 -1.582320e-03 8.786949e-04 3.133134e-03 1.473147e-03 2.254439e-03
-6.054654e+00 -1.600368e+00 9.938776e-01 1.004511e+00 3.728148e-03 9.916634e-01 8.499197e-01 1 0 -1.389145e-03 4.964840e-04 1.031386e-03 7.272533e-03 5.349017e-04
-6.000000e+00 -3.600000e+00 9.941832e-01 1.002617e+00 1.648119e-03 9.917923e-01 8.483876e-01 1 0 -2.511539e-03 -5.989336e-03 -3.276001e-03 2.401822e-03 2.713336e-03
-6.107168e+00 -3.256070e+00 9.946397e-01 1.001821e+00 2.120839e-03 9.925438e-01 8.475886e-01 1 0 5.935076e-03 2.447121e-03 6.150817e-03 1.684880e-03 3.703697e-03
-6.282843e+00 -2.609829e+00 9.928775e-01 1.004101e+00 2.316689e-03 9.900589e-01 8.498293e-01 1 0 2.846228e-03 5.418292e-03 3.267820e-03 2.548366e-03 -2.150472e-03
-6.385376e+00 -1.963529e+00 9.929894e-01 1.006161e+00 3.718751e-03 9.904255e-01 8.514669e-01 1 0 -2.008828e-02 -1.028835e-03 -1.154044e-02 -5.439826e-04 -1.051161e-02
-6.400000e+00 -1.619577e+00 9.945537e-01 1.005874e+00 2.684753e-03 9.927135e-01 8.509089e-01 1 0 -1.626434e-02 -1.064398e-03 5.606398e-03 -6.694982e-03 6.670796e-03
VARIABLES = "X", "Y", "ro", "u", "v", "pre", "Ma", "PART", "IMEX", "Ux", "Uy", "Vx", "Vy", "Vort" 
ZONE I=5, J=5, DATAPACKING=POINT
-4.400000e+00 -1.876393e+00 9.926695e-01 1.002418e+00 3.703487e-03 9.899432e-01 8.483692e-01 1 0 2.549662e-02 -6.924495e-03 4.594667e-03 -1.681486e-02 1.151916e-02
-4.385376e+00 -1.535425e+00 9.952725e-01 1.001165e+00 5.504686e-04 9.944608e-01 8.464838e-01 1 0 -5.274100e-03 -1.957459e-03 -1.845299e-02 -4.506227e-03 -1.649553e-02
-4.282843e+00 -9.118714e-01 9.978672e-01 1.003657e+00 -2.920869e-03 9.983384e-01 8.480486e-01 1 0 5.243185e-02 -1.742281e-03 -1.293013e-02 -3.557662e-03 -1.118785e-02
-4.107168e+00 -3.117179e-01 9.923282e-01 1.010049e+00 -7.527384e-03 9.904045e-01 8.544995e-01 1 0 6.556260e-02 -1.885114e-02 -2.569327e-02 7.892422e-04 -6.842131e-03
-4.000000e+00 -2.143592e-08 9.913518e-01 1.007088e+00 -9.797910e-03 9.895552e-01 8.519574e-01 1 0 -1.122974e-02 -1.909562e-02 -3.626287e-02 3.385171e-03 -1.716725e-02
-4.745346e+00 -1.778989e+00 9.986115e-01 9.961357e-01 3.297361e-03 9.980576e-01 8.421265e-01 1 0 7.419414e-03 1.179241e-02 4.283021e-04 3.117372e-03 -1.136411e-02
-4.730722e+00 -1.437487e+00 9.981556e-01 9.987306e-01 3.336632e-03 9.975113e-01 8.443587e-01 1 0 7.186392e-03 8.313490e-04 -3.268661e-03 -2.225437e-03 -4.100010e-03
-4.628189e+00 -8.105584e-01 1.002647e+00 9.957903e-01 1.312430e-04 1.003453e+00 8.412586e-01 1 0 2.917169e-03 -7.168630e-03 -1.050637e-02 -3.613812e-03 -3.337742e-03
-4.452514e+00 -2.061584e-01 1.002305e+00 9.958205e-01 -2.507801e-03 1.004082e+00 8.408796e-01 1 0 1.607805e-02 4.142893e-03 -1.213270e-02 2.104741e-03 -1.627559e-02
-4.345346e+00 1.071682e-01 9.988372e-01 1.000519e+00 -2.754819e-03 9.997240e-01 8.452206e-01 1 0 2.169331e-02 8.366187e-03 -1.182675e-02 1.806454e-03 -2.019294e-02
-5.400000e+00 -1.643597e+00 9.965565e-01 1.000901e+00 3.662970e-03 9.944809e-01 8.468036e-01 1 0 -1.171051e-02 -7.952948e-03 -6.126286e-04 -2.402159e-03 7.340319e-03
-5.385376e+00 -1.300361e+00 9.980767e-01 9.990241e-01 3.484025e-03 9.964504e-01 8.450233e-01 1 0 -8.122086e-03 -1.078720e-03 -1.943007e-04 8.570561e-04 8.844191e-04
-5.282843e+00 -6.617912e-01 9.996712e-01 1.000017e+00 4.232718e-03 9.989578e-01 8.454778e-01 1 0 -8.105025e-03 4.232940e-03 -1.060581e-03 6.143464e-04 -5.293522e-03
-5.107168e+00 -3.972592e-02 1.002300e+00 9.992867e-01 3.155559e-03 1.001937e+00 8.447085e-01 1 0 -1.220684e-02 -2.180798e-03 -3.883369e-03 -2.692952e-03 -1.702571e-03
-5.000000e+00 2.828427e-01 1.003660e+00 9.963968e-01 1.590243e-03 1.003765e+00 8.420662e-01 1 0 -9.035536e-03 -7.588701e-03 -4.572213e-03 -3.797642e-03 3.016488e-03
-6.054654e+00 -1.600368e+00 9.939861e-01 1.004191e+00 3.684146e-03 9.918410e-01 8.496196e-01 1 0 -1.094206e-03 3.098343e-03 5.852824e-04 2.229312e-03 -2.513061e-03
-6.040030e+00 -1.254852e+00 9.937685e-01 1.004914e+00 3.810854e-03 9.916487e-01 8.502210e-01 1 0 -5.473143e-03 2.787206e-04 1.260245e-03 -1.516496e-03 9.815240e-04
-5.937497e+00 -6.004819e-01 9.956932e-01 1.003503e+00 1.934426e-03 9.943495e-01 8.486890e-01 1 0 -4.198407e-03 -1.588878e-03 5.286252e-03 -4.232889e-03 6.875129e-03
-5.761822e+00 4.767576e-02 9.960698e-01 1.003049e+00 1.179703e-03 9.952808e-01 8.480681e-01 1 0 -1.215796e-03 1.649622e-03 7.811642e-03 -1.142957e-03 6.162020e-03
-5.654654e+00 3.853764e-01 9.956829e-01 1.003542e+00 2.044214e-03 9.943490e-01 8.487185e-01 1 0 -6.493193e-03 1.559336e-03 4.286840e-03 9.543352e-04 2.727504e-03
-6.400000e+00 -1.619577e+00 9.945555e-01 1.006098e+00 2.861763e-03 9.926311e-01 8.511355e-01 1 0 -1.968620e-02 -4.372685e-03 5.469962e-03 -2.352224e-03 9.842647e-03
-6.385376e+00 -1.272837e+00 9.941500e-01 1.005171e+00 2.267695e-03 9.920846e-01 8.504105e-01 1 0 5.536124e-05 -1.687759e-04 6.791897e-03 -1.401387e-03 6.960672e-03
-6.282843e+00 -6.098291e-01 9.941646e-01 1.006302e+00 1.204730e-03 9.922989e-01 8.512803e-01 1 0 -1.543203e-02 4.707079e-03 -1.508314e-03 -2.809149e-03 -6.215394e-03
-6.107168e+00 5.323793e-02 9.971684e-01 1.004938e+00 -1.274061e-03 9.959703e-01 8.498391e-01 1 0 -1.356097e-02 -1.355761e-03 5.942978e-03 -4.067809e-03 7.298739e-03
-6.000000e+00 4.000000e-01 9.967788e-01 1.003005e+00 -9.174471e-04 9.949745e-01 8.484629e-01 1 0 1.007332e-02 -2.871562e-03 1.260499e-02 2.216628e-03 1.547655e-02
VARIABLES = "X", "Y", "ro", "u", "v", "pre", "Ma", "PART", "IMEX", "Ux", "Uy", "Vx", "Vy", "Vort" 
ZONE I=5, J=5, DATAPACKING=POINT
-2.000000e+00 -8.400000e+00 1.001048e+00 9.996191e-01 -1.288775e-03 1.001401e+00 8.446841e-01 1 0 3.197568e-03 -3.240484e-03 8.118217e-04 7.161511e-04 4.052305e-03
-1.892832e+00 -8.053238e+00 1.002268e+00 9.993161e-01 -1.387938e-04 1.003194e+00 8.441866e-01 1 0 2.832765e-03 -8.198797e-04 -2.125777e-03 4.044876e-03 -1.305897e-03
-1.717157e+00 -7.390171e+00 1.002483e+00 9.994678e-01 1.269804e-03 1.003477e+00 8.442865e-01 1 0 3.859976e-04 -3.645511e-04 -9.012379e-05 1.357946e-04 2.744274e-04
-1.614624e+00 -6.727163e+00 1.003813e+00 9.983863e-01 -1.569858e-04 1.005336e+00 8.431511e-01 1 0 -2.223234e-03 -3.018482e-03 -2.759916e-03 -3.454692e-03 2.585661e-04
-1.600000e+00 -6.380423e+00 1.006276e+00 9.969456e-01 -1.241707e-03 1.008803e+00 8.415177e-01 1 0 1.126672e-03 -5.591817e-03 1.862093e-03 1.918686e-03 7.453910e-03
-2.345346e+00 -8.385376e+00 1.002142e+00 9.984791e-01 -1.115462e-03 1.002981e+00 8.435164e-01 1 0 2.591324e-03 -2.115355e-03 -5.129357e-04 7.882746e-03 1.602420e-03
-2.238178e+00 -8.047676e+00 1.003729e+00 9.982479e-01 4.825826e-04 1.005231e+00 8.430430e-01 1 0 1.649467e-03 -3.677478e-04 -8.449991e-04 2.211390e-03 -4.772513e-04
-2.062503e+00 -7.399518e+00 1.003042e+00 9.990667e-01 8.414582e-04 1.004262e+00 8.438525e-01 1 0 7.190824e-04 1.758595e-03 2.215600e-03 -1.701996e-04 4.570052e-04
-1.959970e+00 -6.745148e+00 1.002413e+00 9.996580e-01 6.509203e-04 1.003375e+00 8.444605e-01 1 0 -2.790192e-03 -1.191160e-03 -1.376497e-03 -1.987640e-03 -1.853365e-04
-1.945346e+00 -6.399632e+00 1.005075e+00 9.982440e-01 -8.625310e-04 1.007129e+00 8.428096e-01 1 0 -4.264206e-03 -8.342006e-03 -3.050489e-03 -4.197345e-03 5.291517e-03
-3.000000e+00 -8.282843e+00 1.003683e+00 9.977573e-01 -7.291417e-04 1.005169e+00 8.426357e-01 1 0 6.502676e-05 2.653222e-03 1.444293e-03 4.550591e-03 -1.208929e-03
-2.892832e+00 -7.960274e+00 1.004076e+00 9.984501e-01 -7.183876e-05 1.005711e+00 8.431581e-01 1 0 -1.155632e-03 1.924857e-03 2.273729e-03 -7.030799e-04 3.488714e-04
-2.717157e+00 -7.338209e+00 1.003289e+00 9.991714e-01 -4.293270e-04 1.004607e+00 8.439001e-01 1 0 -4.634326e-04 1.186047e-03 7.945052e-04 9.517695e-05 -3.915419e-04
-2.614624e+00 -6.699639e+00 1.001554e+00 9.998564e-01 8.157674e-04 1.002177e+00 8.447708e-01 1 0 2.013585e-03 5.998282e-04 7.865414e-04 2.729790e-03 1.867131e-04
-2.600000e+00 -6.356403e+00 1.001107e+00 9.999013e-01 1.404093e-03 1.001544e+00 8.448874e-01 1 0 -2.237176e-04 -9.259940e-04 -2.557025e-03 -1.720643e-03 -1.631031e-03
-3.654654e+00 -8.107168e+00 1.002489e+00 9.986149e-01 -1.370296e-03 1.003483e+00 8.435663e-01 1 0 -1.122143e-03 7.629324e-04 -7.156680e-05 -2.656938e-03 -8.344992e-04
-3.547486e+00 -7.793842e+00 1.002062e+00 9.990036e-01 -1.605752e-03 1.002892e+00 8.439637e-01 1 0 1.237090e-03 1.217907e-03 1.188265e-03 8.776595e-04 -2.964279e-05
-3.371811e+00 -7.189442e+00 1.002129e+00 9.993742e-01 -7.136972e-05 1.002981e+00 8.442669e-01 1 0 6.436013e-05 -7.279224e-04 -3.505674e-04 2.584581e-03 3.773550e-04
-3.269278e+00 -6.562513e+00 1.001982e+00 9.986833e-01 8.387178e-04 1.002776e+00 8.437076e-01 1 0 -4.144276e-04 -3.839662e-04 -6.780019e-04 9.344796e-04 -2.940357e-04
-3.254654e+00 -6.221011e+00 1.000736e+00 9.990355e-01 1.404078e-03 1.001039e+00 8.442122e-01 1 0 2.183530e-03 1.911715e-03 2.935157e-03 3.783993e-03 1.023443e-03
-4.000000e+00 -8.000000e+00 1.001355e+00 9.988548e-01 -1.252276e-03 1.001908e+00 8.439540e-01 1 0 -1.043436e-03 -3.525542e-03 -1.422373e-03 6.982605e-04 2.103169e-03
-3.892832e+00 -7.688282e+00 1.001748e+00 9.981316e-01 -1.209885e-03 1.002451e+00 8.432797e-01 1 0 4.659790e-03 -1.830460e-03 -3.236316e-03 1.440972e-03 -1.405856e-03
-3.717157e+00 -7.088129e+00 1.001439e+00 9.992407e-01 -4.025176e-05 1.002010e+00 8.442719e-01 1 0 4.805796e-04 2.524720e-03 2.577767e-03 2.609320e-03 5.304688e-05
-3.614624e+00 -6.464575e+00 1.000944e+00 9.998616e-01 1.405906e-03 1.001320e+00 8.448797e-01 1 0 -8.594260e-03 -8.743126e-04 -1.962828e-03 2.325005e-04 -1.088515e-03
-3.600000e+00 -6.123607e+00 1.002046e+00 9.986368e-01 6.955190e-04 1.002873e+00 8.436542e-01 1 0 -2.271050e-04 -5.593973e-03 6.942290e-04 -1.596388e-03 6.288202e-03
VARIABLES = "X", "Y", "ro", "u", "v", "pre", "Ma", "PART", "IMEX", "Ux", "Uy", "Vx", "Vy", "Vort" 
ZONE I=5, J=5, DATAPACKING=POINT
-1.600000e+00 -6.380423e+00 1.006177e+00 9.968556e-01 -5.032194e-04 1.008670e+00 8.414550e-01 1 0 1.107540e-03 4.670195e-03 8.431144e-05 8.632451e-03 -4.585884e-03
-1.614624e+00 -6.036471e+00 1.005400e+00 9.977793e-01 -1.260162e-03 1.007568e+00 8.423704e-01 1 0 -5.167722e-03 -1.975938e-04 -8.525720e-04 -6.636136e-03 -6.549782e-04
-1.717157e+00 -5.390171e+00 1.004206e+00 9.968118e-01 -4.087479e-03 1.005903e+00 8.417560e-01 1 0 3.756341e-03 2.090595e-04 1.159545e-03 1.879360e-03 9.504854e-04
-1.892832e+00 -4.743930e+00 9.978495e-01 9.984045e-01 1.314261e-03 9.969646e-01 8.441810e-01 1 0 1.101351e-02 6.668588e-03 7.284081e-03 1.472820e-02 6.154935e-04
-2.000000e+00 -4.400000e+00 9.953144e-01 9.978702e-01 5.151634e-03 9.936339e-01 8.440783e-01 1 0 -1.189028e-02 -2.471199e-02 -1.894656e-02 1.653276e-03 5.765435e-03
-1.945346e+00 -6.399632e+00 1.005067e+00 9.980564e-01 -2.664045e-04 1.007129e+00 8.426477e-01 1 0 -4.789761e-03 4.160151e-03 -1.751972e-03 4.685166e-04 -5.912123e-03
-1.959970e+00 -6.054456e+00 1.004063e+00 9.990626e-01 -1.176443e-03 1.005680e+00 8.436836e-01 1 0 -1.349042e-03 2.487599e-04 3.463390e-04 -2.826587e-03 9.757913e-05
-2.062503e+00 -5.399518e+00 1.004129e+00 9.967964e-01 -2.998054e-03 1.005797e+00 8.417519e-01 1 0 -2.332084e-03 -5.687542e-03 -5.551994e-03 -2.945236e-03 1.355484e-04
-2.238178e+00 -4.738368e+00 1.001188e+00 9.959499e-01 -9.076109e-04 1.001647e+00 8.415386e-01 1 0 3.829817e-03 6.339445e-03 5.459507e-03 1.252793e-02 -8.799372e-04
-2.345346e+00 -4.385376e+00 9.937044e-01 9.994633e-01 5.467838e-03 9.912736e-01 8.457484e-01 1 0 4.581607e-03 1.157428e-02 1.283834e-02 2.783788e-02 1.264064e-03
-2.600000e+00 -6.356403e+00 1.001403e+00 9.998691e-01 1.104657e-03 1.001947e+00 8.448145e-01 1 0 -9.756050e-04 -6.744038e-03 -3.299712e-03 -1.121315e-02 3.444326e-03
-2.614624e+00 -6.008947e+00 1.002695e+00 9.985307e-01 -7.840417e-04 1.003791e+00 8.434520e-01 1 0 1.273086e-03 -1.723437e-03 -2.375430e-03 -2.169606e-03 -6.519931e-04
-2.717157e+00 -5.338209e+00 1.001981e+00 9.980002e-01 -3.747503e-04 1.002763e+00 8.431353e-01 1 0 -1.435197e-05 -9.728290e-04 -5.335661e-04 9.155682e-04 4.392629e-04
-2.892832e+00 -4.650966e+00 1.001649e+00 9.964967e-01 -9.326117e-04 1.002324e+00 8.419101e-01 1 0 -4.713620e-03 -4.651462e-03 -4.966200e-03 -3.872999e-03 -3.147378e-04
-3.000000e+00 -4.282843e+00 1.001873e+00 9.952064e-01 -1.723475e-03 1.002585e+00 8.408056e-01 1 0 3.075115e-03 -2.790563e-03 4.268023e-03 3.713639e-03 7.058586e-03
-3.254654e+00 -6.221011e+00 1.000651e+00 9.988387e-01 1.546703e-03 1.000918e+00 8.440611e-01 1 0 2.398717e-03 2.647400e-03 1.785403e-03 5.096855e-03 -8.619974e-04
-3.269278e+00 -5.871821e+00 1.000588e+00 9.985597e-01 1.051823e-03 1.000824e+00 8.438381e-01 1 0 -3.055681e-03 -3.750319e-03 -3.821983e-03 -5.272044e-03 -7.166395e-05
-3.371811e+00 -5.189442e+00 1.001998e+00 9.969020e-01 -1.346792e-03 1.002796e+00 8.422014e-01 1 0 1.434521e-03 9.220167e-04 1.232074e-03 9.426509e-04 3.100573e-04
-3.547486e+00 -4.484534e+00 9.992719e-01 9.987585e-01 1.829280e-03 9.989872e-01 8.442267e-01 1 0 -2.481669e-04 1.527034e-03 9.748288e-04 5.525803e-03 -5.522050e-04
-3.654654e+00 -4.107168e+00 9.999183e-01 9.976282e-01 2.390822e-03 9.998586e-01 8.431773e-01 1 0 -1.387855e-02 -1.313261e-02 -1.336697e-02 -8.667187e-03 -2.343595e-04
-3.600000e+00 -6.123607e+00 1.001855e+00 9.986476e-01 1.257965e-03 1.002618e+00 8.436907e-01 1 0 1.804338e-03 5.650792e-03 2.049154e-03 4.764157e-03 -3.601638e-03
-3.614624e+00 -5.773883e+00 9.999733e-01 9.995327e-01 1.341328e-03 9.999634e-01 8.447643e-01 1 0 -2.309373e-03 -4.130471e-04 8.914129e-04 -1.200555e-03 1.304460e-03
-3.717157e+00 -5.088129e+00 1.000775e+00 9.975220e-01 -4.369726e-04 1.001088e+00 8.429281e-01 1 0 -7.630548e-03 -5.149702e-03 -8.117015e-03 -4.261031e-03 -2.967313e-03
-3.892832e+00 -4.378974e+00 1.001086e+00 9.975142e-01 1.071659e-04 1.001495e+00 8.428816e-01 1 0 1.570026e-02 9.695404e-03 1.455091e-02 1.009798e-02 4.855505e-03
-4.000000e+00 -4.000000e+00 9.957252e-01 1.001064e+00 4.184479e-03 9.941251e-01 8.467417e-01 1 0 -7.622259e-03 9.358944e-03 7.117809e-03 1.548353e-02 -2.241135e-03
VARIABLES = "X", "Y", "ro", "u", "v", "pre", "Ma", "PART", "IMEX", "Ux", "Uy", "Vx", "Vy", "Vort" 
ZONE I=5, J=5, DATAPACKING=POINT
-2.000000e+00 -4.400000e+00 9.963233e-01 9.956231e-01 5.024064e-03 9.951752e-01 8.419511e-01 1 0 -2.024292e-02 -8.451632e-03 -1.313774e-02 -2.182707e-02 -4.686111e-03
-2.107168e+00 -4.053238e+00 9.981671e-01 9.959297e-01 1.951765e-04 9.972527e-01 8.421001e-01 1 0 -1.581410e-02 -9.525750e-03 -9.867073e-03 -1.263937e-02 -3.413229e-04
-2.282843e+00 -3.390171e+00 1.000264e+00 9.931472e-01 2.980889e-04 1.000541e+00 8.392461e-01 1 0 5.948679e-03 3.126345e-03 3.740731e-03 9.197809e-03 6.143863e-04
-2.385376e+00 -2.727163e+00 9.956007e-01 9.999356e-01 4.543633e-03 9.934926e-01 8.460047e-01 1 0 -1.045006e-02 1.332511e-02 -6.533117e-03 -4.961598e-03 -1.985823e-02
-2.400000e+00 -2.380423e+00 9.976476e-01 1.002704e+00 -2.242887e-03 9.971396e-01 8.476572e-01 1 0 1.208253e-03 -2.443528e-04 -2.479068e-02 -3.807654e-02 -2.454633e-02
-2.345346e+00 -4.385376e+00 9.945194e-01 9.985228e-01 4.931362e-03 9.925485e-01 8.447536e-01 1 0 2.193874e-03 1.040900e-02 8.988468e-03 -1.146675e-04 -1.420537e-03
-2.452514e+00 -4.029656e+00 9.940517e-01 9.991369e-01 3.530459e-03 9.915955e-01 8.454752e-01 1 0 -5.132240e-03 -8.398984e-03 -7.807724e-03 -8.382046e-03 5.912592e-04
-2.628189e+00 -3.352295e+00 9.995918e-01 9.944375e-01 9.712242e-04 9.995513e-01 8.404705e-01 1 0 -9.902516e-03 -2.391074e-03 -4.971155e-03 5.720989e-05 -2.580081e-03
-2.730722e+00 -2.681260e+00 9.959832e-01 1.000214e+00 4.847415e-03 9.943724e-01 8.460295e-01 1 0 7.005135e-03 1.296280e-02 5.490107e-03 7.406075e-03 -7.472688e-03
-2.745346e+00 -2.333398e+00 9.951149e-01 1.002153e+00 5.541436e-03 9.929103e-01 8.479269e-01 1 0 -2.730210e-05 -5.275949e-03 -1.562271e-02 -7.277066e-03 -1.034676e-02
-3.000000e+00 -4.282843e+00 1.001255e+00 9.951595e-01 -9.746084e-04 1.001642e+00 8.409009e-01 1 0 4.875254e-03 9.657346e-03 7.762957e-03 2.247752e-02 -1.894389e-03
-3.107168e+00 -3.912717e+00 9.966166e-01 9.984795e-01 3.422589e-03 9.953129e-01 8.444266e-01 1 0 6.808675e-03 9.895912e-03 8.459525e-03 9.845124e-03 -1.436387e-03
-3.282843e+00 -3.213576e+00 9.947289e-01 1.000025e+00 4.175077e-03 9.926190e-01 8.460801e-01 1 0 -4.094011e-03 -4.302159e-03 -3.526800e-03 -4.487118e-03 7.753593e-04
-3.385376e+00 -2.531024e+00 9.982553e-01 9.978762e-01 1.886068e-03 9.976733e-01 8.436068e-01 1 0 -1.162917e-03 2.397454e-03 1.594603e-03 1.427628e-03 -8.028512e-04
-3.400000e+00 -2.181596e+00 9.957832e-01 1.001663e+00 4.916239e-03 9.944001e-01 8.471585e-01 1 0 7.027399e-03 1.762374e-02 1.686502e-02 1.806475e-02 -7.587136e-04
-3.654654e+00 -4.107168e+00 1.000248e+00 9.977096e-01 2.269481e-03 1.000290e+00 8.432031e-01 1 0 -1.158825e-02 -8.427782e-03 -1.324796e-02 -1.606184e-02 -4.820181e-03
-3.761822e+00 -3.729044e+00 1.001254e+00 9.959616e-01 1.861642e-04 1.001818e+00 8.415040e-01 1 0 -1.219395e-03 -3.382831e-03 -1.983472e-03 -8.753600e-04 1.399360e-03
-3.937497e+00 -3.019628e+00 9.969417e-01 9.971685e-01 3.070846e-03 9.956084e-01 8.433293e-01 1 0 1.220221e-02 8.745007e-03 6.733533e-03 6.487599e-03 -2.011474e-03
-4.040030e+00 -2.332772e+00 9.936437e-01 1.001430e+00 3.375168e-03 9.914616e-01 8.472983e-01 1 0 -2.335456e-03 1.580665e-03 -4.050459e-03 -6.582466e-03 -5.631123e-03
-4.054654e+00 -1.982835e+00 9.960227e-01 9.995234e-01 -2.657892e-04 9.952953e-01 8.450601e-01 1 0 -3.416793e-03 -1.500813e-02 -7.890339e-03 -1.146837e-02 7.117790e-03
-4.000000e+00 -4.000000e+00 9.962379e-01 1.000593e+00 3.578414e-03 9.948999e-01 8.462291e-01 1 0 -1.020729e-02 -6.197088e-03 2.686766e-03 9.111654e-04 8.883854e-03
-4.107168e+00 -3.621026e+00 9.960894e-01 9.983694e-01 3.878279e-03 9.944252e-01 8.444883e-01 1 0 -2.968600e-02 -1.693695e-02 -2.382699e-02 -7.891009e-03 -6.890048e-03
-4.282843e+00 -2.911871e+00 1.000012e+00 9.940634e-01 1.519308e-03 1.000054e+00 8.401204e-01 1 0 1.162143e-02 2.559818e-03 2.412985e-03 -2.821831e-03 -1.468328e-04
-4.385376e+00 -2.226117e+00 9.949044e-01 9.990100e-01 2.086148e-03 9.929050e-01 8.451691e-01 1 0 2.822587e-02 1.324052e-02 1.357923e-02 7.565429e-03 3.387077e-04
-4.400000e+00 -1.876393e+00 9.927732e-01 1.001387e+00 5.357018e-03 9.900571e-01 8.474986e-01 1 0 -2.479290e-02 -2.828557e-03 -2.134180e-02 9.269402e-03 -1.851324e-02
VARIABLES = "X", "Y", "ro", "u", "v", "pre", "Ma", "PART", "IMEX", "Ux", "Uy", "Vx", "Vy", "Vort" 
ZONE I=5, J=5, DATAPACKING=POINT
-2.400000e+00 -2.380423e+00 9.981572e-01 1.003253e+00 -2.105055e-03 9.977244e-01 8.480889e-01 1 0 -1.391714e-03 -5.807854e-02 -2.033219e-02 -2.920147e-02 3.774636e-02
-2.385376e+00 -2.036471e+00 1.003314e+00 1.001968e+00 -1.438570e-02 1.002514e+00 8.472421e-01 1 0 -1.695053e-03 4.176087e-02 -6.832205e-02 -4.099442e-02 -1.100829e-01
-2.282843e+00 -1.390171e+00 9.961914e-01 1.049083e+00 -7.431919e-02 9.949869e-01 8.893967e-01 1 0 1.841265e-01 3.423084e-02 -2.146742e-01 -1.026181e-01 -2.489051e-01
-2.107168e+00 -7.439299e-01 9.903443e-01 1.079439e+00 -2.139511e-01 9.948358e-01 9.279382e-01 1 0 1.162728e-01 -1.709920e-02 -4.675496e-01 -1.304853e-01 -4.504504e-01
-2.000000e+00 -4.000000e-01 9.885483e-01 1.084642e+00 -3.134867e-01 9.952433e-01 9.509944e-01 1 0 6.454274e-03 2.932121e-02 -5.033575e-01 -1.238720e-01 -5.326787e-01
-2.745346e+00 -2.333398e+00 9.953909e-01 1.002317e+00 5.286899e-03 9.936118e-01 8.478824e-01 1 0 1.594890e-03 -5.807236e-03 -1.611160e-02 -1.385744e-02 -1.030436e-02
-2.730722e+00 -1.990568e+00 9.991664e-01 1.001834e+00 2.372851e-04 9.975553e-01 8.473880e-01 1 0 -1.349475e-03 4.698081e-03 -2.863874e-02 -1.727314e-02 -3.333682e-02
-2.628189e+00 -1.352295e+00 1.002011e+00 1.014087e+00 -2.671666e-02 9.988759e-01 8.587015e-01 1 0 5.438049e-02 2.251652e-02 -9.989996e-02 -4.947254e-02 -1.224165e-01
-2.452514e+00 -7.203484e-01 9.943125e-01 1.043841e+00 -1.000919e-01 9.910182e-01 8.877249e-01 1 0 9.129249e-02 2.442756e-02 -2.451099e-01 -8.921325e-02 -2.695375e-01
-2.345346e+00 -3.853764e-01 9.934290e-01 1.059742e+00 -1.658857e-01 9.904935e-01 9.078944e-01 1 0 9.885322e-02 -2.036042e-03 -3.520461e-01 -1.173196e-01 -3.500101e-01
-3.400000e+00 -2.181596e+00 9.965788e-01 1.000890e+00 4.824227e-03 9.953285e-01 8.464475e-01 1 0 5.751517e-03 1.180496e-02 9.238473e-03 -5.260718e-03 -2.566491e-03
-3.385376e+00 -1.840332e+00 9.946584e-01 1.004424e+00 4.643119e-03 9.929021e-01 8.496524e-01 1 0 -6.629446e-04 5.742247e-03 5.879882e-03 1.279027e-03 1.376352e-04
-3.282843e+00 -1.213576e+00 9.982969e-01 1.005785e+00 2.710296e-03 9.969381e-01 8.506255e-01 1 0 -1.850237e-03 2.718509e-03 -1.555246e-02 -9.069640e-03 -1.827097e-02
-3.107168e+00 -6.034087e-01 1.003333e+00 1.009571e+00 -1.359245e-02 1.002968e+00 8.534755e-01 1 0 1.774901e-02 3.064650e-03 -6.719994e-02 -1.828303e-02 -7.026460e-02
-3.000000e+00 -2.828427e-01 1.002180e+00 1.011514e+00 -2.797859e-02 1.002119e+00 8.552388e-01 1 0 2.413714e-02 -1.237152e-02 -1.041537e-01 -1.048553e-02 -9.178223e-02
-4.054654e+00 -1.982835e+00 9.952597e-01 9.995053e-01 3.238573e-04 9.943882e-01 8.451063e-01 1 0 2.530743e-03 8.040707e-03 -2.829451e-03 3.462913e-03 -1.087016e-02
-4.040030e+00 -1.642080e+00 9.958133e-01 1.001572e+00 -4.474335e-05 9.952701e-01 8.467136e-01 1 0 1.065157e-02 3.911176e-03 3.816960e-03 -1.518021e-03 -9.421646e-05
-3.937497e+00 -1.019628e+00 9.931821e-01 1.005268e+00 1.258053e-03 9.918657e-01 8.501708e-01 1 0 5.671526e-03 7.018549e-03 1.365532e-02 1.704963e-03 6.636775e-03
-3.761822e+00 -4.197361e-01 9.918020e-01 1.011543e+00 1.936295e-03 9.900630e-01 8.556619e-01 1 0 -4.412440e-03 1.210167e-02 9.630947e-03 -1.121721e-02 -2.470719e-03
-3.654654e+00 -1.071683e-01 9.959674e-01 1.014068e+00 -3.564974e-03 9.953183e-01 8.573284e-01 1 0 -2.321250e-03 4.683526e-03 5.338778e-04 -2.652830e-02 -4.149648e-03
-4.400000e+00 -1.876393e+00 9.943168e-01 1.000980e+00 4.874256e-03 9.918837e-01 8.470296e-01 1 0 -2.092577e-02 -1.148407e-02 -2.362672e-02 -2.320345e-02 -1.214265e-02
-4.385376e+00 -1.535425e+00 9.963304e-01 9.993958e-01 2.593730e-04 9.959613e-01 8.448001e-01 1 0 -9.255620e-03 1.416765e-03 -1.110867e-02 -7.419954e-03 -1.252543e-02
-4.282843e+00 -9.118714e-01 9.991979e-01 1.004924e+00 -3.863178e-03 1.000730e+00 8.486718e-01 1 0 6.734138e-03 1.227077e-02 6.902331e-03 -9.411622e-03 -5.368436e-03
-4.107168e+00 -3.117179e-01 9.952909e-01 1.009406e+00 -9.393982e-03 9.940028e-01 8.536936e-01 1 0 2.069319e-02 -1.313316e-02 3.623590e-02 -2.085113e-02 4.936906e-02
-4.000000e+00 -2.143592e-08 9.913017e-01 1.003286e+00 -1.101230e-02 9.893150e-01 8.488332e-01 1 0 4.758114e-02 -4.461082e-02 2.343972e-02 -8.847622e-03 6.805054e-02
VARIABLES = "X", "Y", "ro", "u", "v", "pre", "Ma", "PART", "IMEX", "Ux", "Uy", "Vx", "Vy", "Vort" 
ZONE I=5, J=5, DATAPACKING=POINT
4.287183e-08 -8.000000e+00 9.999544e-01 1.001069e+00 6.641622e-04 9.999036e-01 8.460790e-01 1 0 3.119241e-03 4.600067e-04 4.576676e-04 2.193288e-03 -2.339077e-06
1.071683e-01 -7.621026e+00 1.000955e+00 1.001006e+00 1.511250e-03 1.001334e+00 8.458450e-01 1 0 -2.413673e-03 -2.045347e-05 1.946929e-03 8.428602e-04 1.967382e-03
2.828427e-01 -6.911871e+00 1.003483e+00 1.000867e+00 7.703352e-04 1.004858e+00 8.453078e-01 1 0 -5.575934e-03 1.966018e-03 2.135713e-03 -4.030324e-03 1.696953e-04
3.853764e-01 -6.226117e+00 1.005113e+00 1.002117e+00 -2.597216e-03 1.007215e+00 8.460618e-01 1 0 1.290611e-03 2.410112e-03 4.164788e-04 -4.875013e-03 -1.993633e-03
4.000000e-01 -5.876393e+00 1.006471e+00 1.002989e+00 -3.675325e-03 1.009155e+00 8.465579e-01 1 0 8.331258e-03 2.732683e-03 -2.546127e-03 4.090080e-04 -5.278810e-03
-3.453460e-01 -8.107168e+00 1.000821e+00 1.000528e+00 -1.679894e-04 1.001131e+00 8.454690e-01 1 0 -3.191708e-04 3.725732e-03 3.045459e-03 1.453235e-03 -6.802723e-04
-2.381777e-01 -7.729044e+00 1.000840e+00 1.001431e+00 8.072284e-04 1.001182e+00 8.462196e-01 1 0 -4.396721e-05 1.354435e-03 1.542254e-03 1.667029e-03 1.878196e-04
-6.250326e-02 -7.019628e+00 1.002020e+00 1.001722e+00 8.596753e-04 1.002809e+00 8.462766e-01 1 0 5.362422e-04 -1.675888e-04 -3.793926e-04 -2.299137e-03 -2.118039e-04
4.003040e-02 -6.332772e+00 1.003910e+00 1.001603e+00 -2.054321e-03 1.005505e+00 8.458387e-01 1 0 1.755582e-03 -6.204908e-04 -7.672850e-04 -4.803530e-03 -1.467942e-04
5.465400e-02 -5.982835e+00 1.006221e+00 1.001239e+00 -3.223558e-03 1.008694e+00 8.451677e-01 1 0 2.563792e-03 -2.024698e-03 -1.792266e-03 1.169582e-03 2.324320e-04
-1.000000e+00 -8.282843e+00 1.001241e+00 1.000144e+00 -2.115272e-03 1.001704e+00 8.450826e-01 1 0 1.172969e-03 -1.729731e-03 7.048747e-04 2.943187e-03 2.434606e-03
-8.928317e-01 -7.912717e+00 1.002385e+00 1.000083e+00 -1.663755e-04 1.003381e+00 8.448053e-01 1 0 3.211325e-03 -1.013586e-03 -7.132113e-04 5.703041e-03 3.003752e-04
-7.171573e-01 -7.213576e+00 1.003397e+00 9.999662e-01 1.731414e-03 1.004740e+00 8.445619e-01 1 0 3.356395e-03 -7.551233e-04 -7.293253e-04 -8.515750e-04 2.579800e-05
-6.146236e-01 -6.531024e+00 1.002313e+00 1.000376e+00 -8.964828e-04 1.003257e+00 8.450746e-01 1 0 1.624336e-03 1.280876e-03 8.030662e-04 -5.152635e-03 -4.778103e-04
-6.000000e-01 -6.181596e+00 1.002296e+00 1.000973e+00 -2.210117e-03 1.003161e+00 8.456136e-01 1 0 2.219918e-04 1.474639e-03 -9.892894e-04 -1.882201e-03 -2.463929e-03
-1.654654e+00 -8.385376e+00 1.001215e+00 9.995255e-01 -1.658614e-03 1.001601e+00 8.445914e-01 1 0 1.182892e-03 -5.943619e-03 -1.983186e-03 3.212104e-04 3.960433e-03
-1.547486e+00 -8.029656e+00 1.003043e+00 9.985789e-01 -8.110181e-05 1.004307e+00 8.434218e-01 1 0 8.099142e-04 -1.107595e-03 -1.128739e-03 5.800375e-03 -2.114342e-05
-1.371811e+00 -7.352295e+00 1.003744e+00 9.989069e-01 1.740948e-03 1.005233e+00 8.436063e-01 1 0 -3.691207e-04 1.035333e-03 1.130683e-03 -1.590758e-03 9.534944e-05
-1.269278e+00 -6.681260e+00 1.002870e+00 9.993181e-01 -9.124381e-04 1.004026e+00 8.440917e-01 1 0 1.330279e-03 1.199669e-04 2.538489e-04 -4.203163e-03 1.338820e-04
-1.254654e+00 -6.333398e+00 1.002972e+00 9.993768e-01 -1.453133e-03 1.004164e+00 8.441270e-01 1 0 4.332793e-03 2.467479e-04 -1.284290e-03 2.385318e-03 -1.531038e-03
-2.000000e+00 -8.400000e+00 1.001175e+00 9.995320e-01 -1.225348e-03 1.001583e+00 8.445871e-01 1 0 -1.412554e-03 -2.692468e-03 4.187098e-04 7.578645e-04 3.111177e-03
-1.892832e+00 -8.053238e+00 1.002520e+00 9.989730e-01 -7.023416e-05 1.003541e+00 8.438565e-01 1 0 -5.159534e-03 1.157440e-03 1.097067e-03 3.085830e-03 -6.037328e-05
-1.717157e+00 -7.390171e+00 1.002538e+00 9.992358e-01 1.316081e-03 1.003557e+00 8.440803e-01 1 0 -2.682721e-03 9.916387e-04 1.679729e-03 -3.021283e-04 6.880907e-04
-1.614624e+00 -6.727163e+00 1.003587e+00 9.987202e-01 -1.101802e-04 1.005016e+00 8.434727e-01 1 0 4.442512e-03 -2.778872e-03 -4.372410e-03 -3.245561e-03 -1.593538e-03
-1.600000e+00 -6.380423e+00 1.005971e+00 9.974840e-01 -1.161726e-03 1.008365e+00 8.420269e-01 1 0 9.818852e-03 -5.100121e-03 -8.617102e-04 1.910254e-03 4.238411e-03
VARIABLES = "X", "Y", "ro", "u", "v", "pre", "Ma", "PART", "IMEX", "Ux", "Uy", "Vx", "Vy", "Vort" 
ZONE I=5, J=5, DATAPACKING=POINT
4.000000e-01 -5.876393e+00 1.006583e+00 1.003071e+00 -3.496429e-03 1.009284e+00 8.466196e-01 1 0 1.116941e-02 -4.574793e-03 -5.307909e-03 3.924201e-03 -7.331168e-04
3.853764e-01 -5.535425e+00 1.004997e+00 1.001862e+00 -1.538383e-03 1.006974e+00 8.458979e-01 1 0 4.023056e-03 -1.284510e-03 9.905951e-04 7.216621e-03 2.275105e-03
2.828427e-01 -4.911871e+00 9.991066e-01 1.003159e+00 6.690885e-04 9.986043e-01 8.480376e-01 1 0 4.803637e-03 5.598968e-03 1.418228e-03 -2.367781e-03 -4.180739e-03
1.071682e-01 -4.311718e+00 9.992696e-01 1.003813e+00 -3.167803e-03 9.992518e-01 8.483889e-01 1 0 1.339531e-02 -1.713790e-03 3.600501e-03 -2.392701e-03 5.314291e-03
-2.143592e-08 -4.000000e+00 9.991956e-01 9.996550e-01 -8.896414e-04 9.990522e-01 8.449237e-01 1 0 1.741734e-02 -1.300692e-02 -9.241026e-03 2.638230e-02 3.765897e-03
5.465400e-02 -5.982835e+00 1.006655e+00 1.001203e+00 -2.827672e-03 1.009300e+00 8.450650e-01 1 0 1.399458e-03 2.335434e-03 5.868836e-04 -5.702318e-03 -1.748551e-03
4.003039e-02 -5.642080e+00 1.005158e+00 1.001538e+00 -2.944710e-03 1.007271e+00 8.455700e-01 1 0 -7.229533e-05 -1.028920e-04 2.236550e-03 5.574892e-03 2.339442e-03
-6.250331e-02 -5.019628e+00 9.997825e-01 1.001394e+00 9.653319e-04 9.995870e-01 8.464157e-01 1 0 3.083980e-03 9.908083e-04 -1.515901e-03 1.059426e-03 -2.506709e-03
-2.381778e-01 -4.419736e+00 1.001252e+00 1.000979e+00 -2.898951e-03 1.001823e+00 8.457440e-01 1 0 4.865495e-03 -2.472148e-03 -1.064898e-03 -9.436092e-03 1.407250e-03
-3.453460e-01 -4.107168e+00 1.001707e+00 9.981116e-01 -2.953480e-03 1.002579e+00 8.431952e-01 1 0 2.964524e-03 -1.668101e-02 1.239469e-03 2.711561e-02 1.792048e-02
-6.000000e-01 -6.181596e+00 1.002510e+00 1.000902e+00 -2.282034e-03 1.003472e+00 8.455134e-01 1 0 4.553956e-05 2.000181e-03 2.534882e-03 -1.154766e-02 5.347012e-04
-6.146236e-01 -5.840332e+00 1.003488e+00 1.000735e+00 -4.104088e-03 1.004900e+00 8.451882e-01 1 0 3.829567e-03 -1.807412e-03 -1.162991e-03 3.429714e-04 6.444212e-04
-7.171573e-01 -5.213576e+00 1.000428e+00 9.999663e-01 3.448008e-04 1.000617e+00 8.450463e-01 1 0 1.688972e-03 1.154884e-03 1.250402e-03 9.582438e-03 9.551801e-05
-8.928318e-01 -4.603409e+00 9.981807e-01 1.000745e+00 8.622555e-04 9.973675e-01 8.461293e-01 1 0 -9.514750e-04 -7.282826e-04 -2.202687e-03 -1.307077e-02 -1.474405e-03
-1.000000e+00 -4.282843e+00 1.002062e+00 9.995665e-01 -6.018350e-03 1.002993e+00 8.444112e-01 1 0 2.600020e-03 -4.266488e-03 8.942159e-04 -2.189629e-02 5.160704e-03
-1.254654e+00 -6.333398e+00 1.002923e+00 9.993854e-01 -1.433821e-03 1.004099e+00 8.441412e-01 1 0 4.903611e-03 -3.394620e-03 -2.738283e-03 4.123023e-03 6.563368e-04
-1.269278e+00 -5.990568e+00 1.004577e+00 9.980733e-01 -2.149155e-03 1.006410e+00 8.427590e-01 1 0 3.441472e-03 -3.095552e-03 -2.725023e-03 -5.558619e-03 3.705289e-04
-1.371811e+00 -5.352295e+00 1.002878e+00 9.981134e-01 -3.094341e-03 1.004028e+00 8.430806e-01 1 0 2.947315e-03 4.486684e-03 4.004544e-03 6.133543e-03 -4.821398e-04
-1.547486e+00 -4.720348e+00 9.955186e-01 1.000239e+00 2.312427e-03 9.937363e-01 8.461163e-01 1 0 3.747583e-03 -7.054608e-04 6.005283e-04 6.230325e-03 1.305989e-03
-1.654654e+00 -4.385376e+00 9.979803e-01 9.967845e-01 1.580341e-03 9.970237e-01 8.428418e-01 1 0 3.866237e-03 -2.182368e-02 -1.329255e-02 -1.483097e-02 8.531130e-03
-1.600000e+00 -6.380423e+00 1.005878e+00 9.974262e-01 -4.435836e-04 1.008242e+00 8.419902e-01 1 0 9.466319e-03 2.245106e-03 -4.326792e-03 8.019782e-03 -6.571898e-03
-1.614624e+00 -6.036471e+00 1.005415e+00 9.979925e-01 -1.291590e-03 1.007599e+00 8.425440e-01 1 0 -2.063605e-03 -6.511270e-05 -1.864786e-04 -6.608473e-03 -1.213659e-04
-1.717157e+00 -5.390171e+00 1.004050e+00 9.968668e-01 -3.997174e-03 1.005688e+00 8.418265e-01 1 0 3.515412e-03 -4.977020e-04 -2.763616e-04 1.772939e-03 2.213405e-04
-1.892832e+00 -4.743930e+00 9.980970e-01 9.983454e-01 1.339177e-03 9.972909e-01 8.440975e-01 1 0 6.783819e-03 6.506914e-03 3.816745e-03 1.317848e-02 -2.690169e-03
-2.000000e+00 -4.400000e+00 9.951630e-01 9.986269e-01 4.969093e-03 9.935546e-01 8.446870e-01 1 0 -1.179316e-02 -2.343790e-02 -3.065356e-03 6.521574e-03 2.037255e-02
VARIABLES = "X", "Y", "ro", "u", "v", "pre", "Ma", "PART", "IMEX", "Ux", "Uy", "Vx", "Vy", "Vort" 
ZONE I=5, J=5, DATAPACKING=POINT
-2.143592e-08 -4.000000e+00 1.000978e+00 1.000120e+00 2.746916e-04 1.001396e+00 8.450789e-01 1 0 6.093896e-03 3.698391e-02 -1.870977e-03 -1.447318e-02 -3.885489e-02
-1.071683e-01 -3.688282e+00 1.000187e+00 1.007344e+00 -6.263106e-03 1.000245e+00 8.513524e-01 1 0 4.109582e-03 2.117087e-02 5.637451e-03 -1.797137e-02 -1.553342e-02
-2.828427e-01 -3.088129e+00 1.004113e+00 1.037680e+00 -1.623678e-02 1.005858e+00 8.763460e-01 1 0 2.914825e-02 1.122012e-01 1.678186e-02 -1.351335e-02 -9.541934e-02
-3.853764e-01 -2.464575e+00 9.983003e-01 1.161617e+00 -3.772754e-02 9.980001e-01 9.824106e-01 1 0 5.784893e-02 3.048944e-01 8.328381e-02 -5.393406e-02 -2.216106e-01
-4.000000e-01 -2.123607e+00 9.933340e-01 1.281211e+00 -6.615130e-02 9.910573e-01 1.085508e+00 1 0 8.657987e-02 3.648196e-01 1.744270e-01 -1.047415e-01 -1.903925e-01
-3.453460e-01 -4.107168e+00 1.002929e+00 9.977800e-01 -7.880633e-04 1.004012e+00 8.428231e-01 1 0 -1.032746e-02 2.768214e-02 6.317334e-03 7.640695e-03 -2.136481e-02
-4.525143e-01 -3.793842e+00 9.975973e-01 1.004403e+00 -4.728904e-03 9.967942e-01 8.492264e-01 1 0 3.772452e-03 1.370759e-02 -1.091607e-03 -1.596411e-02 -1.479920e-02
-6.281887e-01 -3.189442e+00 1.004743e+00 1.019639e+00 -1.532921e-02 1.006618e+00 8.610464e-01 1 0 2.346363e-02 6.610953e-02 -4.250954e-03 -2.458665e-02 -7.036048e-02
-7.307224e-01 -2.562513e+00 9.969692e-01 1.107776e+00 -4.492201e-02 9.968937e-01 9.370468e-01 1 0 9.093839e-02 2.439603e-01 1.481095e-02 -7.917328e-02 -2.291494e-01
-7.453460e-01 -2.221011e+00 9.924106e-01 1.207318e+00 -8.045081e-02 9.913488e-01 1.023180e+00 1 0 1.366052e-01 3.132561e-01 1.834693e-02 -1.201623e-01 -2.949092e-01
-1.000000e+00 -4.282843e+00 1.001246e+00 1.000073e+00 -4.476594e-03 1.001778e+00 8.450000e-01 1 0 7.222871e-04 -1.002887e-03 -5.475457e-03 1.516478e-02 -4.472570e-03
-1.107168e+00 -3.960274e+00 9.983731e-01 9.997287e-01 -2.602800e-03 9.977401e-01 8.451959e-01 1 0 5.915005e-03 2.883946e-03 -5.252515e-04 3.172321e-03 -3.409197e-03
-1.282843e+00 -3.338209e+00 9.996797e-01 1.002228e+00 -5.070779e-03 9.994949e-01 8.471260e-01 1 0 1.220539e-02 1.313890e-02 -1.234488e-02 -1.775794e-02 -2.548379e-02
-1.385376e+00 -2.699639e+00 1.001226e+00 1.027290e+00 -2.657839e-02 1.001911e+00 8.682118e-01 1 0 6.588371e-02 9.506922e-02 -2.920300e-02 -5.702932e-02 -1.242722e-01
-1.400000e+00 -2.356403e+00 9.940295e-01 1.076178e+00 -4.898840e-02 9.934626e-01 9.107381e-01 1 0 1.348794e-01 2.198363e-01 -4.710203e-02 -6.993894e-02 -2.669384e-01
-1.654654e+00 -4.385376e+00 9.984473e-01 9.964250e-01 2.119302e-03 9.977114e-01 8.424453e-01 1 0 6.616683e-03 3.750459e-03 -1.071522e-02 -2.522225e-02 -1.446568e-02
-1.761822e+00 -4.047676e+00 1.000367e+00 9.963790e-01 -2.671390e-03 1.000661e+00 8.419734e-01 1 0 3.008782e-03 -1.250683e-03 -3.385309e-03 -5.357442e-03 -2.134627e-03
-1.937497e+00 -3.399518e+00 9.982495e-01 9.964377e-01 1.063882e-03 9.974054e-01 8.425003e-01 1 0 6.957444e-03 6.256581e-03 -2.362474e-03 6.973707e-03 -8.619055e-03
-2.040030e+00 -2.745148e+00 9.988988e-01 1.002356e+00 -3.782810e-03 9.986502e-01 8.472566e-01 1 0 8.182801e-03 1.107494e-02 -2.994114e-02 -3.028374e-02 -4.101608e-02
-2.054654e+00 -2.399632e+00 1.004795e+00 1.004669e+00 -1.718844e-02 1.005950e+00 8.487364e-01 1 0 4.508738e-02 4.919490e-04 -4.445011e-02 -3.289877e-02 -4.494206e-02
-2.000000e+00 -4.400000e+00 9.959903e-01 9.958857e-01 4.952435e-03 9.948377e-01 8.421749e-01 1 0 -5.481274e-03 -7.766349e-03 -2.059359e-04 -1.414140e-02 7.560413e-03
-2.107168e+00 -4.053238e+00 9.977180e-01 9.959763e-01 5.638122e-04 9.964937e-01 8.422706e-01 1 0 -8.065371e-04 -5.113563e-03 -1.528634e-02 -1.420817e-02 -1.017277e-02
-2.282843e+00 -3.390171e+00 9.999307e-01 9.932012e-01 4.065902e-04 1.000183e+00 8.393025e-01 1 0 1.360130e-02 4.472881e-03 7.386174e-03 9.775575e-03 2.913294e-03
-2.385376e+00 -2.727163e+00 9.947461e-01 9.995411e-01 5.009362e-03 9.919706e-01 8.459580e-01 1 0 1.526947e-02 1.497006e-02 -1.858261e-02 -4.185574e-03 -3.355267e-02
-2.400000e+00 -2.380423e+00 9.972979e-01 1.002435e+00 -6.575418e-04 9.970754e-01 8.473070e-01 1 0 -3.468590e-02 4.485808e-03 -4.945600e-02 -3.069288e-02 -5.394180e-02
VARIABLES = "X", "Y", "ro", "u", "v", "pre", "Ma", "PART", "IMEX", "Ux", "Uy", "Vx", "Vy", "Vort" 
ZONE I=5, J=5, DATAPACKING=POINT
-4.000000e-01 -2.123607e+00 9.935849e-01 1.275141e+00 -6.554503e-02 9.919645e-01 1.079995e+00 1 0 1.221089e-01 2.886908e-01 1.931812e-01 -1.915612e-01 -9.550953e-02
-3.853764e-01 -1.773883e+00 9.675245e-01 1.433250e+00 -1.240023e-01 9.634633e-01 1.218402e+00 1 0 1.454363e-01 4.978134e-01 2.932907e-01 -1.767352e-01 -2.045227e-01
-2.828427e-01 -1.088129e+00 8.586336e-01 1.699217e+00 -2.261552e-01 7.992769e-01 1.501595e+00 1 0 1.691146e-01 1.550681e-01 6.303572e-01 -2.644406e-01 4.752891e-01
-1.071683e-01 -3.789742e-01 5.469962e-01 1.560069e+00 -2.260526e-01 4.353852e-01 1.493300e+00 1 0 1.953692e-01 -8.111406e-01 1.513801e+00 -1.435300e-01 2.324942e+00
0.000000e+00 0.000000e+00 3.864903e-01 1.096901e+00 6.538953e-03 2.653922e-01 1.118758e+00 1 0 9.554757e-02 -1.649416e+00 3.000072e+00 -2.292973e-01 4.649487e+00
-7.453460e-01 -2.221011e+00 9.958438e-01 1.201467e+00 -7.894437e-02 9.950204e-01 1.018035e+00 1 0 1.744724e-01 1.226462e-01 3.919494e-02 -1.948911e-01 -8.345127e-02
-7.307224e-01 -1.871821e+00 9.749892e-01 1.317979e+00 -1.553987e-01 9.700664e-01 1.124454e+00 1 0 2.310998e-01 4.267619e-01 6.526299e-02 -2.427219e-01 -3.614989e-01
-6.281887e-01 -1.189442e+00 9.086835e-01 1.585793e+00 -3.408931e-01 8.711773e-01 1.400055e+00 1 0 3.425590e-01 1.642548e-01 2.618536e-01 -3.578947e-01 9.759885e-02
-4.525143e-01 -4.845336e-01 6.717113e-01 1.538907e+00 -5.646214e-01 5.677630e-01 1.506885e+00 1 0 3.364803e-01 -5.689300e-01 7.019762e-01 -4.882219e-01 1.270906e+00
-3.453460e-01 -1.071683e-01 4.888940e-01 1.206855e+00 -6.227672e-01 3.715696e-01 1.316568e+00 1 0 3.239353e-01 -1.462495e+00 9.138393e-01 -1.131877e-01 2.376334e+00
-1.400000e+00 -2.356403e+00 9.970001e-01 1.078532e+00 -4.800225e-02 9.971485e-01 9.123600e-01 1 0 1.520152e-01 5.895053e-02 -3.736904e-02 -1.524138e-01 -9.631957e-02
-1.385376e+00 -2.008947e+00 9.900719e-01 1.125904e+00 -1.058557e-01 9.863835e-01 9.575442e-01 1 0 1.913480e-01 1.991356e-01 -8.431004e-02 -1.871354e-01 -2.834457e-01
-1.282843e+00 -1.338209e+00 9.665899e-01 1.311076e+00 -3.074044e-01 9.644354e-01 1.139382e+00 1 0 3.806213e-01 1.837404e-01 -1.440853e-01 -3.803774e-01 -3.278257e-01
-1.107168e+00 -6.509661e-01 8.910555e-01 1.370614e+00 -6.200173e-01 8.448819e-01 1.305669e+00 1 0 3.716113e-01 -3.016838e-01 -1.639945e-01 -3.634003e-01 1.376894e-01
-1.000000e+00 -2.828427e-01 8.287882e-01 1.202773e+00 -7.110153e-01 7.705286e-01 1.224690e+00 1 0 2.238137e-01 -7.869266e-01 -2.243563e-01 1.405419e-01 5.625702e-01
-2.054654e+00 -2.399632e+00 1.005036e+00 1.004621e+00 -1.416653e-02 1.006461e+00 8.485428e-01 1 0 5.185701e-02 7.076753e-02 -4.501765e-02 -5.506082e-02 -1.157852e-01
-2.040030e+00 -2.054456e+00 9.981398e-01 1.030124e+00 -3.843221e-02 9.960634e-01 8.721268e-01 1 0 9.168565e-02 7.177333e-02 -8.454674e-02 -7.524433e-02 -1.563201e-01
-1.937497e+00 -1.399518e+00 9.906724e-01 1.094713e+00 -1.402933e-01 9.874546e-01 9.342868e-01 1 0 2.119921e-01 6.940243e-02 -2.398587e-01 -1.961666e-01 -3.092612e-01
-1.761822e+00 -7.383678e-01 9.706395e-01 1.161385e+00 -3.658559e-01 9.650656e-01 1.032067e+00 1 0 2.975150e-01 -3.982219e-02 -4.521289e-01 -2.684294e-01 -4.123067e-01
-1.654654e+00 -3.853764e-01 9.672018e-01 1.152944e+00 -5.022548e-01 9.540156e-01 1.070180e+00 1 0 1.502704e-01 -1.843773e-01 -4.478535e-01 -2.015094e-01 -2.634762e-01
-2.400000e+00 -2.380423e+00 9.986114e-01 1.003590e+00 -8.567368e-05 9.984006e-01 8.482780e-01 1 0 -5.690823e-02 -6.647839e-02 -3.131126e-02 -3.539670e-02 3.516713e-02
-2.385376e+00 -2.036471e+00 1.002772e+00 1.000337e+00 -1.493512e-02 1.001456e+00 8.460883e-01 1 0 8.774427e-02 3.476960e-02 -5.703964e-02 -4.764146e-02 -9.180924e-02
-2.282843e+00 -1.390171e+00 9.988904e-01 1.052089e+00 -7.718903e-02 1.001620e+00 8.903517e-01 1 0 4.557413e-02 7.229162e-02 -1.257724e-01 -1.263005e-01 -1.980641e-01
-2.107168e+00 -7.439299e-01 9.931532e-01 1.080118e+00 -2.186777e-01 1.001544e+00 9.274775e-01 1 0 1.541839e-01 -4.193787e-02 -3.701872e-01 -1.554975e-01 -3.282494e-01
-2.000000e+00 -4.000000e-01 9.841630e-01 1.081404e+00 -3.107689e-01 9.938083e-01 9.463180e-01 1 0 2.791819e-01 -3.658964e-02 -6.145149e-01 -1.325879e-02 -5.779253e-01
