VARIABLES = "X", "Y", "ro", "u", "v", "pre", "Ma", "PART", "IMEX", "Ux", "Uy", "Vx", "Vy", "Vort" 
ZONE I=5, J=5, DATAPACKING=POINT
-6.000000e+00 4.000000e-01 9.964541e-01 1.003878e+00 -9.040975e-04 9.951075e-01 8.490059e-01 0 0 -7.672036e-03 -8.189835e-03 9.242316e-03 2.195206e-03 1.743215e-02
-5.892832e+00 7.439299e-01 9.968491e-01 1.000873e+00 3.578630e-04 9.954428e-01 8.464896e-01 0 0 -3.186838e-02 5.718720e-03 9.095636e-03 -1.514046e-03 3.376916e-03
-5.717157e+00 1.390171e+00 9.964984e-01 1.001779e+00 -1.068086e-03 9.951250e-01 8.472427e-01 0 0 -9.566494e-03 5.851588e-03 -1.603447e-02 -5.642735e-04 -2.188606e-02
-5.614624e+00 2.036471e+00 9.979905e-01 1.001757e+00 -2.806567e-03 9.968537e-01 8.471254e-01 0 0 2.074545e-02 -7.686188e-03 -2.364549e-02 1.902478e-03 -1.595930e-02
-5.600000e+00 2.380423e+00 1.000363e+00 9.984583e-01 -2.382994e-03 1.000067e+00 8.439787e-01 0 0 1.309533e-02 -1.141240e-02 -1.929339e-02 -1.481330e-03 -7.880998e-03
-6.345346e+00 3.853764e-01 9.962484e-01 1.003883e+00 -1.542011e-03 9.953552e-01 8.488178e-01 0 0 5.092409e-03 -1.311882e-03 -3.410654e-03 1.145892e-03 -2.098773e-03
-6.238178e+00 7.383678e-01 9.971047e-01 1.003618e+00 -1.008255e-03 9.962182e-01 8.485901e-01 0 0 3.531922e-03 -3.581050e-03 -1.355173e-03 2.652013e-03 2.225877e-03
-6.062503e+00 1.399518e+00 9.999873e-01 1.000417e+00 3.655182e-05 9.999721e-01 8.455131e-01 0 0 4.880905e-03 -7.027380e-03 1.156911e-03 -2.376098e-05 8.184291e-03
-5.959970e+00 2.054456e+00 1.002121e+00 9.976174e-01 -4.122526e-04 1.003249e+00 8.426668e-01 0 0 2.503428e-03 -1.613338e-03 6.772391e-04 -5.272538e-04 2.290577e-03
-5.945346e+00 2.399632e+00 1.001982e+00 9.978461e-01 -2.778413e-05 1.003059e+00 8.428808e-01 0 0 -3.822146e-03 1.198443e-03 6.869176e-04 3.544796e-03 -5.115255e-04
-7.000000e+00 2.828427e-01 9.989013e-01 1.001434e+00 1.814858e-03 9.980116e-01 8.467451e-01 0 0 -1.307907e-03 -5.005867e-04 -4.724891e-03 4.467178e-03 -4.224304e-03
-6.892832e+00 6.509661e-01 9.990465e-01 1.001026e+00 1.854595e-03 9.983604e-01 8.463138e-01 0 0 -1.733551e-03 -3.653721e-04 -4.126316e-03 -1.764606e-04 -3.760944e-03
-6.717157e+00 1.338209e+00 9.992990e-01 1.000756e+00 7.758478e-05 9.989683e-01 8.459331e-01 0 0 -6.225822e-03 1.349185e-03 -2.695189e-03 -2.676715e-03 -4.044374e-03
-6.614624e+00 2.008947e+00 1.000438e+00 1.001018e+00 -2.001617e-03 1.000555e+00 8.459670e-01 0 0 -7.678584e-03 1.629009e-03 4.811370e-04 -2.387319e-03 -1.147872e-03
-6.600000e+00 2.356403e+00 1.000021e+00 1.001621e+00 -2.380492e-03 9.999443e-01 8.465586e-01 0 0 -4.528004e-03 3.275782e-03 2.176579e-03 1.736561e-03 -1.099204e-03
-7.654654e+00 1.071683e-01 9.964516e-01 1.005255e+00 2.447825e-03 9.950945e-01 8.501773e-01 0 0 -6.378509e-03 3.034161e-03 2.535634e-04 -1.249917e-04 -2.780598e-03
-7.547486e+00 4.845336e-01 9.972554e-01 1.005280e+00 2.328221e-03 9.963339e-01 8.500114e-01 0 0 -5.707923e-03 1.151815e-03 2.414289e-03 -9.013750e-04 1.262474e-03
-7.371811e+00 1.189442e+00 9.973324e-01 1.004961e+00 1.917645e-03 9.963157e-01 8.497816e-01 0 0 -3.800195e-03 3.834493e-04 1.832025e-03 -1.994243e-03 1.448576e-03
-7.269278e+00 1.871821e+00 9.970711e-01 1.004198e+00 -4.553352e-04 9.958543e-01 8.492207e-01 0 0 -3.528397e-03 -2.335845e-03 -8.309785e-04 -4.986603e-03 1.504867e-03
-7.254654e+00 2.221011e+00 9.977937e-01 1.002741e+00 -2.098061e-03 9.970088e-01 8.478058e-01 0 0 -1.383354e-03 -5.503832e-03 -1.533611e-03 -5.096737e-04 3.970221e-03
-8.000000e+00 4.287183e-08 9.971480e-01 1.004768e+00 3.103456e-03 9.955123e-01 8.498851e-01 0 0 1.328902e-02 -3.797205e-03 -5.114195e-03 5.549226e-04 -1.316990e-03
-7.892832e+00 3.789742e-01 9.963245e-01 1.004584e+00 1.774476e-03 9.948284e-01 8.496676e-01 0 0 9.116200e-03 -3.059095e-03 -2.095053e-04 -4.232296e-03 2.849590e-03
-7.717157e+00 1.088129e+00 9.971758e-01 1.005268e+00 -3.608983e-04 9.962193e-01 8.500146e-01 0 0 -2.938977e-03 3.543920e-03 9.226987e-03 -3.042706e-03 5.683066e-03
-7.614624e+00 1.773883e+00 9.956432e-01 1.007271e+00 -7.843371e-04 9.936866e-01 8.521373e-01 0 0 -2.316392e-02 2.306780e-03 3.715645e-03 -1.953678e-03 1.408866e-03
-7.600000e+00 2.123607e+00 9.955307e-01 1.005805e+00 -2.091179e-03 9.936841e-01 8.508520e-01 0 0 -2.191858e-02 -1.150571e-02 1.200844e-03 -4.791096e-03 1.270655e-02
VARIABLES = "X", "Y", "ro", "u", "v", "pre", "Ma", "PART", "IMEX", "Ux", "Uy", "Vx", "Vy", "Vort" 
ZONE I=5, J=5, DATAPACKING=POINT
-5.600000e+00 2.380423e+00 1.000056e+00 9.987599e-01 -3.103647e-03 9.995558e-01 8.443215e-01 0 0 1.514749e-02 -2.537068e-02 -2.316539e-02 1.103377e-02 2.205291e-03
-5.614624e+00 2.727163e+00 1.003733e+00 9.946417e-01 -1.006393e-03 1.005141e+00 8.400370e-01 0 0 -6.570308e-03 -1.004384e-03 8.994905e-03 5.846804e-04 9.999289e-03
-5.717157e+00 3.390171e+00 9.983314e-01 9.990500e-01 -2.842324e-03 9.976901e-01 8.446261e-01 0 0 -5.276658e-03 5.722788e-03 2.935834e-03 -8.272511e-04 -2.786954e-03
-5.892832e+00 4.053238e+00 9.985581e-01 9.989729e-01 -1.409698e-03 9.979662e-01 8.445374e-01 0 0 7.964806e-03 -4.958959e-03 -8.559539e-03 1.644226e-03 -3.600580e-03
-6.000000e+00 4.400000e+00 1.003391e+00 9.957908e-01 -6.010106e-04 1.004797e+00 8.410083e-01 0 0 -1.129281e-02 -1.443865e-02 -6.028305e-05 2.171539e-03 1.437837e-02
-5.945346e+00 2.399632e+00 1.002348e+00 9.975436e-01 1.933424e-06 1.003567e+00 8.425661e-01 0 0 -3.542223e-03 -1.800052e-03 -2.374050e-04 -5.546823e-03 1.562647e-03
-5.959970e+00 2.745148e+00 1.000749e+00 9.983100e-01 -2.169238e-03 1.001168e+00 8.435515e-01 0 0 -8.884411e-03 2.828699e-03 2.481305e-03 -5.726502e-03 -3.473938e-04
-6.062503e+00 3.399518e+00 9.979169e-01 9.997806e-01 -3.508892e-03 9.970849e-01 8.453265e-01 0 0 -1.745182e-03 -6.085913e-04 -2.798726e-04 2.601613e-03 3.287188e-04
-6.238178e+00 4.047676e+00 1.000024e+00 9.987169e-01 -5.974275e-05 1.000047e+00 8.440600e-01 0 0 -3.191193e-03 -2.083907e-03 -1.315989e-03 4.598337e-03 7.679185e-04
-6.345346e+00 4.385376e+00 1.000879e+00 9.992265e-01 3.288307e-04 1.001223e+00 8.443555e-01 0 0 -6.017429e-03 3.453233e-03 -1.408358e-03 -5.530163e-03 -4.861591e-03
-6.600000e+00 2.356403e+00 1.000183e+00 1.001726e+00 -2.166838e-03 1.000178e+00 8.466170e-01 0 0 -5.462343e-03 4.528227e-03 2.328380e-03 -2.452554e-03 -2.199847e-03
-6.614624e+00 2.699639e+00 9.984309e-01 1.002171e+00 -3.084817e-03 9.977762e-01 8.472713e-01 0 0 -3.330493e-03 -9.553001e-04 4.866159e-04 -1.442013e-03 1.441916e-03
-6.717157e+00 3.338209e+00 9.983121e-01 1.001142e+00 -2.328904e-03 9.976386e-01 8.464077e-01 0 0 -2.038003e-03 -1.984706e-03 -2.889485e-03 2.738211e-03 -9.047797e-04
-6.892832e+00 3.960274e+00 1.000548e+00 1.000461e+00 -1.458099e-05 1.000771e+00 8.454495e-01 0 0 1.016828e-03 -9.092891e-04 -1.029397e-03 2.726232e-03 -1.201078e-04
-7.000000e+00 4.282843e+00 1.000914e+00 9.997855e-01 7.090500e-04 1.001281e+00 8.448183e-01 0 0 1.958377e-03 -2.150785e-03 1.924585e-04 3.120594e-03 2.343244e-03
-7.254654e+00 2.221011e+00 9.980256e-01 1.002844e+00 -1.495214e-03 9.973073e-01 8.478641e-01 0 0 -3.525075e-03 5.699858e-03 -7.283807e-04 -4.180198e-03 -6.428239e-03
-7.269278e+00 2.562513e+00 9.967076e-01 1.003769e+00 -2.603891e-03 9.954213e-01 8.488901e-01 0 0 -1.821058e-03 -3.413167e-05 -1.306893e-03 1.101213e-04 -1.272761e-03
-7.371811e+00 3.189442e+00 9.989338e-01 1.001332e+00 -4.744291e-04 9.984917e-01 8.464673e-01 0 0 5.732404e-03 -5.167168e-03 -4.692836e-03 3.147032e-03 4.743316e-04
-7.547486e+00 3.793842e+00 1.001205e+00 9.987603e-01 2.578235e-04 1.001692e+00 8.439012e-01 0 0 -7.661279e-04 1.132053e-03 1.818765e-03 -2.390380e-03 6.867118e-04
-7.654654e+00 4.107168e+00 9.979752e-01 1.001109e+00 -1.384704e-03 9.971624e-01 8.464368e-01 0 0 -1.163859e-02 9.446015e-03 7.775842e-03 -5.171200e-03 -1.670172e-03
-7.600000e+00 2.123607e+00 9.956638e-01 1.005594e+00 -1.767018e-03 9.938033e-01 8.506782e-01 0 0 -2.574513e-02 4.382925e-03 4.841956e-03 -9.171473e-03 4.590307e-04
-7.614624e+00 2.464575e+00 9.967167e-01 1.004240e+00 -2.369475e-03 9.952708e-01 8.493566e-01 0 0 -1.101226e-03 -1.054398e-02 -3.431190e-03 4.322338e-03 7.112785e-03
-7.717157e+00 3.088129e+00 1.002866e+00 9.979942e-01 1.298710e-03 1.003956e+00 8.430019e-01 0 0 2.030107e-02 9.547771e-04 -4.547973e-03 1.545782e-03 -5.502750e-03
-7.892832e+00 3.688282e+00 9.981421e-01 1.001699e+00 -9.931428e-04 9.974076e-01 8.469026e-01 0 0 -2.441477e-02 6.357385e-03 7.364735e-03 -6.972594e-03 1.007350e-03
-8.000000e+00 4.000000e+00 9.926292e-01 1.006360e+00 -4.255903e-03 9.896765e-01 8.518053e-01 0 0 -2.761270e-02 4.880799e-03 9.800740e-03 -1.254135e-02 4.919941e-03
VARIABLES = "X", "Y", "ro", "u", "v", "pre", "Ma", "PART", "IMEX", "Ux", "Uy", "Vx", "Vy", "Vort" 
ZONE I=5, J=5, DATAPACKING=POINT
-6.000000e+00 4.400000e+00 1.003523e+00 9.955383e-01 8.359882e-05 1.004974e+00 8.407761e-01 0 0 -1.227844e-02 -6.381335e-04 5.366767e-03 6.337228e-05 6.004901e-03
-6.107168e+00 4.743930e+00 1.002392e+00 9.970670e-01 -1.556135e-03 1.003358e+00 8.422705e-01 0 0 -7.573268e-03 1.665897e-03 8.780137e-04 -3.625306e-03 -7.878829e-04
-6.282843e+00 5.390171e+00 9.990319e-01 9.985109e-01 -2.472173e-03 9.986468e-01 8.440611e-01 0 0 4.206651e-03 1.670067e-03 1.017843e-03 5.753171e-04 -6.522245e-04
-6.385376e+00 6.036471e+00 9.963822e-01 9.990693e-01 -2.901282e-03 9.949449e-01 8.449809e-01 0 0 -7.588273e-03 1.467615e-03 3.932204e-03 -2.558956e-03 2.464589e-03
-6.400000e+00 6.380423e+00 9.960826e-01 1.000294e+00 -4.388355e-03 9.945249e-01 8.460729e-01 0 0 -6.583480e-03 4.413868e-03 2.065368e-03 -3.937324e-03 -2.348499e-03
-6.345346e+00 4.385376e+00 1.000830e+00 9.992646e-01 2.060468e-04 1.001172e+00 8.443884e-01 0 0 -6.160697e-03 -2.783814e-03 -1.106991e-03 -3.901000e-03 1.676823e-03
-6.452514e+00 4.720348e+00 1.001048e+00 9.987614e-01 -9.783064e-04 1.001470e+00 8.439298e-01 0 0 -2.939290e-03 -2.421911e-03 -2.668671e-03 -4.638550e-03 -2.467607e-04
-6.628189e+00 5.352295e+00 9.990517e-01 9.988985e-01 -2.948457e-03 9.986688e-01 8.443888e-01 0 0 -5.419113e-03 1.097567e-03 1.488281e-03 -1.739313e-03 3.907136e-04
-6.730722e+00 5.990568e+00 9.955365e-01 1.001021e+00 -3.738533e-03 9.937609e-01 8.467784e-01 0 0 -3.498017e-03 2.426582e-03 1.752100e-03 -7.272081e-04 -6.744817e-04
-6.745346e+00 6.333398e+00 9.956548e-01 1.001199e+00 -4.164861e-03 9.939153e-01 8.469152e-01 0 0 4.229076e-04 -2.940988e-03 -2.332505e-03 -8.173539e-04 6.084829e-04
-7.000000e+00 4.282843e+00 1.001136e+00 9.998823e-01 1.010727e-03 1.001585e+00 8.448656e-01 0 0 1.564780e-03 2.100982e-03 6.170441e-04 -1.511606e-03 -1.483938e-03
-7.107168e+00 4.603409e+00 9.986347e-01 1.000952e+00 -2.991306e-04 9.980762e-01 8.461957e-01 0 0 -5.249481e-03 2.886406e-03 3.318767e-03 -3.459026e-03 4.323614e-04
-7.282843e+00 5.213576e+00 9.957878e-01 1.002838e+00 -2.787587e-03 9.941040e-01 8.482739e-01 0 0 -3.600275e-03 -6.610696e-04 -1.136943e-03 -3.220149e-03 -4.758731e-04
-7.385376e+00 5.840332e+00 9.983740e-01 1.001270e+00 -3.409247e-03 9.977226e-01 8.465088e-01 0 0 2.103779e-03 -3.420354e-03 -2.753210e-03 9.044346e-04 6.671441e-04
-7.400000e+00 6.181596e+00 9.991053e-01 1.000542e+00 -2.601717e-03 9.987464e-01 8.457673e-01 0 0 8.632835e-04 -2.019843e-04 -1.770483e-03 2.396830e-03 -1.568499e-03
-7.654654e+00 4.107168e+00 9.979744e-01 1.000856e+00 -1.517353e-03 9.971652e-01 8.462215e-01 0 0 -1.290134e-02 1.290361e-02 1.073184e-02 -8.422278e-03 -2.171767e-03
-7.761822e+00 4.419736e+00 9.944174e-01 1.003885e+00 -2.899507e-03 9.921981e-01 8.493896e-01 0 0 -2.405480e-03 1.734920e-03 1.637021e-03 1.294077e-03 -9.789873e-05
-7.937497e+00 5.019628e+00 9.956192e-01 1.002275e+00 -1.047581e-03 9.938863e-01 8.478154e-01 0 0 5.995834e-03 -2.597128e-03 -2.375523e-03 1.706515e-03 2.216046e-04
-8.040030e+00 5.642080e+00 9.986043e-01 1.000970e+00 -1.468179e-03 9.980416e-01 8.462133e-01 0 0 -1.313482e-03 -8.082559e-04 -1.176852e-03 -2.929479e-03 -3.685959e-04
-8.054654e+00 5.982835e+00 1.000242e+00 1.000442e+00 -2.314669e-03 1.000355e+00 8.454822e-01 0 0 7.172603e-04 -2.118298e-03 -1.018125e-03 -1.721980e-03 1.100173e-03
-8.000000e+00 4.000000e+00 9.917295e-01 1.006616e+00 -5.237180e-03 9.884305e-01 8.521760e-01 0 0 -2.382151e-02 -1.754924e-02 4.121538e-03 1.236911e-02 2.167078e-02
-8.107168e+00 4.311718e+00 9.948706e-01 1.002901e+00 -1.811890e-03 9.928436e-01 8.484726e-01 0 0 1.243424e-02 -7.116461e-03 -1.013234e-02 2.789820e-03 -3.015877e-03
-8.282843e+00 4.911871e+00 9.976232e-01 1.000026e+00 -1.197385e-03 9.966667e-01 8.455825e-01 0 0 8.511928e-03 4.103544e-03 4.537741e-03 -4.187733e-04 4.341969e-04
-8.385376e+00 5.535425e+00 9.966033e-01 1.002369e+00 -1.388789e-03 9.952411e-01 8.477366e-01 0 0 -9.908373e-03 -4.229720e-04 7.100824e-04 1.566540e-03 1.133054e-03
-8.400000e+00 5.876393e+00 9.997537e-01 1.000206e+00 -7.381353e-04 9.996492e-01 8.453728e-01 0 0 3.684963e-03 -1.356295e-02 -9.538834e-03 3.554541e-03 4.024111e-03
VARIABLES = "X", "Y", "ro", "u", "v", "pre", "Ma", "PART", "IMEX", "Ux", "Uy", "Vx", "Vy", "Vort" 
ZONE I=5, J=5, DATAPACKING=POINT
-6.400000e+00 6.380423e+00 9.960850e-01 1.000140e+00 -4.085911e-03 9.945291e-01 8.459409e-01 0 0 -7.178732e-03 2.858894e-03 1.794803e-03 -3.596481e-03 -1.064091e-03
-6.385376e+00 6.727163e+00 9.961470e-01 1.000875e+00 -4.708882e-03 9.946104e-01 8.465565e-01 0 0 1.281413e-03 5.729346e-04 -1.643130e-03 1.288393e-03 -2.216065e-03
-6.282843e+00 7.390171e+00 1.000744e+00 1.000087e+00 -1.728998e-03 1.001041e+00 8.451038e-01 0 0 8.298957e-03 -4.096348e-03 -3.359883e-03 7.014680e-03 7.364648e-04
-6.107168e+00 8.053238e+00 1.003915e+00 9.989335e-01 1.716821e-03 1.005494e+00 8.435911e-01 0 0 8.163748e-04 -6.874979e-04 -5.940771e-04 3.096607e-03 9.342072e-05
-6.000000e+00 8.400000e+00 1.003295e+00 9.991627e-01 2.066612e-03 1.004612e+00 8.438946e-01 0 0 -3.927784e-04 1.726778e-03 2.657000e-03 -2.317280e-03 9.302217e-04
-6.745346e+00 6.333398e+00 9.956619e-01 1.001115e+00 -3.959826e-03 9.939305e-01 8.468401e-01 0 0 4.014590e-04 -2.323213e-03 -1.586439e-03 -1.303551e-03 7.367737e-04
-6.730722e+00 6.681260e+00 9.966562e-01 1.000059e+00 -3.921509e-03 9.953228e-01 8.457767e-01 0 0 2.799398e-03 -3.892447e-03 -3.804487e-03 2.530357e-03 8.796044e-05
-6.628189e+00 7.352295e+00 1.001120e+00 9.981841e-01 -1.081207e-03 1.001566e+00 8.434320e-01 0 0 3.596328e-03 -1.868161e-03 -1.796410e-03 5.330980e-03 7.175136e-05
-6.452514e+00 8.029656e+00 1.003189e+00 9.987865e-01 1.344630e-03 1.004473e+00 8.435894e-01 0 0 7.790279e-04 2.019124e-03 2.024420e-03 1.034860e-03 5.296337e-06
-6.345346e+00 8.385376e+00 1.002467e+00 9.994727e-01 1.540261e-03 1.003448e+00 8.442963e-01 0 0 -6.592822e-04 1.119791e-03 1.176635e-03 -3.075156e-04 5.684384e-05
-7.400000e+00 6.181596e+00 9.991131e-01 1.000446e+00 -2.842426e-03 9.987566e-01 8.456854e-01 0 0 1.183287e-03 -2.373550e-03 -1.220250e-03 1.744865e-03 1.153300e-03
-7.385376e+00 6.531024e+00 9.998162e-01 9.995560e-01 -1.720694e-03 9.997450e-01 8.448103e-01 0 0 4.572639e-04 -3.052352e-03 -3.433259e-03 3.348419e-03 -3.809066e-04
-7.282843e+00 7.213576e+00 1.000300e+00 9.976175e-01 -4.490272e-04 1.000421e+00 8.430900e-01 0 0 -2.791791e-04 -1.937390e-03 -1.749729e-03 1.083689e-03 1.876615e-04
-7.107168e+00 7.912717e+00 1.000731e+00 9.975355e-01 -7.890703e-05 1.001019e+00 8.429501e-01 0 0 1.757337e-03 1.508217e-03 1.215305e-03 6.328644e-04 -2.929117e-04
-7.000000e+00 8.282843e+00 1.000857e+00 9.986796e-01 5.183191e-04 1.001206e+00 8.438912e-01 0 0 2.244519e-03 3.110610e-03 2.011590e-03 1.107047e-03 -1.099019e-03
-8.054654e+00 5.982835e+00 1.000008e+00 1.000684e+00 -2.383245e-03 1.000019e+00 8.457299e-01 0 0 4.843833e-04 -2.927904e-03 -4.346057e-03 5.801966e-03 -1.418153e-03
-8.040030e+00 6.332772e+00 1.002517e+00 9.994463e-01 -6.963422e-04 1.003521e+00 8.442637e-01 0 0 2.913686e-03 -3.096190e-03 -2.727754e-03 3.920361e-03 3.684364e-04
-7.937497e+00 7.019628e+00 1.002066e+00 9.981994e-01 6.885579e-04 1.002891e+00 8.432854e-01 0 0 4.835400e-04 -1.309532e-03 -1.538129e-03 7.467556e-04 -2.285964e-04
-7.761822e+00 7.729044e+00 9.990023e-01 9.973012e-01 -1.067614e-04 9.986052e-01 8.430409e-01 0 0 -2.136268e-03 -6.649771e-04 -2.115354e-04 -2.404628e-03 4.534417e-04
-7.654654e+00 8.107168e+00 9.990485e-01 9.970287e-01 -1.148637e-03 9.986704e-01 8.428031e-01 0 0 -2.198612e-04 1.161195e-03 2.836758e-03 -2.036599e-03 1.675563e-03
-8.400000e+00 5.876393e+00 9.996829e-01 1.000491e+00 -3.660819e-04 9.995582e-01 8.456216e-01 0 0 2.442971e-03 -7.719423e-03 -1.166758e-02 5.603069e-03 -3.948154e-03
-8.385376e+00 6.226117e+00 1.002841e+00 9.981199e-01 2.723410e-04 1.003984e+00 8.430848e-01 0 0 6.410477e-03 -4.949295e-03 -5.075216e-03 1.171891e-03 -1.259212e-04
-8.282843e+00 6.911871e+00 1.003510e+00 9.975721e-01 7.475429e-04 1.004911e+00 8.425147e-01 0 0 5.967292e-03 5.125465e-04 6.736509e-04 5.332827e-04 1.611044e-04
-8.107168e+00 7.621026e+00 9.988213e-01 9.987649e-01 1.826935e-04 9.983644e-01 8.443035e-01 0 0 -5.301054e-03 1.666240e-03 7.785946e-04 -3.335087e-03 -8.876451e-04
-8.000000e+00 8.000000e+00 9.975793e-01 9.981463e-01 -1.590288e-03 9.966148e-01 8.439967e-01 0 0 -6.804643e-03 -1.763565e-03 1.100724e-03 -4.411333e-03 2.864289e-03
VARIABLES = "X", "Y", "ro", "u", "v", "pre", "Ma", "PART", "IMEX", "Ux", "Uy", "Vx", "Vy", "Vort" 
ZONE I=5, J=5, DATAPACKING=POINT
-4.000000e+00 -2.143592e-08 9.920481e-01 1.007617e+00 -1.024941e-02 9.901520e-01 8.524511e-01 0 0 -1.172305e-03 -3.167110e-02 -3.510632e-02 -4.688800e-03 -3.435218e-03
-3.892832e+00 3.117178e-01 9.936019e-01 1.001580e+00 -1.145057e-02 9.950397e-01 8.459331e-01 0 0 -6.221261e-02 1.330560e-02 -2.472295e-02 1.249266e-02 -3.802855e-02
-3.717157e+00 9.118713e-01 9.987670e-01 1.001171e+00 -6.201817e-03 1.000115e+00 8.455900e-01 0 0 -2.059786e-02 4.024728e-03 3.018197e-02 9.312263e-04 2.615725e-02
-3.614624e+00 1.535425e+00 1.003999e+00 9.979174e-01 -4.271491e-03 1.004799e+00 8.430661e-01 0 0 1.668918e-02 -8.207593e-03 2.735194e-02 -3.435212e-03 3.555954e-02
-3.600000e+00 1.876393e+00 1.003366e+00 9.971105e-01 -4.540259e-03 1.005196e+00 8.419534e-01 0 0 -2.513539e-03 4.246796e-03 2.344832e-02 4.722651e-03 1.920152e-02
-4.345346e+00 1.071682e-01 9.990560e-01 9.997918e-01 -3.167719e-03 1.000050e+00 8.445625e-01 0 0 2.186488e-02 1.114501e-02 -1.580983e-02 -7.470702e-03 -2.695484e-02
-4.238178e+00 4.197361e-01 9.997566e-01 1.004103e+00 -5.819263e-03 1.000538e+00 8.483051e-01 0 0 1.690598e-02 -2.665227e-07 -1.377507e-02 -2.084382e-03 -1.377480e-02
-4.062503e+00 1.019628e+00 1.002236e+00 1.001500e+00 -8.074944e-03 1.003212e+00 8.460376e-01 0 0 6.712580e-03 -1.174102e-02 -2.385065e-03 -5.087652e-05 9.355953e-03
-3.959970e+00 1.642080e+00 1.002196e+00 9.965077e-01 -6.756251e-03 1.003636e+00 8.416178e-01 0 0 -7.142674e-04 -2.475659e-03 1.722581e-03 3.204785e-03 4.198241e-03
-3.945346e+00 1.982835e+00 1.000786e+00 9.973621e-01 -6.263676e-03 1.001811e+00 8.425103e-01 0 0 5.293560e-03 9.282865e-03 -4.142084e-03 -5.128969e-03 -1.342495e-02
-5.000000e+00 2.828427e-01 1.003544e+00 9.965576e-01 1.623803e-03 1.003545e+00 8.422458e-01 0 0 -8.568605e-03 -5.623333e-03 -3.401567e-03 2.780100e-04 2.221765e-03
-4.892832e+00 6.034087e-01 1.003691e+00 9.948160e-01 2.778860e-04 1.004689e+00 8.403553e-01 0 0 -2.896746e-03 -1.058209e-03 -6.330207e-03 -4.186877e-03 -5.271998e-03
-4.717157e+00 1.213576e+00 1.003540e+00 9.958467e-01 -3.326458e-03 1.004757e+00 8.411387e-01 0 0 7.989564e-04 3.404996e-03 -8.743248e-03 -1.796286e-03 -1.214824e-02
-4.614624e+00 1.840332e+00 1.002963e+00 9.971684e-01 -3.743234e-03 1.003312e+00 8.426205e-01 0 0 -8.862779e-04 -9.395894e-04 -6.173434e-03 2.627946e-03 -5.233844e-03
-4.600000e+00 2.181596e+00 1.003175e+00 9.957957e-01 -2.768151e-03 1.003779e+00 8.413511e-01 0 0 -2.943776e-03 -8.672667e-03 -2.693591e-03 4.225000e-03 5.979077e-03
-5.654654e+00 3.853764e-01 9.959059e-01 1.003270e+00 1.797138e-03 9.947026e-01 8.484316e-01 0 0 -6.750731e-03 6.752149e-03 3.478721e-03 -6.594577e-03 -3.273427e-03
-5.547486e+00 7.203484e-01 9.975638e-01 1.003648e+00 7.746180e-04 9.965748e-01 8.486584e-01 0 0 -8.566394e-03 -1.119357e-04 2.464194e-03 -2.992761e-03 2.576130e-03
-5.371811e+00 1.352295e+00 1.000536e+00 1.000247e+00 -1.425594e-04 1.000914e+00 8.452031e-01 0 0 -6.992625e-03 -3.939134e-03 3.193225e-04 -1.025501e-03 4.258457e-03
-5.269278e+00 1.990568e+00 1.000009e+00 9.984237e-01 -9.678510e-04 1.000596e+00 8.435749e-01 0 0 -5.142165e-03 5.379995e-04 1.124485e-03 -2.632418e-03 5.864857e-04
-5.254654e+00 2.333398e+00 9.988550e-01 9.988072e-01 -2.527240e-03 9.986777e-01 8.442238e-01 0 0 -5.562378e-03 2.327019e-03 2.361981e-04 -8.482952e-03 -2.090821e-03
-6.000000e+00 4.000000e-01 9.968629e-01 1.003912e+00 -8.465635e-04 9.949329e-01 8.492835e-01 0 0 4.591740e-03 -1.512481e-02 1.191507e-02 1.838570e-03 2.703989e-02
-5.892832e+00 7.439299e-01 9.950435e-01 9.995267e-01 8.374078e-05 9.927381e-01 8.457346e-01 0 0 3.256822e-02 -1.701581e-02 -1.848943e-03 7.266412e-04 1.516687e-02
-5.717157e+00 1.390171e+00 9.960208e-01 9.997362e-01 -2.105152e-03 9.944707e-01 8.455914e-01 0 0 2.559164e-03 4.174997e-03 6.553640e-03 -6.612744e-03 2.378642e-03
-5.614624e+00 2.036471e+00 9.989227e-01 1.001350e+00 -3.908909e-03 9.974289e-01 8.469348e-01 0 0 -1.412101e-02 -1.088870e-03 1.189717e-02 -1.644216e-05 1.298604e-02
-5.600000e+00 2.380423e+00 1.000017e+00 9.994084e-01 -2.746466e-03 9.989728e-01 8.450986e-01 0 0 9.279435e-03 -7.429376e-03 -3.088051e-03 1.013358e-03 4.341325e-03
VARIABLES = "X", "Y", "ro", "u", "v", "pre", "Ma", "PART", "IMEX", "Ux", "Uy", "Vx", "Vy", "Vort" 
ZONE I=5, J=5, DATAPACKING=POINT
-3.600000e+00 1.876393e+00 1.003849e+00 9.970000e-01 -3.793533e-03 1.005958e+00 8.417414e-01 0 0 6.666088e-04 2.230412e-02 2.802496e-02 -1.314664e-02 5.720844e-03
-3.614624e+00 2.226117e+00 9.991585e-01 1.000450e+00 -5.521605e-03 9.995920e-01 8.453639e-01 0 0 1.225496e-02 1.066790e-03 -2.589859e-05 3.510125e-03 -1.092688e-03
-3.717157e+00 2.911871e+00 1.002038e+00 9.966326e-01 -1.299330e-03 1.002981e+00 8.419130e-01 0 0 6.297129e-03 -3.907913e-03 4.500076e-03 4.283656e-03 8.407990e-03
-3.892832e+00 3.621026e+00 1.002830e+00 9.972027e-01 -3.031545e-03 1.003920e+00 8.423364e-01 0 0 -8.625413e-03 4.406413e-03 7.822681e-03 -3.896696e-03 3.416268e-03
-4.000000e+00 4.000000e+00 1.000395e+00 1.000393e+00 -4.602685e-03 1.000618e+00 8.454012e-01 0 0 1.509959e-02 1.412989e-02 -7.259021e-03 -5.905471e-03 -2.138891e-02
-3.945346e+00 1.982835e+00 1.000496e+00 9.976244e-01 -6.908289e-03 1.001471e+00 8.427563e-01 0 0 2.140244e-03 -1.581792e-03 -5.926866e-04 4.316502e-03 9.891056e-04
-3.959970e+00 2.332772e+00 1.001961e+00 9.965007e-01 -3.938677e-03 1.002992e+00 8.417702e-01 0 0 5.828309e-03 -2.347503e-03 -3.822175e-03 7.764539e-03 -1.474673e-03
-4.062503e+00 3.019628e+00 1.002224e+00 9.963622e-01 -1.622399e-03 1.002921e+00 8.417883e-01 0 0 -2.396444e-03 1.963538e-03 1.485223e-03 -1.511202e-03 -4.783151e-04
-4.238178e+00 3.729044e+00 1.001291e+00 9.982978e-01 -4.405715e-03 1.001865e+00 8.434820e-01 0 0 1.902271e-03 1.180254e-03 -3.929829e-04 -2.720366e-03 -1.573237e-03
-4.345346e+00 4.107168e+00 1.003217e+00 9.971755e-01 -3.727007e-03 1.004515e+00 8.422283e-01 0 0 3.724646e-03 -7.209850e-03 -2.171833e-05 9.359956e-03 7.188131e-03
-4.600000e+00 2.181596e+00 1.003173e+00 9.955553e-01 -2.577589e-03 1.003769e+00 8.411511e-01 0 0 -7.771079e-04 -2.220789e-03 -3.963496e-03 3.592382e-03 -1.742707e-03
-4.614624e+00 2.531024e+00 1.001934e+00 9.963877e-01 -2.091978e-03 1.002500e+00 8.418653e-01 0 0 -2.978956e-03 4.012872e-03 1.939817e-03 5.198168e-04 -2.073055e-03
-4.717157e+00 3.213576e+00 9.996116e-01 9.981935e-01 -2.556196e-03 9.995103e-01 8.436730e-01 0 0 2.875622e-05 -5.146385e-04 -4.260022e-04 -1.292456e-03 8.863637e-05
-4.892832e+00 3.912717e+00 1.001817e+00 9.961994e-01 -3.143402e-03 1.002527e+00 8.416483e-01 0 0 9.878837e-04 -2.713531e-03 -2.583734e-03 -7.974345e-04 1.297970e-04
-5.000000e+00 4.282843e+00 1.001920e+00 9.960641e-01 -2.887101e-03 1.002696e+00 8.415057e-01 0 0 -4.070371e-04 3.497062e-03 8.753434e-04 1.177408e-03 -2.621719e-03
-5.254654e+00 2.333398e+00 9.988149e-01 9.989392e-01 -2.768813e-03 9.986125e-01 8.443465e-01 0 0 -6.667873e-03 1.961743e-03 2.429534e-03 -7.627500e-03 4.677913e-04
-5.269278e+00 2.681260e+00 9.994168e-01 9.983237e-01 -3.487205e-03 9.992174e-01 8.438268e-01 0 0 1.030915e-03 -3.474111e-03 -2.239493e-03 8.751677e-04 1.234618e-03
-5.371811e+00 3.352295e+00 1.000654e+00 9.966350e-01 -1.931946e-03 1.000870e+00 8.422209e-01 0 0 8.401687e-04 8.659488e-05 4.133241e-04 1.737662e-03 3.267292e-04
-5.547486e+00 4.029656e+00 9.989242e-01 9.976727e-01 -2.197592e-03 9.985234e-01 8.433586e-01 0 0 -5.177337e-03 -4.693180e-04 -1.264559e-03 -2.385337e-03 -7.952408e-04
-5.654654e+00 4.385376e+00 1.000636e+00 9.969860e-01 -2.887435e-03 1.000869e+00 8.425127e-01 0 0 -8.322591e-04 -6.697901e-03 -3.695966e-03 -2.029051e-03 3.001936e-03
-5.600000e+00 2.380423e+00 9.996387e-01 9.996614e-01 -3.642303e-03 9.983150e-01 8.454336e-01 0 0 8.695996e-03 -2.099072e-02 -1.129542e-03 1.932543e-02 1.986118e-02
-5.614624e+00 2.727163e+00 1.003291e+00 9.957865e-01 -1.028350e-04 1.004356e+00 8.411470e-01 0 0 2.001407e-02 -7.991553e-04 -1.469817e-02 -1.047062e-03 -1.389901e-02
-5.717157e+00 3.390171e+00 9.989214e-01 9.984815e-01 -3.194967e-03 9.985604e-01 8.440277e-01 0 0 -1.693851e-02 1.954499e-03 6.770559e-03 -1.853814e-03 4.816060e-03
-5.892832e+00 4.053238e+00 9.985169e-01 9.991852e-01 -1.524769e-03 9.978777e-01 8.447370e-01 0 0 -1.428098e-03 -5.265466e-03 -3.936534e-03 5.414666e-03 1.328931e-03
-6.000000e+00 4.400000e+00 1.003179e+00 9.964604e-01 1.327522e-04 1.004539e+00 8.415927e-01 0 0 7.178128e-03 -9.608457e-03 -1.197576e-02 1.000905e-03 -2.367304e-03
VARIABLES = "X", "Y", "ro", "u", "v", "pre", "Ma", "PART", "IMEX", "Ux", "Uy", "Vx", "Vy", "Vort" 
ZONE I=5, J=5, DATAPACKING=POINT
-4.000000e+00 4.000000e+00 1.000196e+00 1.000573e+00 -5.413308e-03 1.000331e+00 8.455939e-01 0 0 1.150937e-02 -5.833293e-03 -1.175918e-02 2.615743e-03 -5.925883e-03
-4.107168e+00 4.378974e+00 1.003748e+00 9.977566e-01 -2.041534e-03 1.005248e+00 8.426307e-01 0 0 5.161705e-03 -3.380498e-03 -3.115652e-03 6.759418e-03 2.648451e-04
-4.282843e+00 5.088129e+00 1.004631e+00 9.973912e-01 8.162815e-04 1.006485e+00 8.421728e-01 0 0 -6.386138e-03 1.386907e-03 2.549508e-03 1.044376e-03 1.162601e-03
-4.385376e+00 5.773883e+00 1.003687e+00 9.990427e-01 -1.148734e-04 1.005170e+00 8.437220e-01 0 0 3.685440e-03 1.162565e-04 -3.549659e-03 -2.413001e-03 -3.665915e-03
-4.400000e+00 6.123607e+00 1.005186e+00 9.978159e-01 -7.253206e-04 1.007272e+00 8.424348e-01 0 0 5.248689e-04 -6.788620e-03 -3.012215e-03 -1.370617e-04 3.776404e-03
-4.345346e+00 4.107168e+00 1.003186e+00 9.970453e-01 -3.379808e-03 1.004455e+00 8.421295e-01 0 0 5.724599e-03 -1.132417e-03 -1.120489e-03 8.610132e-03 1.192820e-05
-4.452514e+00 4.484534e+00 1.003722e+00 9.970031e-01 -1.259412e-03 1.005210e+00 8.419980e-01 0 0 1.071108e-03 1.619306e-03 1.644981e-03 4.630699e-03 2.567465e-05
-4.628189e+00 5.189442e+00 1.003640e+00 9.981876e-01 3.647341e-04 1.005096e+00 8.430110e-01 0 0 8.532779e-04 1.307827e-03 9.835957e-04 8.834234e-04 -3.242315e-04
-4.730722e+00 5.871821e+00 1.005201e+00 9.983398e-01 2.105262e-05 1.007289e+00 8.428759e-01 0 0 3.116897e-04 -1.796563e-04 4.916872e-04 -1.188918e-03 6.713435e-04
-4.745346e+00 6.221011e+00 1.005018e+00 9.984526e-01 -2.703756e-04 1.007032e+00 8.430022e-01 0 0 -2.701408e-03 1.227823e-03 6.296874e-04 1.517132e-04 -5.981355e-04
-5.000000e+00 4.282843e+00 1.001899e+00 9.960821e-01 -3.032078e-03 1.002678e+00 8.415195e-01 0 0 -8.570093e-04 2.396865e-03 1.749050e-03 8.803417e-04 -6.478149e-04
-5.107168e+00 4.650966e+00 1.001716e+00 9.965793e-01 -2.006743e-03 1.002399e+00 8.419778e-01 0 0 1.673238e-03 1.011841e-03 1.217631e-03 4.039752e-03 2.057904e-04
-5.282843e+00 5.338209e+00 1.002754e+00 9.969881e-01 -3.053598e-04 1.003852e+00 8.421476e-01 0 0 1.745547e-03 1.705207e-03 1.930718e-03 7.350676e-04 2.255106e-04
-5.385376e+00 6.008947e+00 1.002238e+00 9.985722e-01 -1.303479e-03 1.003136e+00 8.435704e-01 0 0 2.453248e-04 3.011234e-03 2.335835e-03 -2.033534e-03 -6.753996e-04
-5.400000e+00 6.356403e+00 1.001125e+00 9.994829e-01 -1.762600e-03 1.001579e+00 8.445269e-01 0 0 9.017644e-04 1.714279e-03 2.970119e-03 -4.938181e-04 1.255839e-03
-5.654654e+00 4.385376e+00 1.000361e+00 9.969408e-01 -2.794051e-03 1.000473e+00 8.425250e-01 0 0 -4.498057e-04 -7.300847e-03 -4.696082e-03 6.656096e-03 2.604765e-03
-5.761822e+00 4.738368e+00 1.002692e+00 9.958194e-01 -1.442302e-03 1.003772e+00 8.411691e-01 0 0 -8.168886e-04 -3.980064e-04 -9.763358e-04 7.169980e-04 -5.783295e-04
-5.937497e+00 5.399518e+00 1.000336e+00 9.973000e-01 -1.930574e-03 1.000471e+00 8.428169e-01 0 0 -2.415999e-03 2.475482e-03 2.508572e-03 -6.497965e-04 3.309051e-05
-6.040030e+00 6.054456e+00 9.970149e-01 9.985928e-01 -2.702723e-03 9.958195e-01 8.444744e-01 0 0 -6.822755e-04 7.515708e-04 1.128446e-03 -1.577706e-03 3.768751e-04
-6.054654e+00 6.399632e+00 9.976491e-01 9.988012e-01 -3.597484e-03 9.967150e-01 8.445420e-01 0 0 -9.013081e-04 1.068203e-03 2.532173e-03 -2.378720e-03 1.463970e-03
-6.000000e+00 4.400000e+00 1.003469e+00 9.961788e-01 9.389765e-04 1.004927e+00 8.413142e-01 0 0 7.960975e-03 2.923964e-03 -1.340989e-02 -9.580796e-03 -1.633386e-02
-6.107168e+00 4.743930e+00 1.002533e+00 9.970658e-01 -1.657087e-03 1.003554e+00 8.422466e-01 0 0 -7.173263e-03 6.358748e-04 2.786165e-03 -4.388771e-03 2.150290e-03
-6.282843e+00 5.390171e+00 9.990975e-01 9.984150e-01 -2.499383e-03 9.987385e-01 8.439690e-01 0 0 -4.352273e-03 2.965740e-04 1.370092e-04 1.148685e-03 -1.595648e-04
-6.385376e+00 6.036471e+00 9.964380e-01 9.993197e-01 -2.747529e-03 9.950254e-01 8.451818e-01 0 0 -2.955141e-03 1.902256e-03 1.751858e-05 -3.344462e-03 -1.884738e-03
-6.400000e+00 6.380423e+00 9.962989e-01 1.000303e+00 -4.488324e-03 9.948293e-01 8.460433e-01 0 0 -9.065732e-03 2.673945e-03 2.929712e-03 -4.736920e-03 2.557669e-04
VARIABLES = "X", "Y", "ro", "u", "v", "pre", "Ma", "PART", "IMEX", "Ux", "Uy", "Vx", "Vy", "Vort" 
ZONE I=5, J=5, DATAPACKING=POINT
-4.400000e+00 6.123607e+00 1.005097e+00 9.979664e-01 -5.082130e-04 1.007142e+00 8.425789e-01 0 0 2.158205e-03 -2.394758e-03 -2.117229e-03 1.877508e-03 2.775287e-04
-4.385376e+00 6.464575e+00 1.004541e+00 9.974975e-01 -4.730638e-04 1.006364e+00 8.422751e-01 0 0 -1.718277e-03 3.257468e-04 3.841465e-03 -7.569796e-04 3.515718e-03
-4.282843e+00 7.088129e+00 1.001971e+00 9.984733e-01 -9.796011e-04 1.002757e+00 8.435337e-01 0 0 -3.442908e-03 2.745869e-03 1.514895e-03 -1.316539e-03 -1.230974e-03
-4.107168e+00 7.688282e+00 1.001227e+00 9.989558e-01 -1.395954e-03 1.001715e+00 8.440668e-01 0 0 7.699667e-04 -7.287002e-04 -9.256162e-04 1.697220e-04 -1.969160e-04
-4.000000e+00 8.000000e+00 1.001396e+00 9.987477e-01 -1.229946e-03 1.001961e+00 8.438586e-01 0 0 -1.265956e-03 7.912353e-04 -2.103453e-03 1.783242e-03 -2.894688e-03
-4.745346e+00 6.221011e+00 1.005185e+00 9.984515e-01 -2.454375e-04 1.007260e+00 8.429760e-01 0 0 -2.536495e-03 4.510424e-04 -5.676554e-05 -4.800370e-03 -5.078079e-04
-4.730722e+00 6.562513e+00 1.003379e+00 9.988063e-01 -1.251736e-03 1.004739e+00 8.435743e-01 0 0 -2.882404e-03 1.571141e-03 1.184013e-03 -1.443602e-03 -3.871288e-04
-4.628189e+00 7.189442e+00 1.000596e+00 9.992926e-01 -1.323008e-03 1.000830e+00 8.444581e-01 0 0 -1.567827e-03 2.635666e-04 3.156281e-04 1.564121e-04 5.206152e-05
-4.452514e+00 7.793842e+00 1.000994e+00 9.989437e-01 -1.372104e-03 1.001395e+00 8.440930e-01 0 0 -1.365708e-03 1.426762e-04 4.187445e-04 -1.341915e-04 2.760684e-04
-4.345346e+00 8.107168e+00 1.001148e+00 9.991781e-01 -1.078662e-03 1.001611e+00 8.442647e-01 0 0 -3.971356e-04 2.231065e-03 1.857496e-03 2.362834e-03 -3.735685e-04
-5.400000e+00 6.356403e+00 1.001123e+00 9.994511e-01 -1.891689e-03 1.001578e+00 8.444999e-01 0 0 6.732369e-04 1.803093e-03 2.566012e-03 -1.501398e-03 7.629186e-04
-5.385376e+00 6.699639e+00 1.000882e+00 9.999839e-01 -2.039851e-03 1.001233e+00 8.449940e-01 0 0 -2.710344e-04 1.246640e-03 1.316599e-03 -9.847788e-05 6.995835e-05
-5.282843e+00 7.338209e+00 1.000085e+00 1.000549e+00 -1.627377e-03 1.000118e+00 8.456053e-01 0 0 -2.242463e-03 1.101085e-03 1.215928e-03 7.050657e-04 1.148429e-04
-5.107168e+00 7.960274e+00 1.000811e+00 1.000452e+00 -1.288762e-03 1.001134e+00 8.453999e-01 0 0 -2.274335e-03 -7.151370e-04 -1.312056e-03 1.462039e-04 -5.969194e-04
-5.000000e+00 8.282843e+00 1.002350e+00 9.995439e-01 -1.583106e-03 1.003295e+00 8.443720e-01 0 0 -9.969182e-04 -4.335289e-03 -1.012484e-03 1.235846e-04 3.322805e-03
-6.054654e+00 6.399632e+00 9.975028e-01 9.988712e-01 -3.318932e-03 9.965066e-01 8.446268e-01 0 0 -7.049582e-04 4.267049e-03 1.864200e-03 1.020560e-03 -2.402849e-03
-6.040030e+00 6.745148e+00 9.979748e-01 1.000141e+00 -3.486332e-03 9.971645e-01 8.456219e-01 0 0 -8.269211e-04 3.400621e-03 3.333535e-03 -4.305814e-04 -6.708610e-05
-5.937497e+00 7.399518e+00 1.000414e+00 1.001500e+00 -2.322999e-03 1.000581e+00 8.463537e-01 0 0 1.114138e-03 2.184192e-04 1.736079e-05 3.832134e-03 -2.010584e-04
-5.761822e+00 8.047676e+00 1.002484e+00 1.000571e+00 4.909254e-04 1.003477e+00 8.452185e-01 0 0 2.236548e-03 -3.846076e-03 -3.405831e-03 4.220237e-03 4.402446e-04
-5.654654e+00 8.385376e+00 1.003557e+00 9.993581e-01 7.093764e-04 1.004988e+00 8.440104e-01 0 0 1.473007e-04 -3.333676e-03 -5.245242e-03 -2.276541e-03 -1.911566e-03
-6.400000e+00 6.380423e+00 9.963007e-01 1.000129e+00 -4.172545e-03 9.948336e-01 8.458938e-01 0 0 -7.767066e-03 1.919346e-03 3.437855e-03 -4.486567e-03 1.518509e-03
-6.385376e+00 6.727163e+00 9.962872e-01 1.000713e+00 -4.875619e-03 9.948074e-01 8.463955e-01 0 0 -3.565255e-03 8.673169e-04 3.817989e-03 1.095721e-03 2.950672e-03
-6.282843e+00 7.390171e+00 1.000635e+00 1.000058e+00 -1.663230e-03 1.000886e+00 8.450985e-01 0 0 8.082500e-03 -3.688018e-03 -4.585300e-03 7.408713e-03 -8.972820e-04
-6.107168e+00 8.053238e+00 1.003711e+00 9.990858e-01 1.701936e-03 1.005211e+00 8.437529e-01 0 0 7.079802e-03 -2.532735e-03 -3.175039e-03 3.786344e-03 -6.423039e-04
-6.000000e+00 8.400000e+00 1.003113e+00 9.992323e-01 2.168874e-03 1.004358e+00 8.439837e-01 0 0 6.046618e-04 7.047211e-04 -2.103396e-03 1.544857e-05 -2.808117e-03
VARIABLES = "X", "Y", "ro", "u", "v", "pre", "Ma", "PART", "IMEX", "Ux", "Uy", "Vx", "Vy", "Vort" 
ZONE I=5, J=5, DATAPACKING=POINT
-2.000000e+00 -4.000000e-01 9.900237e-01 1.086825e+00 -3.103226e-01 9.970829e-01 9.518570e-01 0 0 5.512787e-02 1.489470e-02 -4.450023e-01 -1.726117e-01 -4.598970e-01
-1.892832e+00 -5.323793e-02 9.775118e-01 1.050884e+00 -4.067635e-01 9.750065e-01 9.535936e-01 0 0 2.834671e-01 -2.873621e-01 -6.312814e-01 -2.118541e-02 -3.439193e-01
-1.717157e+00 6.098291e-01 9.792202e-01 8.765739e-01 -4.290540e-01 9.738262e-01 8.271054e-01 0 0 -1.823939e-01 -2.124945e-01 -4.492872e-01 2.448284e-01 -2.367927e-01
-1.614624e+00 1.272837e+00 9.990573e-01 7.868667e-01 -2.536641e-01 1.009002e+00 6.952737e-01 0 0 -3.913161e-01 5.182824e-02 -1.269421e-01 3.320318e-01 -1.787704e-01
-1.600000e+00 1.619577e+00 1.008065e+00 8.293946e-01 -1.543684e-01 1.010765e+00 7.120512e-01 0 0 -2.614997e-01 2.278394e-01 -8.572970e-02 2.137900e-01 -3.135691e-01
-2.345346e+00 -3.853764e-01 9.940822e-01 1.058260e+00 -1.664993e-01 9.906878e-01 9.069448e-01 0 0 9.512597e-02 -5.525508e-02 -3.523876e-01 -1.181930e-01 -2.971325e-01
-2.238178e+00 -4.767577e-02 1.000290e+00 1.030415e+00 -2.371349e-01 9.975586e-01 8.948457e-01 0 0 2.577308e-02 -1.377796e-01 -4.156286e-01 -4.860799e-02 -2.778491e-01
-2.062503e+00 6.004819e-01 1.000477e+00 9.371233e-01 -2.822396e-01 1.001842e+00 8.265912e-01 0 0 -1.483433e-01 -8.969590e-02 -4.071030e-01 1.400194e-01 -3.174071e-01
-1.959970e+00 1.254852e+00 1.003221e+00 8.955043e-01 -1.863045e-01 1.005551e+00 7.721486e-01 0 0 -2.374636e-01 1.793018e-02 -2.306233e-01 2.286540e-01 -2.485535e-01
-1.945346e+00 1.600368e+00 1.008859e+00 9.032401e-01 -1.169974e-01 1.008923e+00 7.697303e-01 0 0 -1.880354e-01 5.011098e-02 -1.323122e-01 1.789811e-01 -1.824232e-01
-3.000000e+00 -2.828427e-01 1.002861e+00 1.010632e+00 -2.753304e-02 1.002836e+00 8.544679e-01 0 0 2.957994e-02 1.011722e-02 -1.074121e-01 -2.672877e-02 -1.175293e-01
-2.892832e+00 3.972589e-02 9.984742e-01 1.013037e+00 -4.953874e-02 9.995261e-01 8.567445e-01 0 0 1.616215e-02 -1.259997e-02 -1.620879e-01 -1.328287e-02 -1.494880e-01
-2.717157e+00 6.617911e-01 9.997650e-01 9.979771e-01 -7.440332e-02 9.980842e-01 8.464973e-01 0 0 -4.431254e-02 -2.190906e-02 -1.923973e-01 3.730897e-02 -1.704883e-01
-2.614624e+00 1.300361e+00 1.004028e+00 9.829684e-01 -5.801304e-02 1.004045e+00 8.321985e-01 0 0 -5.747545e-02 -2.134059e-03 -1.237036e-01 6.121297e-02 -1.215695e-01
-2.600000e+00 1.643597e+00 1.001279e+00 9.857136e-01 -3.957214e-02 1.002457e+00 8.332614e-01 0 0 -5.919970e-02 2.911259e-02 -7.900511e-02 4.802168e-02 -1.081177e-01
-3.654654e+00 -1.071683e-01 9.949535e-01 1.013994e+00 -3.134121e-03 9.947504e-01 8.570727e-01 0 0 -4.636693e-03 1.224967e-02 2.685326e-03 -1.595537e-02 -9.564344e-03
-3.547486e+00 2.061584e-01 1.001492e+00 1.012454e+00 -9.063885e-03 9.983892e-01 8.570423e-01 0 0 -5.646510e-03 -1.448920e-02 -1.815228e-04 -1.846844e-02 1.430768e-02
-3.371811e+00 8.105584e-01 1.003141e+00 1.002132e+00 -1.551276e-02 1.003669e+00 8.468348e-01 0 0 7.885146e-03 -1.288926e-02 -1.990680e-02 3.246908e-03 -7.017535e-03
-3.269278e+00 1.437487e+00 1.000531e+00 1.000088e+00 -1.214258e-02 1.003063e+00 8.442237e-01 0 0 -8.171578e-03 -3.849958e-04 -2.636312e-02 1.106248e-02 -2.597812e-02
-3.254654e+00 1.778989e+00 1.003803e+00 9.973631e-01 -9.689198e-03 1.005220e+00 8.423710e-01 0 0 3.373091e-03 -1.864159e-02 -1.540214e-02 5.720120e-03 3.239450e-03
-4.000000e+00 -2.143592e-08 9.929922e-01 1.004580e+00 -1.108402e-02 9.907472e-01 8.500379e-01 0 0 4.845230e-02 -5.240321e-02 2.439326e-02 -3.419615e-02 7.679648e-02
-3.892832e+00 3.117178e-01 9.870998e-01 9.975208e-01 -1.306164e-02 9.897737e-01 8.419916e-01 0 0 8.865194e-02 -3.467267e-02 1.089871e-03 8.454156e-03 3.576254e-02
-3.717157e+00 9.118713e-01 9.948908e-01 1.000651e+00 -3.410284e-03 9.956847e-01 8.453718e-01 0 0 -9.491732e-03 8.977225e-03 -5.122717e-02 2.575179e-02 -6.020440e-02
-3.614624e+00 1.535425e+00 1.004288e+00 9.997007e-01 -1.702387e-03 1.003264e+00 8.453333e-01 0 0 2.036054e-02 -1.011626e-02 -2.700081e-02 -3.351240e-03 -1.688454e-02
-3.600000e+00 1.876393e+00 1.004213e+00 9.973448e-01 -3.245673e-03 1.006190e+00 8.420861e-01 0 0 -1.731271e-02 -2.056804e-03 -2.045188e-02 5.092221e-03 -1.839508e-02
VARIABLES = "X", "Y", "ro", "u", "v", "pre", "Ma", "PART", "IMEX", "Ux", "Uy", "Vx", "Vy", "Vort" 
ZONE I=5, J=5, DATAPACKING=POINT
-1.600000e+00 1.619577e+00 1.006280e+00 8.284604e-01 -1.562625e-01 1.009626e+00 7.113412e-01 0 0 -2.597148e-01 1.206283e-01 -9.726590e-02 2.534588e-01 -2.178942e-01
-1.614624e+00 1.963529e+00 1.010003e+00 8.803552e-01 -8.342516e-02 1.012413e+00 7.464788e-01 0 0 -1.979167e-01 1.466136e-01 -4.372655e-02 1.616065e-01 -1.903401e-01
-1.717157e+00 2.609829e+00 9.986695e-01 9.673634e-01 -1.900905e-02 9.976648e-01 8.181407e-01 0 0 -4.488275e-02 7.445489e-02 -3.403951e-03 4.719739e-02 -7.785885e-02
-1.892832e+00 3.256070e+00 1.002463e+00 9.890014e-01 -3.091506e-03 1.003570e+00 8.354016e-01 0 0 -9.777752e-03 1.654214e-04 2.303973e-03 1.410080e-02 2.138552e-03
-2.000000e+00 3.600000e+00 1.000108e+00 9.942362e-01 1.592073e-03 1.000340e+00 8.401867e-01 0 0 2.778378e-03 3.657740e-02 1.237305e-02 9.601537e-03 -2.420435e-02
-1.945346e+00 1.600368e+00 1.007828e+00 9.051234e-01 -1.158001e-01 1.008659e+00 7.708867e-01 0 0 -1.917476e-01 9.713238e-02 -1.348020e-01 1.873462e-01 -2.319344e-01
-1.959970e+00 1.945544e+00 1.001899e+00 9.351328e-01 -6.401597e-02 1.002125e+00 7.920917e-01 0 0 -1.282722e-01 7.308595e-02 -7.007163e-02 1.146909e-01 -1.431576e-01
-2.062503e+00 2.600482e+00 9.995303e-01 9.788228e-01 -1.428682e-02 9.991301e-01 8.275101e-01 0 0 -2.705931e-02 3.805669e-02 -1.912561e-02 3.460866e-02 -5.718230e-02
-2.238178e+00 3.261632e+00 1.001682e+00 9.922706e-01 -2.929342e-03 1.002465e+00 8.382978e-01 0 0 -7.431121e-03 7.355744e-04 3.196064e-04 3.814346e-03 -4.159680e-04
-2.345346e+00 3.614624e+00 1.000321e+00 9.937353e-01 -1.669845e-03 1.000311e+00 8.398651e-01 0 0 3.260120e-04 1.311395e-02 4.413598e-03 3.562472e-03 -8.700350e-03
-2.600000e+00 1.643597e+00 1.001335e+00 9.864991e-01 -4.033363e-02 1.002222e+00 8.340715e-01 0 0 -6.073034e-02 -6.829052e-03 -7.440771e-02 5.617669e-02 -6.757866e-02
-2.614624e+00 1.991053e+00 1.001394e+00 9.856602e-01 -2.198204e-02 1.001985e+00 8.329962e-01 0 0 -3.499029e-02 1.305675e-03 -4.183212e-02 4.106979e-02 -4.313779e-02
-2.717157e+00 2.661791e+00 1.001099e+00 9.916112e-01 -4.077887e-03 1.001767e+00 8.377923e-01 0 0 -1.163637e-02 6.898630e-03 -5.604620e-03 8.978684e-03 -1.250325e-02
-2.892832e+00 3.349034e+00 1.001094e+00 9.952420e-01 -2.986135e-03 1.001572e+00 8.409361e-01 0 0 -2.136985e-03 3.570552e-04 -7.742820e-04 -8.128092e-04 -1.131337e-03
-3.000000e+00 3.717157e+00 1.001629e+00 9.952211e-01 -1.333947e-03 1.002331e+00 8.408216e-01 0 0 -3.521224e-03 -2.817504e-03 1.512139e-03 1.397849e-02 4.329643e-03
-3.254654e+00 1.778989e+00 1.003553e+00 9.973804e-01 -9.396144e-03 1.004742e+00 8.424788e-01 0 0 3.429684e-03 -1.427495e-02 -1.788458e-02 1.643182e-02 -3.609630e-03
-3.269278e+00 2.128179e+00 1.003899e+00 9.951737e-01 -5.847006e-03 1.005422e+00 8.404525e-01 0 0 -6.443645e-03 -1.017834e-03 -3.349543e-03 6.278266e-03 -2.331709e-03
-3.371811e+00 2.810558e+00 1.000974e+00 9.966949e-01 -3.279394e-03 1.001448e+00 8.421663e-01 0 0 -2.791976e-03 9.647835e-04 -5.658017e-04 2.314529e-03 -1.530585e-03
-3.547486e+00 3.515466e+00 1.002799e+00 9.963002e-01 -2.174028e-03 1.003876e+00 8.415775e-01 0 0 -2.191061e-03 -1.350447e-03 -5.876560e-04 -1.685745e-04 7.627907e-04
-3.654654e+00 3.892832e+00 1.002796e+00 9.971802e-01 -2.849238e-03 1.003828e+00 8.423414e-01 0 0 -2.465108e-03 6.836027e-03 5.972342e-03 -2.428775e-03 -8.636853e-04
-3.600000e+00 1.876393e+00 1.004896e+00 9.973760e-01 -2.231521e-03 1.007230e+00 8.419615e-01 0 0 -8.905038e-03 1.463522e-02 -2.250154e-02 -2.142849e-02 -3.713676e-02
-3.614624e+00 2.226117e+00 1.000398e+00 9.994861e-01 -5.600065e-03 1.001505e+00 8.442664e-01 0 0 -2.840708e-02 -2.613567e-03 9.537115e-04 2.661288e-03 3.567278e-03
-3.717157e+00 2.911871e+00 1.001966e+00 9.968344e-01 -5.266486e-04 1.003078e+00 8.420115e-01 0 0 2.513163e-03 -3.155220e-03 -1.320970e-02 1.729540e-03 -1.005448e-02
-3.892832e+00 3.621026e+00 1.003209e+00 9.971216e-01 -2.933587e-03 1.004394e+00 8.422279e-01 0 0 -2.079253e-03 4.429600e-03 4.495985e-03 -7.386420e-03 6.638487e-05
-4.000000e+00 4.000000e+00 1.000812e+00 9.998878e-01 -5.374440e-03 1.001300e+00 8.448656e-01 0 0 -1.284295e-02 7.248546e-03 8.171084e-04 -5.492067e-03 -6.431438e-03
VARIABLES = "X", "Y", "ro", "u", "v", "pre", "Ma", "PART", "IMEX", "Ux", "Uy", "Vx", "Vy", "Vort" 
ZONE I=5, J=5, DATAPACKING=POINT
-2.000000e+00 3.600000e+00 1.000797e+00 9.932567e-01 -1.223504e-04 1.001073e+00 8.393395e-01 0 0 -6.086459e-03 -4.687821e-03 9.961711e-03 -7.488160e-03 1.464953e-02
-2.107168e+00 3.946762e+00 1.000945e+00 9.947532e-01 3.401885e-04 1.001281e+00 8.405789e-01 0 0 3.074922e-03 6.369664e-03 -1.568889e-03 2.043084e-03 -7.938554e-03
-2.282843e+00 4.609829e+00 1.000150e+00 9.977410e-01 -1.491090e-06 1.000223e+00 8.432147e-01 0 0 -1.104221e-03 2.660171e-03 4.089907e-03 -2.661971e-03 1.429736e-03
-2.385376e+00 5.272837e+00 1.001111e+00 9.989390e-01 -1.429118e-03 1.001517e+00 8.440870e-01 0 0 1.264864e-03 1.291952e-03 -7.223990e-04 1.856789e-03 -2.014351e-03
-2.400000e+00 5.619577e+00 1.002314e+00 9.992311e-01 3.365001e-04 1.003213e+00 8.441259e-01 0 0 8.838745e-03 8.231750e-04 8.151476e-04 5.244681e-03 -8.027442e-06
-2.345346e+00 3.614624e+00 1.000107e+00 9.941359e-01 -2.452442e-03 1.000125e+00 8.401928e-01 0 0 -1.177718e-03 -3.926477e-04 2.481274e-03 8.525097e-03 2.873921e-03
-2.452514e+00 3.970344e+00 1.001111e+00 9.946010e-01 -7.698637e-05 1.001563e+00 8.404013e-01 0 0 -6.092770e-04 3.640455e-03 2.537988e-03 3.036777e-03 -1.102467e-03
-2.628189e+00 4.647705e+00 9.998226e-01 9.977715e-01 -1.412412e-03 9.997432e-01 8.433052e-01 0 0 7.985454e-04 3.596503e-03 3.277321e-03 -2.478420e-03 -3.191820e-04
-2.730722e+00 5.318740e+00 1.002419e+00 9.979356e-01 -1.045569e-03 1.003379e+00 8.430065e-01 0 0 3.599634e-03 -1.946761e-03 -1.225973e-03 5.151890e-03 7.207876e-04
-2.745346e+00 5.666602e+00 1.004394e+00 9.974021e-01 1.318684e-03 1.006161e+00 8.422187e-01 0 0 3.735511e-03 1.634963e-03 -2.474671e-03 5.142983e-03 -4.109635e-03
-3.000000e+00 3.717157e+00 1.002185e+00 9.948573e-01 -1.012953e-03 1.003060e+00 8.404413e-01 0 0 -1.656157e-03 1.106708e-03 -2.962098e-03 -2.563031e-03 -4.068806e-03
-3.107168e+00 4.087283e+00 1.001038e+00 9.964118e-01 -2.072612e-03 1.001450e+00 8.419502e-01 0 0 -3.211179e-03 3.278026e-03 2.909123e-03 -1.374727e-03 -3.689032e-04
-3.282843e+00 4.786424e+00 1.001204e+00 9.974821e-01 -2.041572e-03 1.001686e+00 8.428251e-01 0 0 1.519848e-04 -1.445352e-03 -1.539957e-03 2.082709e-03 -9.460542e-05
-3.385376e+00 5.468976e+00 1.004892e+00 9.958721e-01 5.876509e-04 1.006857e+00 8.408439e-01 0 0 9.659727e-04 -1.020556e-03 -7.257423e-04 4.334531e-03 2.948133e-04
-3.400000e+00 5.818404e+00 1.004600e+00 9.964692e-01 1.888780e-03 1.006465e+00 8.413914e-01 0 0 1.024993e-03 4.792198e-03 2.995968e-03 1.771888e-03 -1.796230e-03
-3.654654e+00 3.892832e+00 1.002780e+00 9.972838e-01 -2.875215e-03 1.003829e+00 8.424218e-01 0 0 -3.807741e-03 7.842120e-03 7.280756e-03 -4.353283e-03 -5.613642e-04
-3.761822e+00 4.270956e+00 1.001891e+00 9.986742e-01 -3.193029e-03 1.002676e+00 8.437078e-01 0 0 -1.432496e-03 -3.627317e-04 1.923057e-05 3.268675e-03 3.819623e-04
-3.937497e+00 4.980372e+00 1.004478e+00 9.971431e-01 3.858661e-04 1.006272e+00 8.419881e-01 0 0 -4.535716e-04 -2.328169e-03 -2.411493e-03 3.501583e-03 -8.332434e-05
-4.040030e+00 5.667228e+00 1.004469e+00 9.969254e-01 5.921375e-04 1.006262e+00 8.418049e-01 0 0 -4.059869e-03 1.247135e-03 1.059531e-03 -3.116213e-03 -1.876043e-04
-4.054654e+00 6.017165e+00 1.003608e+00 9.975950e-01 -7.059922e-04 1.005052e+00 8.425160e-01 0 0 -1.912730e-03 1.908768e-03 2.066288e-03 -2.712289e-03 1.575205e-04
-4.000000e+00 4.000000e+00 1.000471e+00 1.000219e+00 -6.311422e-03 1.000794e+00 8.452194e-01 0 0 -1.615244e-02 -9.475875e-03 9.182810e-03 1.230122e-02 1.865868e-02
-4.107168e+00 4.378974e+00 1.003555e+00 9.980569e-01 -1.924940e-03 1.004965e+00 8.429216e-01 0 0 6.537852e-03 -2.688539e-03 -3.894766e-03 7.792150e-03 -1.206226e-03
-4.282843e+00 5.088129e+00 1.004674e+00 9.972488e-01 8.153880e-04 1.006546e+00 8.420455e-01 0 0 -1.386132e-03 1.655215e-03 2.051295e-03 1.229864e-04 3.960799e-04
-4.385376e+00 5.773883e+00 1.003832e+00 9.988956e-01 -3.150718e-04 1.005376e+00 8.435723e-01 0 0 -7.495436e-03 1.787645e-04 1.363698e-03 -1.458229e-03 1.184934e-03
-4.400000e+00 6.123607e+00 1.005093e+00 9.982245e-01 -5.905789e-04 1.007148e+00 8.427925e-01 0 0 1.973741e-04 -4.690529e-03 -3.740740e-03 1.038702e-03 9.497888e-04
VARIABLES = "X", "Y", "ro", "u", "v", "pre", "Ma", "PART", "IMEX", "Ux", "Uy", "Vx", "Vy", "Vort" 
ZONE I=5, J=5, DATAPACKING=POINT
-2.400000e+00 5.619577e+00 1.002323e+00 9.993472e-01 -2.077508e-04 1.003230e+00 8.442205e-01 0 0 6.016712e-03 -5.338189e-03 6.659505e-04 7.922775e-03 6.004139e-03
-2.385376e+00 5.963529e+00 1.004428e+00 9.980798e-01 2.494553e-03 1.006228e+00 8.427792e-01 0 0 4.813977e-03 -2.283723e-03 -3.579950e-04 4.613061e-03 1.925728e-03
-2.282843e+00 6.609829e+00 1.003311e+00 9.978993e-01 1.592861e-03 1.004653e+00 8.428168e-01 0 0 -1.865271e-03 9.303924e-04 1.099101e-03 -6.031600e-03 1.687086e-04
-2.107168e+00 7.256070e+00 1.001894e+00 9.984984e-01 -1.636854e-03 1.002642e+00 8.435714e-01 0 0 -5.706453e-04 2.052034e-03 1.745994e-03 -1.974753e-03 -3.060406e-04
-2.000000e+00 7.600000e+00 1.000979e+00 9.996324e-01 -8.964999e-04 1.001328e+00 8.446966e-01 0 0 3.569168e-03 4.037187e-03 1.692795e-03 3.518827e-03 -2.344393e-03
-2.745346e+00 5.666602e+00 1.004376e+00 9.976329e-01 8.920823e-04 1.006145e+00 8.424124e-01 0 0 3.351747e-03 -3.218190e-03 -2.655760e-03 6.411981e-03 5.624306e-04
-2.730722e+00 6.009432e+00 1.005346e+00 9.971286e-01 2.688960e-03 1.007499e+00 8.418295e-01 0 0 1.331601e-03 6.907807e-04 1.017373e-03 1.819269e-03 3.265921e-04
-2.628189e+00 6.647705e+00 1.001691e+00 9.984335e-01 8.617007e-04 1.002371e+00 8.435441e-01 0 0 -6.011237e-04 1.853445e-03 1.464993e-03 -6.176536e-03 -3.884515e-04
-2.452514e+00 7.279652e+00 1.001313e+00 9.984888e-01 -1.827129e-03 1.001832e+00 8.436599e-01 0 0 6.785913e-04 -1.205668e-03 -8.232486e-04 -2.467890e-04 3.824189e-04
-2.345346e+00 7.614624e+00 1.002257e+00 9.984256e-01 -9.278694e-04 1.003146e+00 8.434502e-01 0 0 2.815516e-03 8.024896e-04 -2.590146e-04 5.126368e-03 -1.061504e-03
-3.400000e+00 5.818404e+00 1.004828e+00 9.963478e-01 1.714074e-03 1.006783e+00 8.412507e-01 0 0 1.359319e-04 9.289597e-04 1.145250e-03 -3.311841e-03 2.162906e-04
-3.385376e+00 6.159668e+00 1.003637e+00 9.971971e-01 9.407819e-04 1.005095e+00 8.421743e-01 0 0 -8.908082e-05 2.949830e-03 3.131813e-03 -2.419719e-03 1.819835e-04
-3.282843e+00 6.786424e+00 1.001052e+00 9.984563e-01 -2.796113e-04 1.001467e+00 8.436747e-01 0 0 6.257817e-04 3.472942e-04 3.430221e-04 -1.694151e-03 -4.272117e-06
-3.107168e+00 7.396591e+00 1.002319e+00 9.980101e-01 -8.473714e-04 1.003252e+00 8.430804e-01 0 0 -2.280227e-04 -1.152352e-03 -1.161280e-03 2.392609e-04 -8.928064e-06
-3.000000e+00 7.717157e+00 1.003781e+00 9.978007e-01 -7.759672e-04 1.005304e+00 8.426566e-01 0 0 -6.018574e-04 2.319020e-04 7.835968e-04 4.872414e-04 5.516949e-04
-4.054654e+00 6.017165e+00 1.003537e+00 9.976159e-01 -5.829903e-04 1.004955e+00 8.425447e-01 0 0 -2.421177e-03 1.676106e-03 2.288831e-03 -7.919453e-04 6.127247e-04
-4.040030e+00 6.357920e+00 1.002776e+00 9.979362e-01 -8.025096e-04 1.003886e+00 8.429438e-01 0 0 -7.196169e-04 5.481651e-04 3.854267e-04 7.298235e-07 -1.627385e-04
-3.937497e+00 6.980372e+00 1.002691e+00 9.981458e-01 -4.868282e-04 1.003769e+00 8.431340e-01 0 0 1.597671e-04 4.169356e-04 6.403677e-04 2.189125e-04 2.234321e-04
-3.761822e+00 7.580264e+00 1.002498e+00 9.985171e-01 -8.808504e-04 1.003495e+00 8.434817e-01 0 0 -9.030124e-04 8.762598e-04 6.687090e-04 -1.969693e-03 -2.075508e-04
-3.654654e+00 7.892832e+00 1.002464e+00 9.986002e-01 -1.485983e-03 1.003448e+00 8.435580e-01 0 0 -9.847781e-04 2.450860e-04 1.731057e-04 -1.230428e-03 -7.198027e-05
-4.400000e+00 6.123607e+00 1.005009e+00 9.983523e-01 -3.857662e-04 1.007024e+00 8.429172e-01 0 0 9.604975e-04 -1.418462e-03 -3.374715e-03 2.567402e-03 -1.956253e-03
-4.385376e+00 6.464575e+00 1.004444e+00 9.979340e-01 -2.888265e-04 1.006228e+00 8.426601e-01 0 0 3.349064e-03 -6.842535e-04 -2.660405e-03 -4.310875e-04 -1.976151e-03
-4.282843e+00 7.088129e+00 1.001982e+00 9.983502e-01 -1.029783e-03 1.002770e+00 8.434287e-01 0 0 -1.513891e-03 1.571952e-03 2.189607e-03 -1.702345e-03 6.176546e-04
-4.107168e+00 7.688282e+00 1.001235e+00 9.987850e-01 -1.391489e-03 1.001726e+00 8.439213e-01 0 0 -8.466583e-04 2.763152e-04 1.296273e-03 -3.133883e-04 1.019958e-03
-4.000000e+00 8.000000e+00 1.001324e+00 9.987150e-01 -1.197116e-03 1.001864e+00 8.438413e-01 0 0 5.606660e-04 3.656985e-04 -2.038626e-03 1.591534e-03 -2.404325e-03
VARIABLES = "X", "Y", "ro", "u", "v", "pre", "Ma", "PART", "IMEX", "Ux", "Uy", "Vx", "Vy", "Vort" 
ZONE I=5, J=5, DATAPACKING=POINT
0.000000e+00 0.000000e+00 3.715518e-01 1.106236e+00 -8.121796e-02 2.522664e-01 1.137709e+00 0 0 2.925134e-01 -2.330508e+00 2.381727e+00 9.192831e-01 4.712236e+00
1.071683e-01 3.789742e-01 5.400357e-01 4.738630e-01 2.905182e-01 4.278445e-01 5.277719e-01 0 0 6.938522e-01 -1.225190e+00 3.345404e+00 -6.572523e-01 4.570593e+00
2.828427e-01 1.088129e+00 8.475987e-01 2.630074e-01 2.194637e-01 7.876893e-01 3.003112e-01 0 0 4.043697e-01 1.193172e-01 8.933786e-01 -4.025864e-01 7.740614e-01
3.853764e-01 1.773883e+00 9.675111e-01 5.483443e-01 1.015803e-01 9.566452e-01 4.739895e-01 0 0 1.399303e-01 4.844436e-01 -3.865915e-03 -1.277417e-01 -4.883095e-01
4.000000e-01 2.123607e+00 9.727268e-01 6.794793e-01 4.848947e-02 9.681405e-01 5.770873e-01 0 0 2.319753e-01 2.322113e-01 1.391804e-01 -2.063107e-01 -9.303086e-02
-3.453460e-01 -1.071683e-01 5.080777e-01 1.212599e+00 -6.140250e-01 3.912336e-01 1.309080e+00 0 0 2.965592e-01 -1.407778e+00 8.190833e-01 -3.716452e-01 2.226861e+00
-2.381777e-01 2.709559e-01 5.265581e-01 6.075039e-01 -4.702330e-01 4.179248e-01 7.287899e-01 0 0 -3.609583e-01 -1.315521e+00 1.340443e+00 3.590671e-01 2.655964e+00
-6.250329e-02 9.803719e-01 8.017214e-01 2.361833e-01 -4.886332e-02 7.231460e-01 2.146273e-01 0 0 -2.467503e-01 1.662290e-01 7.337453e-01 1.820294e-01 5.675163e-01
4.003039e-02 1.667228e+00 9.592106e-01 4.565479e-01 4.298711e-02 9.405139e-01 3.913933e-01 0 0 8.230474e-02 4.059438e-01 3.318711e-01 -6.235195e-02 -7.407273e-02
5.465400e-02 2.017165e+00 9.813849e-01 5.858717e-01 7.464907e-03 9.794069e-01 4.956920e-01 0 0 7.127224e-02 3.938458e-01 1.873880e-01 -1.149627e-01 -2.064578e-01
-1.000000e+00 -2.828427e-01 8.440543e-01 1.211010e+00 -6.950029e-01 7.892481e-01 1.220350e+00 0 0 1.361916e-01 -3.288049e-01 -7.685140e-02 -3.322730e-01 2.519535e-01
-8.928317e-01 8.728331e-02 7.714007e-01 9.778199e-01 -7.372976e-01 7.003995e-01 1.086203e+00 0 0 -3.287813e-02 -8.076332e-01 -1.950412e-01 2.308176e-01 6.125920e-01
-7.171573e-01 7.864239e-01 8.574425e-01 5.110813e-01 -4.581965e-01 7.962540e-01 6.019930e-01 0 0 -4.060381e-01 -2.949957e-01 2.864252e-01 3.823747e-01 5.814210e-01
-6.146236e-01 1.468976e+00 9.501523e-01 4.539382e-01 -2.122408e-01 9.324973e-01 4.275013e-01 0 0 -2.847654e-01 2.248165e-01 2.777712e-01 2.694598e-01 5.295463e-02
-6.000000e-01 1.818404e+00 9.894532e-01 5.779196e-01 -1.108028e-01 9.748848e-01 5.010296e-01 0 0 -3.182983e-01 5.528773e-01 9.419828e-02 3.189187e-01 -4.586790e-01
-1.654654e+00 -3.853764e-01 9.668088e-01 1.148547e+00 -5.012466e-01 9.528020e-01 1.066869e+00 0 0 1.648706e-01 -3.167992e-01 -4.579955e-01 -1.580314e-01 -1.411963e-01
-1.547486e+00 -2.965641e-02 9.670877e-01 1.034929e+00 -5.749814e-01 9.445503e-01 1.012468e+00 0 0 -2.951241e-02 -3.676069e-01 -3.501246e-01 -1.102243e-02 1.748224e-02
-1.371811e+00 6.477048e-01 9.518750e-01 7.769154e-01 -5.335756e-01 9.339059e-01 8.041819e-01 0 0 -2.858734e-01 -2.529692e-01 -1.944709e-01 2.666790e-01 5.849837e-02
-1.269278e+00 1.318740e+00 9.748790e-01 6.870500e-01 -3.142491e-01 9.693912e-01 6.403244e-01 0 0 -4.064665e-01 1.079916e-01 -1.429352e-01 3.932237e-01 -2.509268e-01
-1.254654e+00 1.666602e+00 9.930822e-01 7.499860e-01 -1.857904e-01 9.919316e-01 6.533920e-01 0 0 -3.364680e-01 2.684340e-01 -5.665275e-02 3.383638e-01 -3.250868e-01
-2.000000e+00 -4.000000e-01 9.876370e-01 1.088213e+00 -3.019258e-01 9.989396e-01 9.490360e-01 0 0 2.217553e-01 2.245331e-01 -6.224957e-01 -1.411447e-01 -8.470288e-01
-1.892832e+00 -5.323793e-02 9.424801e-01 1.086226e+00 -4.152881e-01 9.359466e-01 9.862598e-01 0 0 -6.905634e-02 -1.928908e-01 -6.516167e-01 -4.267918e-02 -4.587258e-01
-1.717157e+00 6.098291e-01 9.748839e-01 8.781294e-01 -4.297953e-01 9.675924e-01 8.293880e-01 0 0 -2.451318e-01 -2.284623e-01 -4.724591e-01 2.771307e-01 -2.439968e-01
-1.614624e+00 1.272837e+00 9.901799e-01 7.896315e-01 -2.458583e-01 9.993519e-01 6.957457e-01 0 0 -1.507822e-01 4.415360e-02 -3.052439e-01 3.432671e-01 -3.493975e-01
-1.600000e+00 1.619577e+00 1.006628e+00 8.289818e-01 -1.528454e-01 1.008868e+00 7.116353e-01 0 0 -1.573704e-01 1.862861e-01 -2.149145e-01 1.864499e-01 -4.012006e-01
VARIABLES = "X", "Y", "ro", "u", "v", "pre", "Ma", "PART", "IMEX", "Ux", "Uy", "Vx", "Vy", "Vort" 
ZONE I=5, J=5, DATAPACKING=POINT
4.000000e-01 2.123607e+00 9.730527e-01 6.922124e-01 4.983920e-02 9.702111e-01 5.873990e-01 0 0 4.958935e-02 6.639320e-01 5.063204e-02 -6.345442e-02 -6.133000e-01
3.853764e-01 2.464575e+00 9.861132e-01 8.467813e-01 2.929860e-02 9.866446e-01 7.158962e-01 0 0 6.224139e-02 3.355752e-01 1.323382e-02 -4.892427e-02 -3.223414e-01
2.828427e-01 3.088129e+00 9.971100e-01 9.681727e-01 8.913282e-03 9.960494e-01 8.187255e-01 0 0 -2.243490e-03 9.845016e-02 -1.354560e-03 -1.768773e-02 -9.980472e-02
1.071683e-01 3.688282e+00 9.983734e-01 1.000005e+00 4.477423e-03 9.984925e-01 8.451164e-01 0 0 1.576855e-02 2.716276e-02 -1.783027e-02 -5.187339e-03 -4.499302e-02
2.143592e-08 4.000000e+00 1.001633e+00 1.005716e+00 6.024391e-03 1.001546e+00 8.500374e-01 0 0 -1.000298e-02 -3.659618e-05 -2.706877e-03 9.051902e-03 -2.670281e-03
5.465400e-02 2.017165e+00 9.810560e-01 6.077565e-01 1.569261e-02 9.789574e-01 5.143696e-01 0 0 -6.522105e-02 8.236569e-01 1.243581e-01 6.974159e-02 -6.992988e-01
4.003040e-02 2.357920e+00 9.874413e-01 7.962774e-01 1.761083e-02 9.877163e-01 6.730481e-01 0 0 -7.256923e-03 4.160829e-01 6.483994e-02 -3.306474e-03 -3.512429e-01
-6.250328e-02 2.980372e+00 9.955667e-01 9.544484e-01 1.137598e-02 9.942689e-01 8.072397e-01 0 0 5.987578e-03 1.297767e-01 -9.441121e-04 -5.074094e-03 -1.307209e-01
-2.381777e-01 3.580264e+00 1.000700e+00 9.912189e-01 9.134031e-03 1.001828e+00 8.372969e-01 0 0 1.405933e-02 3.236736e-02 -6.297376e-03 -9.502551e-03 -3.866473e-02
-3.453460e-01 3.892832e+00 9.989658e-01 1.007729e+00 5.898127e-03 9.992055e-01 8.515985e-01 0 0 -2.089450e-02 7.406234e-02 7.423716e-03 -1.734542e-02 -6.663862e-02
-6.000000e-01 1.818404e+00 9.859115e-01 5.862133e-01 -1.078721e-01 9.781404e-01 5.057562e-01 0 0 -3.206826e-01 6.563163e-01 1.239837e-01 2.560439e-01 -5.323326e-01
-6.146236e-01 2.159668e+00 9.871713e-01 7.622683e-01 -4.428508e-02 9.880009e-01 6.450496e-01 0 0 -1.425776e-01 4.070797e-01 6.578125e-02 1.420206e-01 -3.412984e-01
-7.171573e-01 2.786424e+00 1.002491e+00 9.332594e-01 2.439524e-03 1.000956e+00 7.893553e-01 0 0 -3.134427e-02 1.428413e-01 1.983923e-02 3.459911e-02 -1.230021e-01
-8.928317e-01 3.396591e+00 9.988253e-01 9.822866e-01 7.655182e-03 1.000152e+00 8.296580e-01 0 0 -7.927521e-03 3.842485e-02 1.380327e-02 -2.081752e-03 -2.462158e-02
-1.000000e+00 3.717157e+00 9.975021e-01 9.996272e-01 4.148127e-03 9.956742e-01 8.456216e-01 0 0 9.975006e-04 7.662833e-02 5.793020e-03 -1.803388e-02 -7.083531e-02
-1.254654e+00 1.666602e+00 9.911714e-01 7.475886e-01 -1.869451e-01 9.905584e-01 6.514844e-01 0 0 -3.252311e-01 2.111926e-01 -6.061675e-02 3.535342e-01 -2.718094e-01
-1.269278e+00 2.009432e+00 1.000642e+00 8.284580e-01 -9.148323e-02 1.003845e+00 7.033061e-01 0 0 -1.898522e-01 2.196931e-01 -1.765919e-02 2.050420e-01 -2.373523e-01
-1.371811e+00 2.647705e+00 1.002250e+00 9.492046e-01 -1.770904e-02 1.000908e+00 8.029018e-01 0 0 -6.580010e-02 1.099507e-01 1.252234e-02 5.220499e-02 -9.742839e-02
-1.547486e+00 3.279652e+00 9.984963e-01 9.875460e-01 -2.629134e-03 9.985415e-01 8.346128e-01 0 0 -1.213874e-02 8.650879e-03 8.558068e-03 1.620915e-02 -9.281125e-05
-1.654654e+00 3.614624e+00 1.001340e+00 9.906579e-01 2.914853e-03 1.001457e+00 8.372131e-01 0 0 8.587636e-04 1.683193e-02 1.356929e-03 2.220902e-02 -1.547500e-02
-1.600000e+00 1.619577e+00 1.003785e+00 8.291148e-01 -1.528468e-01 1.006697e+00 7.115061e-01 0 0 -1.617880e-01 1.330212e-01 -2.176989e-01 2.585468e-01 -3.507201e-01
-1.614624e+00 1.963529e+00 1.009961e+00 8.815583e-01 -8.195391e-02 1.011397e+00 7.477341e-01 0 0 -1.511152e-01 1.486421e-01 -8.447632e-02 1.529242e-01 -2.331184e-01
-1.717157e+00 2.609829e+00 9.986768e-01 9.672680e-01 -1.839286e-02 9.980643e-01 8.178893e-01 0 0 -5.500700e-02 7.196945e-02 -2.173698e-02 4.478775e-02 -9.370643e-02
-1.892832e+00 3.256070e+00 1.002551e+00 9.893263e-01 -2.352929e-03 1.003643e+00 8.356809e-01 0 0 5.913950e-03 4.890445e-03 -1.192576e-02 6.838788e-03 -1.681620e-02
-2.000000e+00 3.600000e+00 1.000992e+00 9.940339e-01 9.882271e-04 1.001829e+00 8.397616e-01 0 0 -2.478615e-02 2.439752e-02 5.770930e-03 4.473653e-03 -1.862659e-02
VARIABLES = "X", "Y", "ro", "u", "v", "pre", "Ma", "PART", "IMEX", "Ux", "Uy", "Vx", "Vy", "Vort" 
ZONE I=5, J=5, DATAPACKING=POINT
2.143592e-08 4.000000e+00 1.001897e+00 1.002624e+00 6.068983e-03 1.002135e+00 8.472865e-01 0 0 3.143989e-03 -3.383804e-02 1.305641e-02 -2.199616e-02 4.689444e-02
-1.071682e-01 4.311718e+00 9.979945e-01 1.000399e+00 1.432914e-03 9.967362e-01 8.460261e-01 0 0 -3.653456e-03 -1.541729e-03 2.767332e-03 -4.832883e-03 4.309061e-03
-2.828427e-01 4.911871e+00 9.995663e-01 1.001343e+00 1.298999e-03 9.996559e-01 8.462519e-01 0 0 -2.124746e-05 1.183064e-03 -1.235996e-03 9.978693e-05 -2.419060e-03
-3.853764e-01 5.535425e+00 9.996687e-01 1.002415e+00 4.656253e-04 9.993752e-01 8.473195e-01 0 0 -7.677156e-03 1.809220e-03 3.271328e-03 -3.736049e-04 1.462107e-03
-4.000000e-01 5.876393e+00 9.989101e-01 1.002694e+00 1.726005e-03 9.987533e-01 8.474990e-01 0 0 2.246307e-03 -3.839653e-03 -6.834472e-03 1.012134e-02 -2.994819e-03
-3.453460e-01 3.892832e+00 9.982121e-01 1.004202e+00 4.410108e-03 9.977964e-01 8.488909e-01 0 0 1.199483e-02 -3.762321e-02 1.210567e-02 -2.436943e-02 4.972889e-02
-4.525142e-01 4.206158e+00 9.976704e-01 1.001011e+00 1.552026e-03 9.961699e-01 8.466464e-01 0 0 1.388216e-03 -2.003120e-03 -1.380999e-03 -2.157455e-03 6.221205e-04
-6.281887e-01 4.810558e+00 9.992219e-01 1.001093e+00 1.444200e-03 9.991589e-01 8.461059e-01 0 0 1.336936e-03 7.875493e-04 1.340309e-03 -1.886827e-03 5.527599e-04
-7.307224e-01 5.437487e+00 9.997883e-01 1.002016e+00 5.725537e-05 9.995619e-01 8.469536e-01 0 0 5.158845e-03 2.141423e-03 -1.063845e-03 1.908125e-03 -3.205268e-03
-7.453460e-01 5.778989e+00 1.001549e+00 1.001306e+00 3.031386e-03 1.002362e+00 8.459182e-01 0 0 7.624834e-03 -1.219418e-02 -7.932512e-03 1.832853e-02 4.261665e-03
-1.000000e+00 3.717157e+00 9.960536e-01 9.983907e-01 3.067717e-03 9.948025e-01 8.443285e-01 0 0 1.689450e-02 -1.058564e-02 -3.539031e-04 -1.766584e-03 1.023173e-02
-1.107168e+00 4.039726e+00 9.994320e-01 9.980408e-01 3.320160e-03 9.990178e-01 8.436779e-01 0 0 5.786951e-03 5.730457e-03 -1.245104e-03 -2.633705e-03 -6.975561e-03
-1.282843e+00 4.661791e+00 9.992678e-01 9.994775e-01 5.357787e-04 9.990727e-01 8.447952e-01 0 0 3.215207e-03 -9.932864e-04 1.753788e-03 -3.580728e-03 2.747074e-03
-1.385376e+00 5.300361e+00 1.002228e+00 9.976982e-01 8.568190e-04 1.003027e+00 8.428734e-01 0 0 4.057982e-03 4.079852e-04 -1.332788e-03 5.067253e-03 -1.740773e-03
-1.400000e+00 5.643597e+00 1.003443e+00 9.994208e-01 2.941059e-03 1.004706e+00 8.441371e-01 0 0 -1.739407e-05 8.520113e-03 3.056509e-03 4.911432e-03 -5.463604e-03
-1.654654e+00 3.614624e+00 1.001577e+00 9.906592e-01 3.053543e-03 1.002279e+00 8.369704e-01 0 0 2.214268e-03 1.360977e-02 4.187473e-03 8.216503e-04 -9.422296e-03
-1.761822e+00 3.952324e+00 1.001239e+00 9.943472e-01 2.332842e-03 1.001661e+00 8.402020e-01 0 0 1.545249e-03 9.477657e-03 5.273584e-03 -1.262748e-03 -4.204073e-03
-1.937497e+00 4.600482e+00 1.000242e+00 9.977689e-01 3.182549e-04 1.000422e+00 8.431929e-01 0 0 1.570342e-03 2.009361e-03 3.724198e-05 -2.451631e-03 -1.972119e-03
-2.040030e+00 5.254852e+00 1.001764e+00 9.978046e-01 -1.854010e-04 1.002359e+00 8.430487e-01 0 0 -3.435275e-03 6.955947e-04 3.691290e-03 1.031634e-03 2.995695e-03
-2.054654e+00 5.600368e+00 1.001342e+00 9.995123e-01 2.974874e-05 1.001782e+00 8.445565e-01 0 0 -3.085070e-04 1.450229e-02 2.420303e-03 -3.121370e-03 -1.208199e-02
-2.000000e+00 3.600000e+00 1.001472e+00 9.929772e-01 -5.847379e-04 1.002025e+00 8.389876e-01 0 0 -2.032484e-02 -7.126207e-03 1.611706e-02 -5.003007e-03 2.324326e-02
-2.107168e+00 3.946762e+00 1.000922e+00 9.949049e-01 1.808581e-05 1.001235e+00 8.407165e-01 0 0 -5.179924e-03 4.182343e-03 6.328566e-03 5.163512e-03 2.146223e-03
-2.282843e+00 4.609829e+00 1.000265e+00 9.976077e-01 4.316518e-05 1.000371e+00 8.430876e-01 0 0 -1.385760e-03 2.114965e-03 2.184772e-03 -3.052442e-03 6.980767e-05
-2.385376e+00 5.272837e+00 1.001121e+00 9.989350e-01 -1.598269e-03 1.001545e+00 8.440767e-01 0 0 -2.026994e-03 1.803905e-03 3.309728e-03 2.186387e-03 1.505823e-03
-2.400000e+00 5.619577e+00 1.002332e+00 9.994424e-01 5.650161e-04 1.003244e+00 8.442993e-01 0 0 2.468843e-03 2.932062e-04 -4.707999e-03 8.192295e-03 -5.001205e-03
VARIABLES = "X", "Y", "ro", "u", "v", "pre", "Ma", "PART", "IMEX", "Ux", "Uy", "Vx", "Vy", "Vort" 
ZONE I=5, J=5, DATAPACKING=POINT
-4.000000e-01 5.876393e+00 9.993281e-01 1.002463e+00 1.739631e-03 9.991958e-01 8.472935e-01 0 0 4.140590e-03 -8.820666e-03 -6.529361e-03 3.590930e-03 2.291305e-03
-3.853764e-01 6.226117e+00 1.000154e+00 1.000716e+00 1.486392e-03 1.000204e+00 8.457393e-01 0 0 4.753117e-03 -3.241016e-03 -4.863914e-03 -3.198272e-03 -1.622898e-03
-2.828427e-01 6.911871e+00 9.992234e-01 1.000204e+00 -1.087387e-03 9.988896e-01 8.454682e-01 0 0 9.024076e-03 -1.425080e-03 -2.325054e-03 -1.267058e-03 -8.999744e-04
-1.071683e-01 7.621026e+00 9.998104e-01 1.000692e+00 -1.484804e-04 9.997871e-01 8.457489e-01 0 0 9.917964e-03 -2.024793e-03 -7.001565e-04 3.478308e-03 1.324636e-03
-4.287183e-08 8.000000e+00 1.000032e+00 1.000950e+00 7.723771e-04 9.999853e-01 8.459775e-01 0 0 3.045038e-03 3.112961e-04 1.091236e-03 -2.388018e-04 7.799402e-04
-7.453460e-01 5.778989e+00 1.002080e+00 1.000619e+00 3.282967e-03 1.002977e+00 8.453039e-01 0 0 7.965574e-03 -9.300736e-03 -4.257975e-03 3.913814e-03 5.042762e-03
-7.307224e-01 6.128179e+00 1.002008e+00 9.994780e-01 2.822272e-03 1.002828e+00 8.443709e-01 0 0 2.177764e-03 -1.757585e-03 -1.055445e-03 -3.982421e-03 7.021401e-04
-6.281887e-01 6.810558e+00 1.000761e+00 9.988905e-01 -3.430539e-04 1.001032e+00 8.441024e-01 0 0 1.879536e-04 -6.175991e-04 -1.002304e-03 -3.092067e-03 -3.847046e-04
-4.525143e-01 7.515466e+00 1.001299e+00 9.992394e-01 -7.877051e-04 1.001861e+00 8.442750e-01 0 0 3.525411e-04 2.123856e-03 2.467306e-03 9.168048e-04 3.434506e-04
-3.453460e-01 7.892832e+00 1.000822e+00 1.000537e+00 -6.181634e-05 1.001100e+00 8.454902e-01 0 0 -1.143111e-03 4.881647e-03 3.443940e-03 3.097865e-04 -1.437707e-03
-1.400000e+00 5.643597e+00 1.003553e+00 9.989165e-01 2.788315e-03 1.004920e+00 8.436674e-01 0 0 -6.675483e-04 -1.217235e-03 4.905394e-03 -2.113763e-03 6.122628e-03
-1.385376e+00 5.991053e+00 1.002540e+00 9.996630e-01 2.476311e-03 1.003610e+00 8.444215e-01 0 0 -1.434213e-03 2.361072e-03 2.456218e-03 -1.228946e-03 9.514632e-05
-1.282843e+00 6.661791e+00 1.001274e+00 1.000118e+00 6.832399e-04 1.001793e+00 8.450352e-01 0 0 -1.275882e-03 -5.439860e-04 -6.547939e-04 -4.109346e-03 -1.108079e-04
-1.107168e+00 7.349034e+00 1.000962e+00 9.996899e-01 -2.022013e-03 1.001328e+00 8.447394e-01 0 0 -6.712047e-04 8.151935e-04 6.895732e-04 -2.287867e-03 -1.256203e-04
-1.000000e+00 7.717157e+00 1.001297e+00 1.000364e+00 -1.920922e-03 1.001747e+00 8.452735e-01 0 0 1.959476e-04 1.944757e-03 5.293835e-04 2.057567e-03 -1.415374e-03
-2.054654e+00 5.600368e+00 1.001143e+00 1.000270e+00 -5.750597e-04 1.001555e+00 8.452091e-01 0 0 -7.784927e-04 3.009967e-04 2.780626e-03 3.540458e-03 2.479630e-03
-2.040030e+00 5.945544e+00 1.002791e+00 9.994435e-01 1.502561e-03 1.003954e+00 8.441956e-01 0 0 2.483477e-03 -1.545537e-03 -8.454563e-04 4.574616e-03 7.000812e-04
-1.937497e+00 6.600482e+00 1.002972e+00 9.992941e-01 1.401157e-03 1.004197e+00 8.440436e-01 0 0 3.633484e-03 -6.877142e-04 -7.104714e-04 -3.997267e-03 -2.275716e-05
-1.761822e+00 7.261632e+00 1.001482e+00 9.991299e-01 -1.426654e-03 1.002051e+00 8.441801e-01 0 0 1.810591e-03 -5.903365e-04 -6.369666e-04 -1.847176e-03 -4.663007e-05
-1.654654e+00 7.614624e+00 1.001211e+00 9.996474e-01 -1.201787e-03 1.001589e+00 8.446974e-01 0 0 8.712257e-04 3.011154e-03 -2.427246e-03 2.036805e-03 -5.438400e-03
-2.400000e+00 5.619577e+00 1.002339e+00 9.994290e-01 4.365122e-05 1.003249e+00 8.442886e-01 0 0 6.488286e-03 -6.213259e-03 -5.499717e-03 7.902530e-03 7.135412e-04
-2.385376e+00 5.963529e+00 1.004425e+00 9.981247e-01 2.688291e-03 1.006223e+00 8.428184e-01 0 0 4.996659e-03 -2.327517e-03 -5.054245e-03 4.798267e-03 -2.726728e-03
-2.282843e+00 6.609829e+00 1.003166e+00 9.979727e-01 1.591873e-03 1.004445e+00 8.429048e-01 0 0 3.770144e-03 -2.321933e-04 -7.222402e-04 -5.964896e-03 -4.900469e-04
-2.107168e+00 7.256070e+00 1.001887e+00 9.986100e-01 -1.744113e-03 1.002634e+00 8.436661e-01 0 0 1.400203e-03 1.260126e-03 2.762046e-03 -2.099225e-03 1.501920e-03
-2.000000e+00 7.600000e+00 1.001077e+00 9.995252e-01 -8.153219e-04 1.001481e+00 8.445831e-01 0 0 -1.166165e-03 4.366230e-03 1.159851e-03 4.586651e-03 -3.206379e-03
