VARIABLES = "X", "Y", "ro", "u", "v", "pre", "Ma", "PART", "IMEX", "Ux", "Uy", "Vx", "Vy", "Vort" 
ZONE I=5, J=5, DATAPACKING=POINT
2.000000e+00 4.000000e-01 9.784023e-01 9.031416e-01 3.282125e-01 9.774658e-01 8.125238e-01 3 0 3.865886e-02 -1.269550e-01 -5.620785e-01 -8.689637e-02 -4.351235e-01
2.107168e+00 7.439299e-01 9.893480e-01 8.927730e-01 2.341837e-01 9.977850e-01 7.767525e-01 3 0 5.260552e-02 2.771920e-02 -5.067446e-01 -1.210191e-01 -5.344638e-01
2.282843e+00 1.390171e+00 1.000680e+00 9.531157e-01 7.994729e-02 9.975438e-01 8.096285e-01 3 0 1.162799e-01 7.495385e-02 -1.496163e-01 -1.475475e-01 -2.245701e-01
2.385376e+00 2.036471e+00 9.937460e-01 9.918256e-01 9.416682e-03 9.897526e-01 8.399728e-01 3 0 8.484650e-02 4.880393e-03 -7.296452e-02 -3.310277e-02 -7.784492e-02
2.400000e+00 2.380423e+00 1.001230e+00 9.893755e-01 5.482605e-03 1.000792e+00 8.363707e-01 3 0 4.563906e-02 -2.671131e-02 -4.251394e-02 1.673294e-02 -1.580263e-02
1.654654e+00 3.853764e-01 9.546505e-01 8.813308e-01 5.210414e-01 9.438983e-01 8.702088e-01 3 0 1.063040e-01 -1.938379e-01 -5.055027e-01 -3.402791e-02 -3.116649e-01
1.761822e+00 7.383678e-01 9.668114e-01 8.495514e-01 4.103756e-01 9.633169e-01 7.988271e-01 3 0 2.224922e-01 -9.751820e-02 -4.587875e-01 -2.492517e-01 -3.612693e-01
1.937497e+00 1.399518e+00 9.919239e-01 8.824028e-01 1.616825e-01 9.913478e-01 7.584023e-01 3 0 2.871916e-01 4.458532e-02 -2.824701e-01 -2.430529e-01 -3.270555e-01
2.040030e+00 2.054456e+00 1.006002e+00 9.578573e-01 3.688131e-02 1.005757e+00 8.102358e-01 3 0 1.030393e-01 8.515055e-02 -9.353961e-02 -8.181706e-02 -1.786902e-01
2.054654e+00 2.399632e+00 1.001414e+00 9.778427e-01 1.296118e-02 1.002580e+00 8.260198e-01 3 0 3.708122e-02 2.025358e-02 -1.244248e-02 -7.113222e-02 -3.269606e-02
1.000000e+00 2.828427e-01 8.189354e-01 7.888661e-01 7.281669e-01 7.557292e-01 9.445069e-01 3 0 3.218393e-01 -6.487186e-01 -4.750912e-02 -2.018616e-01 6.012095e-01
1.107168e+00 6.509661e-01 8.911753e-01 6.461371e-01 5.928397e-01 8.471012e-01 7.601504e-01 3 0 4.275425e-01 -3.510198e-01 6.742796e-03 -4.185541e-01 3.577626e-01
1.282843e+00 1.338209e+00 9.725291e-01 6.518330e-01 3.142351e-01 9.703195e-01 6.122688e-01 3 0 3.533925e-01 1.280443e-01 -6.875832e-02 -3.531804e-01 -1.968026e-01
1.385376e+00 2.008947e+00 9.865704e-01 8.458074e-01 1.053829e-01 9.839324e-01 7.213299e-01 3 0 2.207927e-01 2.787748e-01 -6.215548e-02 -2.407500e-01 -3.409303e-01
1.400000e+00 2.356403e+00 9.940126e-01 9.220446e-01 3.563905e-02 9.964464e-01 7.788989e-01 3 0 1.333282e-01 1.326507e-01 -4.705455e-02 -1.311471e-01 -1.797052e-01
3.453460e-01 1.071683e-01 5.028681e-01 7.570854e-01 5.158403e-01 3.858531e-01 8.838993e-01 3 0 6.636066e-02 -1.378630e+00 1.009546e+00 -1.570105e-02 2.388175e+00
4.525143e-01 4.845336e-01 6.598496e-01 4.532992e-01 5.236861e-01 5.698251e-01 6.299192e-01 3 0 2.781941e-01 -5.023394e-01 4.070259e-01 -3.279289e-01 9.093652e-01
6.281887e-01 1.189442e+00 8.908329e-01 4.110213e-01 3.039742e-01 8.543157e-01 4.411913e-01 3 0 3.386786e-01 1.217837e-01 2.601814e-01 -3.705074e-01 1.383977e-01
7.307224e-01 1.871821e+00 9.730748e-01 6.352250e-01 1.305586e-01 9.686749e-01 5.493286e-01 3 0 2.191111e-01 3.995243e-01 9.621836e-02 -1.949004e-01 -3.033059e-01
7.453460e-01 2.221011e+00 9.905185e-01 7.749110e-01 7.338037e-02 9.911212e-01 6.576491e-01 3 0 1.898047e-01 3.574862e-01 3.242522e-02 -1.416122e-01 -3.250609e-01
0.000000e+00 0.000000e+00 3.702585e-01 1.119832e+00 -5.063281e-02 2.481621e-01 1.157224e+00 3 0 -1.281754e+00 -1.881954e+00 1.946258e+00 1.368153e+00 3.828211e+00
1.071683e-01 3.789742e-01 5.379167e-01 4.942992e-01 3.610740e-01 4.242489e-01 5.825437e-01 3 0 -2.310648e-02 -1.028163e+00 1.025233e+00 -6.426536e-02 2.053396e+00
2.828427e-01 1.088129e+00 8.454182e-01 2.729177e-01 2.293208e-01 7.845694e-01 3.127384e-01 3 0 4.639155e-01 8.851948e-02 4.251656e-01 -3.725305e-01 3.366461e-01
3.853764e-01 1.773883e+00 9.714106e-01 5.467358e-01 9.531409e-02 9.631866e-01 4.710434e-01 3 0 4.016932e-03 4.808285e-01 1.676695e-01 -1.277545e-01 -3.131591e-01
4.000000e-01 2.123607e+00 9.740108e-01 6.736328e-01 4.754604e-02 9.685827e-01 5.723370e-01 3 0 1.967518e-01 2.256871e-01 2.394928e-01 -2.109408e-01 1.380576e-02
VARIABLES = "X", "Y", "ro", "u", "v", "pre", "Ma", "PART", "IMEX", "Ux", "Uy", "Vx", "Vy", "Vort" 
ZONE I=5, J=5, DATAPACKING=POINT
2.400000e+00 2.380423e+00 1.002226e+00 9.880181e-01 6.771342e-03 1.001723e+00 8.352570e-01 3 0 4.703436e-02 1.234311e-02 -3.245560e-02 -2.299304e-02 -4.479871e-02
2.385376e+00 2.727163e+00 9.993410e-01 9.948113e-01 3.534430e-05 9.996494e-01 8.406393e-01 3 0 1.168480e-02 1.912470e-02 -2.930781e-03 -1.080923e-02 -2.205548e-02
2.282843e+00 3.390171e+00 1.002579e+00 1.001738e+00 -5.821068e-04 1.003417e+00 8.462696e-01 3 0 1.084910e-02 4.842741e-03 -2.552530e-03 3.478226e-03 -7.395271e-03
2.107168e+00 4.053238e+00 1.002181e+00 1.001071e+00 9.986541e-04 1.003376e+00 8.455562e-01 3 0 -4.854805e-03 -1.969976e-03 2.073830e-03 2.572886e-04 4.043807e-03
2.000000e+00 4.400000e+00 9.994267e-01 1.002270e+00 7.975332e-04 9.986094e-01 8.474194e-01 3 0 -6.120817e-03 8.397534e-03 -2.452358e-03 -7.512116e-04 -1.084989e-02
2.054654e+00 2.399632e+00 1.001128e+00 9.793714e-01 1.223755e-02 1.000918e+00 8.278715e-01 3 0 2.510801e-02 5.644451e-02 -1.416517e-02 -3.699595e-02 -7.060968e-02
2.040030e+00 2.745148e+00 1.000024e+00 9.910182e-01 3.971571e-03 9.999622e-01 8.375959e-01 3 0 1.624555e-02 2.375863e-02 -1.893140e-02 -1.743475e-02 -4.269003e-02
1.937497e+00 3.399518e+00 1.003632e+00 9.999310e-01 -2.164817e-04 1.005421e+00 8.443438e-01 3 0 1.967028e-03 9.249614e-03 -3.936628e-04 1.801835e-05 -9.643277e-03
1.761822e+00 4.047676e+00 1.002023e+00 1.003244e+00 1.152954e-03 1.002607e+00 8.476494e-01 3 0 -6.101078e-03 -1.557818e-03 -1.815078e-03 1.542068e-03 -2.572599e-04
1.654654e+00 4.385376e+00 9.991931e-01 1.002345e+00 1.222801e-03 9.999438e-01 8.468190e-01 3 0 3.946713e-03 -1.160774e-04 -2.486092e-04 -1.771791e-03 -1.325319e-04
1.400000e+00 2.356403e+00 9.931306e-01 9.270094e-01 3.942039e-02 9.921886e-01 7.845462e-01 3 0 1.298643e-01 1.890978e-01 -6.552866e-02 -3.514854e-02 -2.546265e-01
1.385376e+00 2.699639e+00 1.000385e+00 9.660694e-01 2.018963e-02 9.990656e-01 8.171948e-01 3 0 5.437011e-02 8.113705e-02 -1.783333e-02 -5.398293e-02 -9.897038e-02
1.282843e+00 3.338209e+00 9.984796e-01 9.965943e-01 5.152977e-04 9.984923e-01 8.422706e-01 3 0 6.619761e-03 3.232686e-02 -1.730025e-03 -7.841975e-03 -3.405688e-02
1.107168e+00 3.960274e+00 1.001209e+00 1.005630e+00 2.731102e-03 1.000871e+00 8.500593e-01 3 0 9.357991e-04 -6.474398e-03 -2.814154e-03 3.161069e-03 3.660244e-03
1.000000e+00 4.282843e+00 1.000088e+00 9.991073e-01 1.412053e-03 1.001619e+00 8.437548e-01 3 0 6.866167e-03 -1.684043e-02 1.354801e-03 -1.080674e-02 1.819523e-02
7.453460e-01 2.221011e+00 9.908841e-01 7.771669e-01 7.538190e-02 9.932167e-01 6.591331e-01 3 0 1.413142e-01 5.049694e-01 4.566562e-02 -1.616861e-01 -4.593038e-01
7.307224e-01 2.562513e+00 9.909120e-01 9.001505e-01 3.134810e-02 9.899605e-01 7.615930e-01 3 0 6.943336e-02 2.531685e-01 1.957167e-02 -8.836672e-02 -2.335969e-01
6.281887e-01 3.189442e+00 9.962215e-01 9.817390e-01 4.930056e-03 9.942529e-01 8.305524e-01 3 0 1.621793e-02 6.190110e-02 -7.478247e-03 -1.172656e-02 -6.937935e-02
4.525143e-01 3.793842e+00 9.991575e-01 1.003147e+00 3.345431e-03 9.992489e-01 8.477797e-01 3 0 2.747408e-03 1.653619e-02 -1.950036e-04 -7.626380e-04 -1.673119e-02
3.453460e-01 4.107168e+00 1.000868e+00 1.001738e+00 4.050492e-03 9.993809e-01 8.472600e-01 3 0 -1.630113e-03 -3.068656e-02 -9.356678e-03 9.348124e-03 2.132988e-02
4.000000e-01 2.123607e+00 9.737204e-01 6.869056e-01 4.737755e-02 9.709983e-01 5.827356e-01 3 0 -1.203774e-03 6.912371e-01 1.879362e-01 -6.468625e-02 -5.033010e-01
3.853764e-01 2.464575e+00 9.846035e-01 8.469227e-01 2.900873e-02 9.850434e-01 7.160401e-01 3 0 6.853891e-02 3.441850e-01 2.965042e-02 -4.228128e-02 -3.145345e-01
2.828427e-01 3.088129e+00 9.971003e-01 9.685700e-01 9.286958e-03 9.959791e-01 8.190894e-01 3 0 1.402060e-02 9.952027e-02 -5.894792e-03 -2.118176e-02 -1.054151e-01
1.071683e-01 3.688282e+00 9.983976e-01 9.999187e-01 3.840522e-03 9.986229e-01 8.449964e-01 3 0 2.657851e-03 2.454737e-02 -6.472635e-03 -3.637095e-05 -3.102000e-02
2.143592e-08 4.000000e+00 1.001491e+00 1.006417e+00 6.536864e-03 1.001331e+00 8.506635e-01 3 0 -1.153279e-02 7.487924e-04 -8.445082e-03 1.225196e-02 -9.193874e-03
VARIABLES = "X", "Y", "ro", "u", "v", "pre", "Ma", "PART", "IMEX", "Ux", "Uy", "Vx", "Vy", "Vort" 
ZONE I=5, J=5, DATAPACKING=POINT
2.000000e+00 4.400000e+00 9.994532e-01 1.002570e+00 7.030100e-04 9.990366e-01 8.475031e-01 3 0 -5.157657e-03 2.339345e-03 -3.648052e-03 -6.121890e-03 -5.987396e-03
1.892832e+00 4.743930e+00 9.971997e-01 1.002969e+00 -5.453007e-04 9.960342e-01 8.481591e-01 3 0 -8.817255e-03 -2.259255e-03 8.946218e-04 -2.477838e-03 3.153876e-03
1.717157e+00 5.390171e+00 9.960808e-01 1.003100e+00 -1.271890e-03 9.945406e-01 8.484309e-01 3 0 3.627202e-04 -1.409296e-04 -2.588984e-03 -1.299619e-04 -2.448055e-03
1.614624e+00 6.036471e+00 9.978478e-01 1.001710e+00 -2.099717e-04 9.969640e-01 8.469743e-01 3 0 2.036027e-03 -4.664071e-03 -4.115115e-03 2.078852e-03 5.489561e-04
1.600000e+00 6.380423e+00 9.979676e-01 9.994834e-01 5.927118e-04 9.971878e-01 8.450480e-01 3 0 -2.432960e-03 -6.181422e-03 2.592656e-05 1.936523e-03 6.207349e-03
1.654654e+00 4.385376e+00 9.998510e-01 1.003124e+00 1.380518e-03 1.000197e+00 8.476492e-01 3 0 -5.520480e-04 1.619478e-02 -3.040410e-04 -7.241574e-03 -1.649882e-02
1.547486e+00 4.720348e+00 9.983833e-01 1.004493e+00 -5.671891e-04 9.974394e-01 8.493533e-01 3 0 -1.219809e-03 -1.994244e-03 -5.823896e-04 -3.819525e-03 1.411854e-03
1.371811e+00 5.352295e+00 9.974531e-01 1.002395e+00 -7.268324e-04 9.966144e-01 8.475348e-01 3 0 2.201325e-03 -1.612653e-03 -1.471186e-03 1.842304e-03 1.414666e-04
1.269278e+00 5.990568e+00 9.976739e-01 1.001892e+00 6.823967e-04 9.965886e-01 8.472142e-01 3 0 -7.939359e-04 -1.369643e-03 -1.561701e-03 9.344399e-04 -1.920584e-04
1.254654e+00 6.333398e+00 9.967549e-01 1.000706e+00 5.942444e-04 9.957726e-01 8.461678e-01 3 0 -1.440168e-03 -4.483661e-03 5.474286e-04 -9.869247e-04 5.031089e-03
1.000000e+00 4.282843e+00 1.000445e+00 1.001683e+00 2.037453e-03 1.001238e+00 8.462427e-01 3 0 -4.385548e-03 2.756229e-02 -2.602776e-03 1.668251e-03 -3.016506e-02
8.928318e-01 4.603409e+00 1.000566e+00 1.003134e+00 9.373264e-04 1.000707e+00 8.477436e-01 3 0 4.440733e-03 -5.061004e-04 -1.676217e-03 -5.033913e-03 -1.170117e-03
7.171573e-01 5.213576e+00 1.000144e+00 1.001926e+00 -2.892657e-04 1.000259e+00 8.467334e-01 3 0 -5.750409e-04 3.316166e-04 -6.491603e-04 9.845643e-04 -9.807769e-04
6.146236e-01 5.840332e+00 9.985640e-01 1.002125e+00 9.637720e-04 9.979450e-01 8.472131e-01 3 0 1.191850e-03 -2.019283e-03 -2.206835e-04 7.482588e-04 1.798600e-03
6.000000e-01 6.181596e+00 9.980989e-01 1.000814e+00 4.512496e-04 9.974672e-01 8.461104e-01 3 0 2.161709e-03 -1.936442e-03 4.290874e-04 -2.531659e-03 2.365530e-03
3.453460e-01 4.107168e+00 1.000965e+00 1.002060e+00 4.790501e-03 1.000373e+00 8.471552e-01 3 0 1.676569e-04 -9.725607e-03 -3.392067e-03 -7.237165e-03 6.333540e-03
2.381778e-01 4.419736e+00 9.987178e-01 1.000474e+00 2.068170e-03 9.983900e-01 8.456951e-01 3 0 2.131629e-03 7.575863e-04 2.211864e-03 -6.053161e-03 1.454277e-03
6.250331e-02 5.019628e+00 9.997529e-01 1.002264e+00 3.451795e-04 9.995829e-01 8.471395e-01 3 0 -9.579342e-05 2.373644e-03 -1.992644e-03 -3.335632e-04 -4.366287e-03
-4.003039e-02 5.642080e+00 1.000383e+00 1.001452e+00 8.481700e-04 1.000622e+00 8.462809e-01 3 0 1.382722e-03 -3.981755e-03 3.494779e-04 7.802049e-04 4.331233e-03
-5.465400e-02 5.982835e+00 1.000327e+00 1.000375e+00 1.173553e-03 1.000306e+00 8.454803e-01 3 0 -2.233315e-03 7.784576e-04 -2.324304e-03 2.208222e-03 -3.102762e-03
2.143592e-08 4.000000e+00 1.001885e+00 1.003063e+00 6.496100e-03 1.002108e+00 8.476662e-01 3 0 1.104518e-02 -3.565103e-02 7.479530e-03 -2.813131e-02 4.313056e-02
-1.071682e-01 4.311718e+00 9.980025e-01 1.000444e+00 1.345100e-03 9.966546e-01 8.461014e-01 3 0 -2.201217e-03 -1.115448e-03 4.924855e-03 -4.304412e-03 6.040303e-03
-2.828427e-01 4.911871e+00 9.993348e-01 1.001443e+00 1.458091e-03 9.993943e-01 8.463494e-01 3 0 4.455815e-03 1.920721e-03 -3.661281e-03 -2.883096e-04 -5.582002e-03
-3.853764e-01 5.535425e+00 9.998762e-01 1.002100e+00 4.154229e-04 9.996131e-01 8.470405e-01 3 0 -6.596049e-03 1.266787e-03 2.162572e-03 -9.381530e-04 8.957855e-04
-4.000000e-01 5.876393e+00 9.991022e-01 1.002258e+00 1.673321e-03 9.991226e-01 8.470552e-01 3 0 -1.068519e-02 -4.219831e-03 -4.406333e-03 1.063361e-02 -1.865023e-04
VARIABLES = "X", "Y", "ro", "u", "v", "pre", "Ma", "PART", "IMEX", "Ux", "Uy", "Vx", "Vy", "Vort" 
ZONE I=5, J=5, DATAPACKING=POINT
1.600000e+00 6.380423e+00 9.983241e-01 9.998377e-01 5.827524e-04 9.976686e-01 8.452948e-01 3 0 -3.144868e-03 2.326599e-03 4.241309e-04 -6.028653e-03 -1.902468e-03
1.614624e+00 6.727163e+00 9.983039e-01 9.999591e-01 -5.110611e-04 9.976218e-01 8.454087e-01 3 0 -5.728218e-03 1.039243e-03 1.634337e-03 -1.037644e-03 5.950943e-04
1.717157e+00 7.390171e+00 9.993465e-01 1.001209e+00 1.356609e-04 9.990946e-01 8.462828e-01 3 0 -5.137564e-03 4.235099e-03 4.429361e-03 7.532328e-04 1.942617e-04
1.892832e+00 8.053238e+00 9.999193e-01 1.003260e+00 1.077120e-03 9.998750e-01 8.479286e-01 3 0 -2.552257e-03 2.974525e-03 1.416629e-03 7.911648e-04 -1.557896e-03
2.000000e+00 8.400000e+00 9.996350e-01 1.003639e+00 1.631545e-03 9.995488e-01 8.482672e-01 3 0 -1.561295e-03 4.021623e-04 -9.555229e-04 2.850132e-03 -1.357685e-03
1.254654e+00 6.333398e+00 9.971453e-01 1.001055e+00 7.383638e-04 9.961077e-01 8.464866e-01 3 0 -3.409963e-03 5.166683e-03 8.013101e-04 -5.174755e-03 -4.365373e-03
1.269278e+00 6.681260e+00 9.965392e-01 1.001589e+00 -7.153806e-04 9.951109e-01 8.471046e-01 3 0 -2.841032e-03 5.879454e-04 2.927556e-04 -2.572505e-03 -2.951898e-04
1.371811e+00 7.352295e+00 9.977739e-01 1.001841e+00 -8.201801e-04 9.969218e-01 8.470718e-01 3 0 1.516393e-04 1.013756e-03 1.121234e-03 1.412473e-03 1.074775e-04
1.547486e+00 8.029656e+00 1.000062e+00 1.002853e+00 8.279760e-04 1.000051e+00 8.475703e-01 3 0 2.701726e-03 5.142240e-04 -8.006768e-05 2.912401e-03 -5.942917e-04
1.654654e+00 8.385376e+00 1.000540e+00 1.003045e+00 1.928224e-03 1.000896e+00 8.475786e-01 3 0 2.923025e-03 -1.662306e-03 -7.878883e-04 3.839383e-03 8.744180e-04
6.000000e-01 6.181596e+00 9.981767e-01 1.001386e+00 7.742213e-04 9.974898e-01 8.466169e-01 3 0 -8.742902e-04 7.487067e-03 -2.368687e-04 -2.794281e-04 -7.723935e-03
6.146236e-01 6.531024e+00 9.972234e-01 1.001856e+00 -1.393996e-04 9.960910e-01 8.472036e-01 3 0 1.428741e-03 -8.434082e-04 -5.412113e-04 -2.698444e-03 3.021968e-04
7.171573e-01 7.213576e+00 9.971400e-01 1.001180e+00 -9.356995e-04 9.960043e-01 8.466338e-01 3 0 6.122343e-04 -4.266974e-04 -4.532701e-04 9.026485e-04 -2.657268e-05
8.928317e-01 7.912717e+00 9.997548e-01 1.001350e+00 6.225932e-04 9.996645e-01 8.463338e-01 3 0 7.062743e-04 9.314320e-05 5.087259e-05 2.857264e-03 -4.227061e-05
1.000000e+00 8.282843e+00 1.001082e+00 1.001386e+00 1.520893e-03 1.001541e+00 8.461327e-01 3 0 1.260948e-03 5.197031e-04 1.294793e-03 9.377151e-04 7.750897e-04
-5.465400e-02 5.982835e+00 1.000350e+00 1.000681e+00 1.291965e-03 1.000483e+00 8.456743e-01 3 0 -1.556240e-03 2.567481e-03 -1.755680e-03 1.939798e-03 -4.323161e-03
-4.003040e-02 6.332772e+00 9.998962e-01 1.000765e+00 7.927077e-04 9.998687e-01 8.458130e-01 3 0 1.696583e-03 -1.776845e-04 -6.349305e-04 -3.107125e-03 -4.572460e-04
6.250326e-02 7.019628e+00 9.979665e-01 1.001153e+00 -1.034765e-03 9.971186e-01 8.464889e-01 3 0 4.919632e-04 1.002007e-03 7.450834e-04 -9.399979e-04 -2.569236e-04
2.381777e-01 7.729044e+00 9.983885e-01 1.001606e+00 -4.636328e-05 9.978066e-01 8.467586e-01 3 0 1.593921e-04 -3.950483e-04 9.081928e-05 2.531439e-03 4.858676e-04
3.453460e-01 8.107168e+00 9.994479e-01 1.001228e+00 6.027324e-04 9.991027e-01 8.463381e-01 3 0 -1.541341e-04 -3.622058e-04 5.862685e-04 -3.017033e-04 9.484743e-04
-4.000000e-01 5.876393e+00 9.995726e-01 1.001958e+00 1.652030e-03 9.995765e-01 8.468082e-01 3 0 -7.403424e-03 -9.036714e-03 -2.293403e-03 3.662519e-03 6.743311e-03
-3.853764e-01 6.226117e+00 1.000301e+00 1.000342e+00 1.448105e-03 1.000399e+00 8.454030e-01 3 0 -5.339099e-04 -2.296014e-03 -1.469028e-03 -3.420514e-03 8.269854e-04
-2.828427e-01 6.911871e+00 9.992517e-01 1.000153e+00 -1.123916e-03 9.989373e-01 8.454167e-01 3 0 5.656389e-03 -3.566753e-04 1.965350e-04 -1.777235e-03 5.532103e-04
-1.071683e-01 7.621026e+00 9.998407e-01 1.000827e+00 -1.201565e-04 9.998230e-01 8.458604e-01 3 0 6.360802e-03 -8.783739e-04 -1.804372e-03 3.933485e-03 -9.259985e-04
-4.287183e-08 8.000000e+00 1.000022e+00 1.001096e+00 8.496141e-04 9.999961e-01 8.460919e-01 3 0 2.057803e-03 3.444595e-04 -2.051928e-03 7.610578e-04 -2.396388e-03
VARIABLES = "X", "Y", "ro", "u", "v", "pre", "Ma", "PART", "IMEX", "Ux", "Uy", "Vx", "Vy", "Vort" 
ZONE I=5, J=5, DATAPACKING=POINT
4.000000e+00 2.143592e-08 9.971526e-01 1.000383e+00 1.410914e-02 1.000346e+00 8.442114e-01 3 0 3.499827e-02 -4.449687e-02 3.039850e-03 -1.388265e-02 4.753672e-02
4.107168e+00 3.117179e-01 1.001035e+00 9.940431e-01 8.742231e-03 1.002727e+00 8.394431e-01 3 0 3.444238e-02 -1.839813e-02 1.751661e-02 -2.617494e-02 3.591474e-02
4.282843e+00 9.118714e-01 1.002892e+00 9.970800e-01 -7.213256e-04 1.003254e+00 8.425345e-01 3 0 7.045584e-03 8.408695e-03 -2.951780e-03 -7.091075e-03 -1.136048e-02
4.385376e+00 1.535425e+00 1.001690e+00 1.000671e+00 -6.414534e-04 1.001815e+00 8.456685e-01 3 0 5.067130e-04 -2.854594e-04 -4.776421e-03 4.719480e-03 -4.490961e-03
4.400000e+00 1.876393e+00 1.001194e+00 9.997027e-01 -1.502343e-04 1.001297e+00 8.448594e-01 3 0 1.263567e-03 -5.035462e-03 2.140957e-03 -3.667549e-03 7.176419e-03
3.654654e+00 1.071683e-01 9.969968e-01 9.882755e-01 8.628485e-03 9.970371e-01 8.352602e-01 3 0 1.968033e-02 -1.952049e-02 1.558031e-02 -2.956914e-02 3.510080e-02
3.761822e+00 4.197361e-01 9.944132e-01 9.880292e-01 2.814719e-03 9.957085e-01 8.344972e-01 3 0 9.529391e-03 4.020177e-03 8.778628e-03 -1.455283e-02 4.758451e-03
3.937497e+00 1.019628e+00 9.987642e-01 9.944715e-01 3.870087e-04 9.999309e-01 8.399914e-01 3 0 1.038908e-02 6.649537e-03 -1.341048e-03 6.420103e-04 -7.990585e-03
4.040030e+00 1.642080e+00 1.001023e+00 9.975110e-01 5.134528e-04 1.000872e+00 8.431146e-01 3 0 1.379431e-02 1.682625e-03 -1.359311e-03 -9.052992e-04 -3.041936e-03
4.054654e+00 1.982835e+00 9.999302e-01 9.994089e-01 -9.132862e-05 9.994590e-01 8.448537e-01 3 0 5.867800e-03 1.141344e-02 -2.607358e-03 -3.270026e-03 -1.402080e-02
3.000000e+00 2.828427e-01 9.986657e-01 9.809979e-01 2.146770e-02 9.944125e-01 8.310647e-01 3 0 6.322502e-03 3.771387e-03 -9.932526e-02 -5.589790e-03 -1.030966e-01
3.107168e+00 6.034087e-01 1.000237e+00 9.821510e-01 1.078944e-02 9.962570e-01 8.317755e-01 3 0 1.812552e-02 5.415017e-03 -5.543689e-02 -1.242746e-02 -6.085190e-02
3.282843e+00 1.213576e+00 9.971183e-01 9.907889e-01 -1.133300e-03 9.961454e-01 8.377788e-01 3 0 5.951992e-03 8.925750e-03 -3.394874e-03 -6.155676e-03 -1.232062e-02
3.385376e+00 1.840332e+00 9.967903e-01 9.924918e-01 8.531780e-05 9.965040e-01 8.389292e-01 3 0 1.228760e-03 6.396664e-04 1.958149e-03 4.646434e-03 1.318483e-03
3.400000e+00 2.181596e+00 9.982907e-01 9.960587e-01 -3.338804e-04 9.977010e-01 8.420721e-01 3 0 1.497440e-02 3.133971e-02 -2.125913e-04 -1.089157e-02 -3.155230e-02
2.345346e+00 3.853764e-01 9.917366e-01 9.573780e-01 1.704903e-01 9.877795e-01 8.235064e-01 3 0 8.830949e-02 -8.651244e-02 -3.823873e-01 -9.827956e-02 -2.958749e-01
2.452514e+00 7.203484e-01 9.954113e-01 9.520668e-01 1.025463e-01 9.901320e-01 8.114520e-01 3 0 9.632348e-02 -6.285569e-03 -2.754512e-01 -9.035171e-02 -2.691656e-01
2.628189e+00 1.352295e+00 1.002537e+00 9.806149e-01 2.520143e-02 9.981359e-01 8.308704e-01 3 0 4.662336e-02 3.030851e-02 -1.106153e-01 -4.573844e-02 -1.409238e-01
2.730722e+00 1.990568e+00 9.973166e-01 9.911031e-01 2.509584e-03 9.969816e-01 8.377784e-01 3 0 7.813409e-03 -2.228392e-03 -1.289691e-02 -1.016975e-02 -1.066851e-02
2.745346e+00 2.333398e+00 9.979798e-01 9.930140e-01 -3.875438e-04 9.968043e-01 8.397448e-01 3 0 7.506980e-03 2.511492e-02 -9.265566e-03 -7.341839e-03 -3.438049e-02
2.000000e+00 4.000000e-01 9.756374e-01 9.026009e-01 3.294029e-01 9.724371e-01 8.133849e-01 3 0 2.333761e-01 -1.703582e-01 -5.412630e-01 -1.171263e-01 -3.709048e-01
2.107168e+00 7.439299e-01 9.799538e-01 8.987948e-01 2.315106e-01 9.861103e-01 7.819623e-01 3 0 2.569041e-01 -2.556896e-02 -5.157216e-01 -1.197528e-01 -4.901526e-01
2.282843e+00 1.390171e+00 1.000127e+00 9.550034e-01 8.124197e-02 9.968313e-01 8.113785e-01 3 0 1.281366e-01 5.466668e-02 -2.333794e-01 -1.244360e-01 -2.880460e-01
2.385376e+00 2.036471e+00 9.985702e-01 9.867209e-01 8.903344e-03 9.962889e-01 8.349196e-01 3 0 -7.404082e-03 1.816544e-02 -3.390843e-02 -4.203811e-02 -5.207388e-02
2.400000e+00 2.380423e+00 1.000130e+00 9.911009e-01 5.749566e-03 9.990239e-01 8.381108e-01 3 0 1.912797e-02 5.847665e-03 -2.565165e-02 3.021604e-02 -3.149932e-02
VARIABLES = "X", "Y", "ro", "u", "v", "pre", "Ma", "PART", "IMEX", "Ux", "Uy", "Vx", "Vy", "Vort" 
ZONE I=5, J=5, DATAPACKING=POINT
4.400000e+00 1.876393e+00 1.000992e+00 9.995938e-01 -1.137717e-04 1.000911e+00 8.448450e-01 3 0 6.611857e-04 6.511455e-04 5.693421e-03 4.339456e-03 5.042276e-03
4.385376e+00 2.226117e+00 9.999597e-01 9.997850e-01 9.077849e-04 9.999816e-01 8.449637e-01 3 0 -3.667817e-03 -2.282245e-04 -2.016120e-03 1.593789e-03 -1.787895e-03
4.282843e+00 2.911871e+00 9.982376e-01 9.997945e-01 7.972990e-04 9.975670e-01 8.452648e-01 3 0 -6.382899e-03 -9.308794e-04 3.738533e-04 -1.792994e-03 1.304733e-03
4.107168e+00 3.621026e+00 9.966916e-01 1.000671e+00 -1.381143e-03 9.953394e-01 8.462962e-01 3 0 -5.147965e-03 6.031114e-04 1.387338e-03 -3.475648e-03 7.842263e-04
4.000000e+00 4.000000e+00 9.966902e-01 1.001498e+00 -2.829037e-03 9.954544e-01 8.469487e-01 3 0 -7.555713e-04 1.989800e-03 -3.107452e-03 -4.183397e-03 -5.097252e-03
4.054654e+00 1.982835e+00 9.996779e-01 9.996555e-01 -2.921701e-04 9.990980e-01 8.451083e-01 3 0 4.080154e-03 8.089032e-03 8.191320e-04 6.585980e-03 -7.269900e-03
4.040030e+00 2.332772e+00 9.989806e-01 1.001083e+00 1.530608e-03 9.984599e-01 8.462912e-01 3 0 -1.864990e-03 1.880560e-03 -1.670905e-04 2.798797e-03 -2.047650e-03
3.937497e+00 3.019628e+00 9.972188e-01 1.001528e+00 8.242068e-04 9.962036e-01 8.468768e-01 3 0 -3.076641e-03 -4.780496e-04 -1.560565e-03 -4.196082e-03 -1.082516e-03
3.761822e+00 3.729044e+00 9.969293e-01 1.001548e+00 -2.156243e-03 9.956425e-01 8.470114e-01 3 0 -1.505809e-03 -8.482336e-04 5.586139e-04 -2.989280e-03 1.406848e-03
3.654654e+00 4.107168e+00 9.972577e-01 1.001127e+00 -2.733530e-03 9.962000e-01 8.465586e-01 3 0 1.196973e-03 -1.786239e-03 -6.471905e-04 -1.207007e-04 1.139049e-03
3.400000e+00 2.181596e+00 9.978911e-01 9.970887e-01 -3.533978e-04 9.972611e-01 8.429600e-01 3 0 1.152042e-02 2.306707e-02 2.774156e-03 2.223237e-03 -2.029292e-02
3.385376e+00 2.531024e+00 9.976043e-01 1.000693e+00 6.158785e-04 9.964371e-01 8.462350e-01 3 0 4.943221e-03 5.345975e-03 4.409261e-03 2.939591e-03 -9.367143e-04
3.282843e+00 3.213576e+00 9.977788e-01 1.001934e+00 7.229758e-04 9.969309e-01 8.471487e-01 3 0 9.148717e-04 1.053034e-03 1.236657e-04 -2.571659e-03 -9.293680e-04
3.107168e+00 3.912717e+00 9.990134e-01 1.001953e+00 -1.845200e-03 9.985589e-01 8.469993e-01 3 0 -1.178015e-03 -2.273738e-03 -3.321920e-03 -3.628593e-03 -1.048182e-03
3.000000e+00 4.282843e+00 9.989533e-01 1.000451e+00 -1.747796e-03 9.984854e-01 8.457344e-01 3 0 -1.698072e-03 -6.943813e-03 -1.279000e-03 4.272745e-03 5.664812e-03
2.745346e+00 2.333398e+00 9.982634e-01 9.935411e-01 7.768312e-07 9.966963e-01 8.403554e-01 3 0 1.016913e-02 1.532077e-02 -9.646809e-03 -5.360298e-03 -2.496758e-02
2.730722e+00 2.681260e+00 9.979351e-01 9.972806e-01 -1.343868e-03 9.974748e-01 8.430512e-01 3 0 8.045567e-03 9.816217e-03 -2.629215e-04 -9.685987e-04 -1.007914e-02
2.628189e+00 3.352295e+00 1.000853e+00 1.001694e+00 -2.056632e-04 1.000922e+00 8.465569e-01 3 0 4.399392e-04 3.912978e-03 2.187656e-03 3.021788e-03 -1.725322e-03
2.452514e+00 4.029656e+00 1.000476e+00 1.002169e+00 4.316380e-04 1.000959e+00 8.467826e-01 3 0 6.169716e-04 -1.813153e-03 -3.703294e-03 -2.172414e-03 -1.890141e-03
2.345346e+00 4.385376e+00 9.997288e-01 1.001368e+00 -1.929999e-04 9.989676e-01 8.466332e-01 3 0 -2.236125e-03 -1.277413e-03 -2.610144e-03 -2.648991e-03 -1.332730e-03
2.400000e+00 2.380423e+00 1.001592e+00 9.892546e-01 6.655912e-03 1.000624e+00 8.364957e-01 3 0 2.618916e-02 4.599697e-03 -3.538921e-02 -2.330118e-02 -3.998891e-02
2.385376e+00 2.727163e+00 9.994400e-01 9.949717e-01 1.656010e-04 9.998336e-01 8.407390e-01 3 0 9.488804e-03 1.747435e-02 -1.017926e-02 -1.145241e-02 -2.765362e-02
2.282843e+00 3.390171e+00 1.002691e+00 1.001737e+00 -7.206358e-04 1.003557e+00 8.462572e-01 3 0 3.555587e-04 2.877104e-03 6.476502e-04 4.030594e-03 -2.229454e-03
2.107168e+00 4.053238e+00 1.001877e+00 1.001273e+00 1.180950e-03 1.002985e+00 8.457632e-01 3 0 6.018514e-03 1.228579e-03 5.966665e-04 3.625775e-04 -6.319126e-04
2.000000e+00 4.400000e+00 9.995106e-01 1.002169e+00 7.597602e-04 9.985775e-01 8.473832e-01 3 0 -3.151137e-03 7.398275e-03 -3.458572e-03 -3.579799e-03 -1.085685e-02
VARIABLES = "X", "Y", "ro", "u", "v", "pre", "Ma", "PART", "IMEX", "Ux", "Uy", "Vx", "Vy", "Vort" 
ZONE I=5, J=5, DATAPACKING=POINT
4.000000e+00 4.000000e+00 9.965660e-01 1.001507e+00 -2.772251e-03 9.952671e-01 8.469833e-01 3 0 3.606869e-04 4.825587e-03 -1.754082e-03 -2.640115e-03 -6.579669e-03
3.892832e+00 4.378974e+00 9.971774e-01 1.002098e+00 -2.568231e-03 9.960419e-01 8.474130e-01 3 0 2.595636e-03 -1.155345e-04 -2.620386e-03 1.921541e-03 -2.504852e-03
3.717157e+00 5.088129e+00 9.988422e-01 1.000486e+00 -3.662651e-04 9.983691e-01 8.457658e-01 3 0 -2.135492e-04 -2.374006e-03 -4.916319e-05 1.912625e-03 2.324843e-03
3.614624e+00 5.773883e+00 9.984906e-01 9.997456e-01 -6.570145e-04 9.978967e-01 8.451908e-01 3 0 -2.431862e-03 -1.105556e-04 -9.694315e-05 -2.210912e-03 1.361245e-05
3.600000e+00 6.123607e+00 9.982728e-01 9.998010e-01 -1.271483e-03 9.975558e-01 8.452903e-01 3 0 -6.830812e-05 3.934114e-05 -2.167470e-03 -3.881321e-05 -2.206811e-03
3.654654e+00 4.107168e+00 9.971180e-01 1.001097e+00 -2.808110e-03 9.961078e-01 8.465134e-01 3 0 2.082979e-03 9.365208e-04 -7.855376e-04 -6.134251e-04 -1.722058e-03
3.547486e+00 4.484534e+00 9.982613e-01 1.001062e+00 -1.987425e-03 9.975714e-01 8.463457e-01 3 0 2.555486e-03 1.869455e-04 -4.016361e-04 3.438280e-03 -5.885816e-04
3.371811e+00 5.189442e+00 9.996291e-01 1.000518e+00 6.435625e-05 9.994687e-01 8.456596e-01 3 0 -2.518034e-04 -8.031347e-04 -5.675775e-04 9.088000e-04 2.355572e-04
3.269278e+00 5.871821e+00 9.987328e-01 1.000151e+00 -6.560428e-04 9.982442e-01 8.454891e-01 3 0 -9.915440e-04 -4.872738e-04 -8.950527e-04 -2.204967e-03 -4.077789e-04
3.254654e+00 6.221011e+00 9.982725e-01 9.999628e-01 -1.056621e-03 9.975527e-01 8.454282e-01 3 0 -1.609663e-03 -7.349425e-04 -1.194805e-04 6.553768e-04 6.154620e-04
3.000000e+00 4.282843e+00 9.989783e-01 1.000461e+00 -1.686137e-03 9.985442e-01 8.457292e-01 3 0 -1.153240e-03 -3.168021e-03 -2.360010e-03 2.701012e-04 8.080107e-04
2.892832e+00 4.650966e+00 9.986416e-01 9.999787e-01 -1.160739e-03 9.981635e-01 8.453392e-01 3 0 8.749753e-04 2.216747e-04 -7.289960e-04 1.682299e-03 -9.506706e-04
2.717157e+00 5.338209e+00 9.995455e-01 1.000677e+00 -1.295732e-04 9.993374e-01 8.458146e-01 3 0 -4.172032e-04 1.236834e-03 1.481892e-03 8.543225e-04 2.450586e-04
2.614624e+00 6.008947e+00 9.989473e-01 1.001190e+00 -5.920437e-04 9.985517e-01 8.463273e-01 3 0 -2.610411e-03 -9.976195e-05 7.016224e-05 -1.554373e-03 1.699242e-04
2.600000e+00 6.356403e+00 9.978760e-01 1.001187e+00 -1.060534e-03 9.970082e-01 8.465261e-01 3 0 -1.564999e-03 3.396511e-04 -6.955057e-05 -6.968728e-04 -4.092017e-04
2.345346e+00 4.385376e+00 9.996570e-01 1.001601e+00 -1.651180e-04 9.990056e-01 8.467829e-01 3 0 -3.000994e-03 -4.297137e-03 -2.322313e-03 -2.215637e-03 1.974823e-03
2.238178e+00 4.738368e+00 9.979379e-01 1.000495e+00 -7.420717e-04 9.972201e-01 8.458774e-01 3 0 -3.642697e-03 -2.475393e-03 -3.386800e-04 -1.579392e-03 2.136713e-03
2.062503e+00 5.399518e+00 9.977027e-01 1.001600e+00 -1.204952e-03 9.967221e-01 8.469238e-01 3 0 -2.478422e-03 2.981306e-03 1.342723e-03 4.694136e-04 -1.638582e-03
1.959970e+00 6.054456e+00 9.974855e-01 1.002765e+00 -7.328951e-04 9.965358e-01 8.478949e-01 3 0 -6.082727e-04 -1.778693e-03 -5.127818e-04 8.503220e-04 1.265911e-03
1.945346e+00 6.399632e+00 9.973351e-01 1.001228e+00 -5.347225e-04 9.961587e-01 8.466915e-01 3 0 2.288620e-03 -4.434974e-03 -2.258236e-03 1.617655e-04 2.176738e-03
2.000000e+00 4.400000e+00 9.993791e-01 1.002496e+00 6.645105e-04 9.989834e-01 8.474316e-01 3 0 -2.917151e-03 3.049275e-03 -3.201194e-03 -5.958566e-03 -6.250468e-03
1.892832e+00 4.743930e+00 9.973373e-01 1.002757e+00 -6.156314e-04 9.962251e-01 8.479571e-01 3 0 -1.139118e-02 -3.552588e-03 -1.013579e-03 -3.213865e-03 2.539010e-03
1.717157e+00 5.390171e+00 9.962561e-01 1.002820e+00 -1.401008e-03 9.947849e-01 8.481646e-01 3 0 -6.066186e-03 -1.114536e-03 -1.103922e-03 2.658287e-04 1.061373e-05
1.614624e+00 6.036471e+00 9.975818e-01 1.001961e+00 -1.758478e-04 9.965916e-01 8.472318e-01 3 0 7.783422e-03 -3.419357e-03 -3.107872e-03 2.540498e-03 3.114848e-04
1.600000e+00 6.380423e+00 9.976130e-01 9.998114e-01 7.458760e-04 9.966888e-01 8.453868e-01 3 0 8.653380e-03 -6.814386e-03 -4.920475e-03 2.206286e-03 1.893912e-03
VARIABLES = "X", "Y", "ro", "u", "v", "pre", "Ma", "PART", "IMEX", "Ux", "Uy", "Vx", "Vy", "Vort" 
ZONE I=5, J=5, DATAPACKING=POINT
3.600000e+00 6.123607e+00 9.981738e-01 9.998344e-01 -1.183735e-03 9.974107e-01 8.453381e-01 3 0 2.874853e-04 3.307527e-03 -1.139357e-03 1.847080e-03 -4.446885e-03
3.614624e+00 6.464575e+00 9.982356e-01 1.000758e+00 -3.163800e-04 9.975396e-01 8.460900e-01 3 0 4.271926e-03 1.631692e-03 -7.141890e-04 3.226210e-03 -2.345881e-03
3.717157e+00 7.088129e+00 1.000385e+00 1.000813e+00 1.068189e-03 1.000532e+00 8.457796e-01 3 0 5.875510e-05 -1.670260e-03 -1.482008e-03 8.036724e-04 1.882521e-04
3.892832e+00 7.688282e+00 1.001305e+00 9.998854e-01 5.116731e-04 1.001830e+00 8.448363e-01 3 0 -4.648385e-04 3.146670e-04 4.207774e-04 -1.106804e-03 1.061104e-04
4.000000e+00 8.000000e+00 1.000235e+00 1.000729e+00 8.010305e-04 1.000334e+00 8.457292e-01 3 0 4.349464e-03 3.723072e-03 5.819362e-03 1.999606e-03 2.096290e-03
3.254654e+00 6.221011e+00 9.982662e-01 9.999751e-01 -1.052643e-03 9.975497e-01 8.454371e-01 3 0 -1.420324e-03 -1.169297e-03 -1.482059e-04 1.094024e-04 1.021091e-03
3.269278e+00 6.562513e+00 9.984122e-01 1.000091e+00 -3.946636e-04 9.977774e-01 8.455002e-01 3 0 -1.450546e-04 1.436807e-03 1.668621e-03 2.982560e-03 2.318138e-04
3.371811e+00 7.189442e+00 9.998678e-01 1.001012e+00 1.181555e-03 9.998167e-01 8.460317e-01 3 0 -1.391299e-03 9.971295e-04 9.247195e-04 3.710434e-04 -7.241000e-05
3.547486e+00 7.793842e+00 1.001187e+00 1.000706e+00 2.131817e-04 1.001665e+00 8.455488e-01 3 0 -2.615992e-03 -3.500353e-04 -4.406981e-04 -2.353882e-03 -9.066283e-05
3.654654e+00 8.107168e+00 1.001231e+00 1.000448e+00 -3.861737e-05 1.001722e+00 8.453261e-01 3 0 -1.459633e-04 -2.004915e-04 1.455938e-03 2.991275e-03 1.656430e-03
2.600000e+00 6.356403e+00 9.979079e-01 1.001245e+00 -1.047844e-03 9.970723e-01 8.465615e-01 3 0 -2.118449e-03 8.510539e-04 -3.025793e-04 -1.979180e-03 -1.153633e-03
2.614624e+00 6.699639e+00 9.974524e-01 1.001453e+00 -9.970590e-04 9.964292e-01 8.468170e-01 3 0 -1.941683e-03 8.670746e-04 7.638668e-04 1.714746e-03 -1.032078e-04
2.717157e+00 7.338209e+00 9.991808e-01 1.001947e+00 5.472495e-04 9.988540e-01 8.469387e-01 3 0 -1.592334e-04 6.158316e-04 6.619523e-04 1.771986e-03 4.612069e-05
2.892832e+00 7.960274e+00 1.001032e+00 1.001696e+00 9.134453e-04 1.001445e+00 8.464130e-01 3 0 -6.088280e-04 -1.615303e-03 -2.007923e-03 2.512281e-04 -3.926205e-04
3.000000e+00 8.282843e+00 1.001542e+00 1.000795e+00 8.866206e-04 1.002152e+00 8.455694e-01 3 0 -1.253934e-03 -2.974124e-03 -2.111846e-03 1.665855e-03 8.622785e-04
1.945346e+00 6.399632e+00 9.974314e-01 1.001779e+00 -5.192947e-04 9.963701e-01 8.471085e-01 3 0 1.882600e-03 3.057740e-03 -2.169215e-03 -3.566444e-03 -5.226955e-03
1.959970e+00 6.745148e+00 9.976584e-01 1.001497e+00 -8.890840e-04 9.967440e-01 8.468082e-01 3 0 2.369565e-03 -1.450915e-03 -8.225168e-04 1.004229e-03 6.283982e-04
2.062503e+00 7.399518e+00 9.999190e-01 1.001287e+00 6.568344e-04 9.998697e-01 8.462628e-01 3 0 1.385870e-03 4.530710e-04 1.983258e-04 2.643888e-03 -2.547452e-04
2.238178e+00 8.047676e+00 1.001065e+00 1.001799e+00 1.869675e-03 1.001502e+00 8.464916e-01 3 0 -1.316263e-03 4.999377e-04 3.478711e-04 8.585035e-04 -1.520666e-04
2.345346e+00 8.385376e+00 1.000934e+00 1.001588e+00 2.105231e-03 1.001301e+00 8.463434e-01 3 0 -2.935167e-03 -5.752641e-05 -3.155182e-04 3.635734e-04 -2.579918e-04
1.600000e+00 6.380423e+00 9.979771e-01 1.000146e+00 7.354869e-04 9.971840e-01 8.456142e-01 3 0 9.448184e-03 2.406600e-03 -3.943359e-03 -6.690118e-03 -6.349959e-03
1.614624e+00 6.727163e+00 9.979686e-01 1.000236e+00 -4.981227e-04 9.971529e-01 8.456997e-01 3 0 6.248037e-03 -2.497447e-04 -1.302471e-03 -9.932218e-04 -1.052726e-03
1.717157e+00 7.390171e+00 9.992972e-01 1.001211e+00 1.214904e-04 9.990266e-01 8.462922e-01 3 0 -1.857300e-03 3.083761e-03 3.411966e-03 9.952715e-04 3.282046e-04
1.892832e+00 8.053238e+00 1.000165e+00 1.003029e+00 1.068259e-03 1.000219e+00 8.476920e-01 3 0 -7.722719e-03 4.269187e-03 4.731777e-03 -1.753784e-04 4.625897e-04
2.000000e+00 8.400000e+00 9.999522e-01 1.003343e+00 1.659942e-03 9.999921e-01 8.479642e-01 3 0 -9.477594e-03 2.920310e-03 3.405008e-03 1.743545e-03 4.846985e-04
VARIABLES = "X", "Y", "ro", "u", "v", "pre", "Ma", "PART", "IMEX", "Ux", "Uy", "Vx", "Vy", "Vort" 
ZONE I=5, J=5, DATAPACKING=POINT
6.000000e+00 -4.000000e-01 9.972272e-01 1.001565e+00 7.165406e-04 9.956705e-01 8.471388e-01 3 0 -5.904753e-04 1.918974e-03 -1.827145e-02 1.017294e-02 -2.019042e-02
6.107168e+00 -5.323793e-02 9.980913e-01 1.002202e+00 1.751568e-03 9.966608e-01 8.476243e-01 3 0 -1.304745e-03 2.907799e-03 -1.383560e-02 4.931082e-03 -1.674340e-02
6.282843e+00 6.098291e-01 9.972009e-01 1.003692e+00 6.770310e-04 9.955203e-01 8.489907e-01 3 0 3.247832e-03 2.502609e-04 -8.368173e-03 -1.025637e-03 -8.618434e-03
6.385376e+00 1.272837e+00 9.968760e-01 1.002990e+00 -7.331744e-04 9.955211e-01 8.482578e-01 3 0 3.195504e-03 -2.789256e-03 -3.175731e-03 -7.783484e-04 -3.864743e-04
6.400000e+00 1.619577e+00 9.974244e-01 1.002291e+00 -1.034111e-03 9.963583e-01 8.475441e-01 3 0 1.328855e-03 2.618264e-04 -6.370965e-04 -2.725631e-03 -8.989229e-04
5.654654e+00 -3.853764e-01 9.966086e-01 9.994366e-01 2.869224e-03 9.964821e-01 8.447352e-01 3 0 9.440567e-03 -2.202944e-03 3.219927e-03 -1.514110e-03 5.422871e-03
5.761822e+00 -4.767576e-02 9.974571e-01 1.000015e+00 2.516947e-03 9.970779e-01 8.453307e-01 3 0 9.349784e-03 -4.878318e-04 5.281063e-03 -2.806205e-03 5.768895e-03
5.937497e+00 6.004819e-01 9.977152e-01 1.001505e+00 1.646840e-03 9.968036e-01 8.468144e-01 3 0 6.955902e-03 1.640365e-04 2.539527e-04 -1.596378e-03 8.991623e-05
6.040030e+00 1.254852e+00 9.974826e-01 1.001987e+00 3.685643e-04 9.963077e-01 8.473327e-01 3 0 4.239517e-03 -5.942069e-04 -2.693794e-03 -2.163888e-03 -2.099587e-03
6.054654e+00 1.600368e+00 9.980340e-01 1.001741e+00 -4.958969e-04 9.970442e-01 8.470455e-01 3 0 3.553828e-03 -1.998130e-03 -1.123367e-03 -2.016282e-03 8.747634e-04
5.000000e+00 -2.828427e-01 9.994690e-01 9.951304e-01 -4.021772e-03 9.984137e-01 8.414899e-01 3 0 1.059082e-04 2.019443e-03 8.448683e-03 -3.802235e-03 6.429241e-03
5.107168e+00 3.972592e-02 9.993677e-01 9.962678e-01 -3.377685e-03 9.991483e-01 8.420973e-01 3 0 -3.275072e-04 4.168738e-03 6.416723e-03 1.921444e-03 2.247985e-03
5.282843e+00 6.617912e-01 9.988061e-01 9.985567e-01 -4.787003e-04 9.989282e-01 8.438829e-01 3 0 1.710072e-03 2.307292e-03 4.930456e-03 2.698623e-03 2.623164e-03
5.385376e+00 1.300361e+00 9.988488e-01 9.993734e-01 4.698140e-04 9.986647e-01 8.447026e-01 3 0 2.185549e-03 -2.437105e-04 2.389506e-03 -1.133212e-03 2.633217e-03
5.400000e+00 1.643597e+00 9.993002e-01 9.991744e-01 -1.805468e-04 9.992337e-01 8.444846e-01 3 0 2.208852e-03 -8.544879e-04 -4.379380e-04 -2.546690e-03 4.165499e-04
4.345346e+00 -1.071682e-01 1.001165e+00 9.999373e-01 1.077134e-03 1.001411e+00 8.449979e-01 3 0 -8.404791e-03 5.037268e-03 -2.708280e-02 1.179658e-02 -3.212007e-02
4.452514e+00 2.061584e-01 1.002949e+00 9.994227e-01 7.413040e-04 1.002587e+00 8.448188e-01 3 0 -1.850239e-03 -2.365736e-03 -1.983527e-02 2.586684e-03 -1.746954e-02
4.628189e+00 8.105584e-01 1.003265e+00 9.984467e-01 -2.056932e-03 1.003214e+00 8.438649e-01 3 0 1.526528e-03 4.982672e-04 -1.980204e-03 -2.417724e-03 -2.478471e-03
4.730722e+00 1.437487e+00 1.000727e+00 9.999125e-01 -1.530282e-03 1.000937e+00 8.449927e-01 3 0 -2.600476e-03 2.141976e-03 2.184170e-03 3.814600e-03 4.219385e-05
4.745346e+00 1.778989e+00 1.000052e+00 9.997357e-01 -7.212984e-05 1.000163e+00 8.448842e-01 3 0 -4.036389e-03 -4.213364e-03 5.361380e-04 3.101496e-03 4.749502e-03
4.000000e+00 2.143592e-08 9.963218e-01 1.001471e+00 1.657345e-02 1.000485e+00 8.447502e-01 3 0 1.829412e-03 -2.662882e-02 -4.613211e-02 8.031568e-04 -1.950329e-02
4.107168e+00 3.117179e-01 9.998707e-01 9.956405e-01 1.024337e-02 1.001425e+00 8.408612e-01 3 0 3.030826e-02 -1.907049e-02 -2.989337e-02 -1.305768e-02 -1.082288e-02
4.282843e+00 9.118714e-01 1.003308e+00 9.968981e-01 -4.338099e-04 1.003684e+00 8.423752e-01 3 0 9.473403e-03 5.917414e-03 -9.269786e-03 -6.730532e-03 -1.518720e-02
4.385376e+00 1.535425e+00 1.001895e+00 1.000832e+00 -6.516105e-04 1.002095e+00 8.457736e-01 3 0 2.306955e-04 1.745173e-03 -6.086276e-03 4.851543e-03 -7.831450e-03
4.400000e+00 1.876393e+00 1.001077e+00 1.000212e+00 -6.758915e-05 1.001074e+00 8.453342e-01 3 0 2.509867e-03 -6.334064e-03 4.678223e-05 -2.905180e-03 6.380846e-03
VARIABLES = "X", "Y", "ro", "u", "v", "pre", "Ma", "PART", "IMEX", "Ux", "Uy", "Vx", "Vy", "Vort" 
ZONE I=5, J=5, DATAPACKING=POINT
6.400000e+00 1.619577e+00 9.972074e-01 1.002488e+00 -1.353185e-03 9.960635e-01 8.477439e-01 3 0 4.828664e-03 -9.393061e-03 -3.256873e-03 1.949346e-03 6.136188e-03
6.385376e+00 1.963529e+00 9.986068e-01 1.000675e+00 -1.020547e-03 9.981236e-01 8.459297e-01 3 0 -4.951800e-03 -1.556843e-03 3.632217e-03 -5.655071e-04 5.189060e-03
6.282843e+00 2.609829e+00 9.959934e-01 1.001846e+00 -1.696764e-03 9.943729e-01 8.474053e-01 3 0 3.777619e-03 2.819324e-03 -2.614521e-03 -2.190120e-04 -5.433844e-03
6.107168e+00 3.256070e+00 9.952781e-01 1.000620e+00 2.183735e-04 9.933758e-01 8.464880e-01 3 0 2.002753e-02 -6.483649e-04 -4.623163e-03 3.526455e-03 -3.974798e-03
6.000000e+00 3.600000e+00 9.981312e-01 9.973857e-01 1.808839e-03 9.974254e-01 8.432443e-01 3 0 7.072054e-03 -9.504637e-03 5.586831e-04 4.315882e-03 1.006332e-02
6.054654e+00 1.600368e+00 9.979811e-01 1.001577e+00 -3.986141e-04 9.969701e-01 8.469163e-01 3 0 3.717532e-03 -1.244337e-03 -1.685056e-03 -3.056435e-04 -4.407189e-04
6.040030e+00 1.945544e+00 9.979942e-01 1.001429e+00 -9.452880e-04 9.971192e-01 8.467337e-01 3 0 1.391229e-03 -7.766705e-04 -1.476390e-03 -1.963427e-03 -6.997193e-04
5.937497e+00 2.600482e+00 9.977325e-01 9.996239e-01 -1.234981e-03 9.968609e-01 8.452062e-01 3 0 5.661925e-03 -3.122791e-03 -2.641209e-03 9.363444e-04 4.815826e-04
5.761822e+00 3.261632e+00 9.982280e-01 9.970673e-01 8.055739e-04 9.974928e-01 8.429864e-01 3 0 3.045063e-03 -8.304630e-04 -2.879860e-04 3.697730e-03 5.424770e-04
5.654654e+00 3.614624e+00 9.978162e-01 9.973660e-01 1.908841e-03 9.969296e-01 8.433044e-01 3 0 -2.534294e-03 2.476219e-03 2.340153e-03 2.741614e-03 -1.360665e-04
5.400000e+00 1.643597e+00 9.990597e-01 9.992038e-01 -1.650939e-04 9.989299e-01 8.445362e-01 3 0 2.399420e-03 2.362832e-03 6.822917e-04 2.384720e-03 -1.680540e-03
5.385376e+00 1.991053e+00 9.996251e-01 9.991700e-01 4.063069e-04 9.994413e-01 8.445305e-01 3 0 2.771422e-03 -1.486643e-03 -1.799027e-03 9.067499e-04 -3.123839e-04
5.282843e+00 2.661791e+00 9.992229e-01 9.978146e-01 6.811306e-04 9.988799e-01 8.434523e-01 3 0 -6.023916e-04 -1.253500e-03 -2.068397e-03 -4.235206e-04 -8.148974e-04
5.107168e+00 3.349034e+00 9.974349e-01 9.983476e-01 4.179832e-04 9.964594e-01 8.441707e-01 3 0 -2.829637e-03 1.699574e-03 1.185702e-03 -8.567045e-04 -5.138717e-04
5.000000e+00 3.717157e+00 9.971251e-01 9.994326e-01 -4.325627e-04 9.959380e-01 8.451781e-01 3 0 -1.258925e-03 2.841487e-03 2.557042e-03 -4.063523e-03 -2.844451e-04
4.745346e+00 1.778989e+00 9.999422e-01 9.996722e-01 -1.903284e-04 9.999975e-01 8.448539e-01 3 0 -3.376411e-03 -3.419409e-03 9.708420e-04 5.583824e-03 4.390251e-03
4.730722e+00 2.128179e+00 9.998282e-01 9.991932e-01 1.138536e-03 9.999899e-01 8.444047e-01 3 0 -2.775790e-03 -4.217867e-04 4.477363e-04 1.834834e-03 8.695229e-04
4.628189e+00 2.810558e+00 9.979714e-01 9.993364e-01 8.380678e-04 9.970975e-01 8.449637e-01 3 0 -3.170344e-03 -6.147132e-04 2.821008e-04 -1.775590e-03 8.968140e-04
4.452514e+00 3.515466e+00 9.971814e-01 9.993578e-01 -7.854760e-04 9.960585e-01 8.450877e-01 3 0 -9.012765e-04 3.493256e-04 1.464802e-03 -2.258442e-03 1.115476e-03
4.345346e+00 3.892832e+00 9.978867e-01 9.999610e-01 -1.939529e-03 9.971289e-01 8.454440e-01 3 0 -6.482297e-04 2.343295e-03 1.027860e-03 -3.156683e-03 -1.315435e-03
4.400000e+00 1.876393e+00 1.000921e+00 1.000018e+00 7.433027e-06 1.000757e+00 8.452386e-01 3 0 3.713366e-03 -1.281060e-03 1.142657e-03 3.190094e-03 2.423717e-03
4.385376e+00 2.226117e+00 9.998638e-01 1.000014e+00 8.327147e-04 9.998062e-01 8.451909e-01 3 0 2.176626e-04 1.424917e-04 2.228606e-03 1.968455e-03 2.086114e-03
4.282843e+00 2.911871e+00 9.980596e-01 1.000052e+00 9.269772e-04 9.973311e-01 8.455072e-01 3 0 7.123548e-04 1.972339e-04 -2.228377e-03 -2.165832e-03 -2.425611e-03
4.107168e+00 3.621026e+00 9.968774e-01 1.000471e+00 -1.454101e-03 9.955956e-01 8.460973e-01 3 0 -8.142523e-03 -8.167934e-04 -3.016975e-04 -4.639661e-03 5.150959e-04
4.000000e+00 4.000000e+00 9.968652e-01 1.001258e+00 -3.160013e-03 9.956928e-01 8.467200e-01 3 0 -8.138185e-03 5.548866e-04 3.569943e-03 -2.793270e-03 3.015057e-03
VARIABLES = "X", "Y", "ro", "u", "v", "pre", "Ma", "PART", "IMEX", "Ux", "Uy", "Vx", "Vy", "Vort" 
ZONE I=5, J=5, DATAPACKING=POINT
6.000000e+00 3.600000e+00 9.980257e-01 9.973901e-01 1.927584e-03 9.972953e-01 8.432586e-01 3 0 8.089403e-03 -5.289724e-03 6.341691e-04 9.120493e-03 5.923893e-03
5.892832e+00 3.946762e+00 9.990875e-01 9.971608e-01 2.802399e-03 9.987297e-01 8.429090e-01 3 0 -1.045467e-02 1.209255e-03 5.888868e-03 -3.880575e-04 4.679614e-03
5.717157e+00 4.609829e+00 9.980472e-01 1.000844e+00 -9.442815e-04 9.972527e-01 8.462050e-01 3 0 -3.662364e-03 2.672427e-03 -2.834566e-03 -6.600737e-03 -5.506993e-03
5.614624e+00 5.272837e+00 1.000220e+00 1.000758e+00 -1.925703e-03 1.000319e+00 8.457550e-01 3 0 1.069224e-02 -1.257939e-03 -1.683106e-03 4.352923e-03 -4.251674e-04
5.600000e+00 5.619577e+00 1.000188e+00 1.000543e+00 8.735247e-04 1.000259e+00 8.455841e-01 3 0 2.872636e-03 1.132217e-03 5.460695e-03 9.473619e-03 4.328479e-03
5.654654e+00 3.614624e+00 9.978526e-01 9.972282e-01 1.911841e-03 9.969799e-01 8.431820e-01 3 0 -2.509430e-03 4.357214e-03 2.735805e-03 1.458214e-03 -1.621409e-03
5.547486e+00 3.970344e+00 9.969981e-01 9.992421e-01 1.400433e-03 9.958146e-01 8.450162e-01 3 0 -2.494258e-03 4.202552e-03 3.402102e-03 -2.050040e-03 -8.004501e-04
5.371811e+00 4.647705e+00 9.977096e-01 1.000683e+00 -1.151858e-03 9.967852e-01 8.461245e-01 3 0 5.585811e-04 -4.737325e-04 2.756564e-04 -3.066835e-03 7.493889e-04
5.269278e+00 5.318740e+00 9.993403e-01 9.999371e-01 -1.588408e-03 9.990803e-01 8.452121e-01 3 0 -1.834288e-03 1.068875e-04 2.227351e-04 2.143670e-03 1.158476e-04
5.254654e+00 5.666602e+00 9.986423e-01 1.000915e+00 -4.590771e-04 9.981114e-01 8.461526e-01 3 0 -9.571683e-04 5.096404e-03 4.574272e-03 2.652207e-03 -5.221321e-04
5.000000e+00 3.717157e+00 9.968978e-01 9.994525e-01 -6.493533e-04 9.955992e-01 8.452424e-01 3 0 -1.490225e-03 2.110494e-03 3.865123e-03 2.099360e-03 1.754629e-03
4.892832e+00 4.087283e+00 9.980032e-01 1.000204e+00 -5.042294e-04 9.971933e-01 8.456701e-01 3 0 -1.278510e-03 1.355189e-03 2.278429e-03 -1.841560e-04 9.232401e-04
4.717157e+00 4.786424e+00 9.971199e-01 1.001187e+00 -1.501395e-03 9.959828e-01 8.466416e-01 3 0 -1.903918e-03 7.274461e-04 -6.411410e-05 -1.150413e-03 -7.915602e-04
4.614624e+00 5.468976e+00 9.951804e-01 1.001621e+00 -1.638146e-03 9.932451e-01 8.473498e-01 3 0 -5.931985e-04 -1.248716e-04 -2.217199e-04 2.412549e-04 -9.684833e-05
4.600000e+00 5.818404e+00 9.964087e-01 1.001397e+00 -1.847400e-03 9.949830e-01 8.469425e-01 3 0 7.924892e-04 -1.050749e-03 -1.213285e-03 -2.477115e-03 -1.625362e-04
4.345346e+00 3.892832e+00 9.977285e-01 9.998829e-01 -1.901044e-03 9.969223e-01 8.453985e-01 3 0 5.937304e-04 6.072878e-03 1.407077e-03 -4.412936e-04 -4.665801e-03
4.238178e+00 4.270956e+00 9.979732e-01 1.001702e+00 -1.897592e-03 9.971284e-01 8.469524e-01 3 0 -1.167704e-03 2.943590e-03 2.677035e-03 1.470256e-03 -2.665555e-04
4.062503e+00 4.980372e+00 9.969011e-01 1.002017e+00 -1.229534e-03 9.956793e-01 8.473790e-01 3 0 6.706281e-04 -1.843544e-03 -1.465569e-03 3.837809e-04 3.779751e-04
3.959970e+00 5.667228e+00 9.972937e-01 1.000156e+00 -1.016433e-03 9.962030e-01 8.457493e-01 3 0 2.728292e-03 -1.935536e-03 -1.269738e-03 2.115920e-04 6.657985e-04
3.945346e+00 6.017165e+00 9.981902e-01 9.999441e-01 -6.893510e-04 9.974565e-01 8.454180e-01 3 0 2.656476e-03 1.483161e-03 -2.769164e-04 1.784606e-03 -1.760078e-03
4.000000e+00 4.000000e+00 9.967553e-01 1.001282e+00 -3.102198e-03 9.955225e-01 8.467653e-01 3 0 -8.556282e-03 1.888138e-03 4.686220e-03 -9.396458e-04 2.798082e-03
3.892832e+00 4.378974e+00 9.970981e-01 1.001927e+00 -2.787779e-03 9.959341e-01 8.472805e-01 3 0 5.006404e-04 -1.489456e-04 3.269981e-03 4.165310e-03 3.418927e-03
3.717157e+00 5.088129e+00 9.986160e-01 1.000637e+00 -1.856095e-04 9.980491e-01 8.459327e-01 3 0 7.727755e-03 -6.745538e-04 -3.584501e-03 1.418332e-03 -2.909947e-03
3.614624e+00 5.773883e+00 9.985930e-01 9.996392e-01 -6.554225e-04 9.980394e-01 8.450837e-01 3 0 -2.213549e-03 -6.188494e-04 -1.374024e-03 -2.984538e-03 -7.551750e-04
3.600000e+00 6.123607e+00 9.983395e-01 9.996271e-01 -1.499985e-03 9.976541e-01 8.451302e-01 3 0 -1.666356e-03 2.173057e-04 5.511123e-03 -5.230495e-04 5.293818e-03
VARIABLES = "X", "Y", "ro", "u", "v", "pre", "Ma", "PART", "IMEX", "Ux", "Uy", "Vx", "Vy", "Vort" 
ZONE I=5, J=5, DATAPACKING=POINT
5.600000e+00 5.619577e+00 1.000397e+00 1.000317e+00 4.635053e-04 1.000550e+00 8.453578e-01 3 0 3.373302e-03 1.502734e-04 4.763021e-03 4.009787e-03 4.612748e-03
5.614624e+00 5.963529e+00 1.000711e+00 1.000451e+00 1.574937e-03 1.000994e+00 8.454171e-01 3 0 -9.771520e-03 6.069615e-04 4.402005e-03 1.398233e-05 3.795044e-03
5.717157e+00 6.609829e+00 9.990431e-01 1.000714e+00 -4.964296e-04 9.986680e-01 8.459164e-01 3 0 -1.273108e-02 4.935354e-03 2.982850e-03 -5.545038e-03 -1.952504e-03
5.892832e+00 7.256070e+00 9.965528e-01 1.003279e+00 -2.177659e-03 9.951757e-01 8.485139e-01 3 0 3.898457e-03 3.346106e-03 3.087798e-03 -5.303445e-05 -2.583081e-04
6.000000e+00 7.600000e+00 9.963563e-01 1.004132e+00 -1.267322e-03 9.948901e-01 8.492724e-01 3 0 6.438677e-04 -3.332201e-03 -2.203948e-03 1.960964e-03 1.128253e-03
5.254654e+00 5.666602e+00 9.986285e-01 1.000716e+00 -7.322090e-04 9.980904e-01 8.459875e-01 3 0 -1.316632e-03 4.993175e-03 4.301326e-03 3.475723e-03 -6.918496e-04
5.269278e+00 6.009432e+00 9.982757e-01 1.002537e+00 3.213366e-04 9.975847e-01 8.475917e-01 3 0 -9.805597e-04 4.168573e-03 3.596942e-03 8.176904e-04 -5.716316e-04
5.371811e+00 6.647705e+00 9.976083e-01 1.003015e+00 -8.931585e-04 9.966522e-01 8.481091e-01 3 0 -1.487960e-03 -1.853717e-03 -1.628302e-03 -3.315922e-03 2.254151e-04
5.547486e+00 7.279652e+00 9.987976e-01 1.001460e+00 -2.023594e-03 9.983158e-01 8.465943e-01 3 0 4.357840e-03 -2.276230e-03 -2.568298e-03 2.896900e-03 -2.920681e-04
5.654654e+00 7.614624e+00 9.988378e-01 1.001892e+00 -1.907959e-04 9.983754e-01 8.469496e-01 3 0 7.195371e-03 -6.628174e-05 -8.031440e-04 8.281434e-03 -7.368622e-04
4.600000e+00 5.818404e+00 9.961838e-01 1.001442e+00 -1.914397e-03 9.946737e-01 8.470171e-01 3 0 6.108008e-04 -1.037599e-03 3.411895e-04 3.702802e-03 1.378789e-03
4.614624e+00 6.159668e+00 9.987810e-01 1.001291e+00 -7.226986e-04 9.982981e-01 8.464503e-01 3 0 3.076859e-03 -1.342617e-04 2.572571e-04 2.977763e-03 3.915187e-04
4.717157e+00 6.786424e+00 1.001005e+00 1.001273e+00 5.769145e-04 1.001405e+00 8.460617e-01 3 0 3.073455e-03 -1.564214e-03 -1.537549e-03 1.362660e-03 2.666509e-05
4.892832e+00 7.396591e+00 1.001192e+00 9.999893e-01 3.859675e-04 1.001671e+00 8.449432e-01 3 0 -8.056662e-04 -2.773897e-03 -2.898546e-03 -6.503535e-04 -1.246485e-04
5.000000e+00 7.717157e+00 1.001971e+00 9.990959e-01 -2.636493e-04 1.002759e+00 8.440582e-01 3 0 -7.633478e-05 -1.548494e-03 2.418256e-04 -1.077000e-03 1.790320e-03
3.945346e+00 6.017165e+00 9.981184e-01 9.999444e-01 -7.103753e-04 9.973623e-01 8.454277e-01 3 0 2.901152e-03 1.728892e-03 -8.439709e-05 2.836791e-03 -1.813290e-03
3.959970e+00 6.357920e+00 9.996422e-01 1.000247e+00 1.853086e-04 9.995059e-01 8.454210e-01 3 0 -1.093026e-04 3.472121e-04 1.795205e-04 2.184259e-03 -1.676915e-04
4.062503e+00 6.980372e+00 1.001693e+00 1.000398e+00 9.400186e-04 1.002370e+00 8.452058e-01 3 0 -6.014307e-04 5.422491e-04 2.975300e-04 2.163311e-04 -2.447191e-04
4.238178e+00 7.580264e+00 1.000224e+00 1.000648e+00 7.329717e-04 1.000313e+00 8.456644e-01 3 0 -3.113307e-04 2.884733e-04 8.187999e-04 -1.209412e-03 5.303266e-04
4.345346e+00 7.892832e+00 9.999719e-01 1.000605e+00 2.960724e-04 9.999592e-01 8.456708e-01 3 0 -2.420873e-03 1.361711e-03 -2.751871e-03 -1.993966e-03 -4.113582e-03
3.600000e+00 6.123607e+00 9.982396e-01 9.996252e-01 -1.404597e-03 9.975019e-01 8.451507e-01 3 0 -1.331353e-03 2.848421e-03 5.526110e-03 1.419280e-03 2.677689e-03
3.614624e+00 6.464575e+00 9.982745e-01 1.000497e+00 -4.968070e-04 9.975940e-01 8.458628e-01 3 0 -1.494246e-03 2.110842e-03 5.439757e-03 3.186929e-03 3.328915e-03
3.717157e+00 7.088129e+00 1.000389e+00 1.000710e+00 1.122212e-03 1.000536e+00 8.456930e-01 3 0 -1.144789e-03 -8.511573e-04 -1.450898e-03 7.641552e-04 -5.997404e-04
3.892832e+00 7.688282e+00 1.001156e+00 1.000141e+00 4.039253e-04 1.001619e+00 8.450776e-01 3 0 4.912953e-03 -1.099426e-03 -7.305116e-04 -7.660946e-04 3.689144e-04
4.000000e+00 8.000000e+00 1.000016e+00 1.000956e+00 9.065059e-04 1.000031e+00 8.459560e-01 3 0 3.669823e-03 2.991936e-03 1.562631e-03 5.142148e-03 -1.429305e-03
VARIABLES = "X", "Y", "ro", "u", "v", "pre", "Ma", "PART", "IMEX", "Ux", "Uy", "Vx", "Vy", "Vort" 
ZONE I=5, J=5, DATAPACKING=POINT
8.000000e+00 -4.287183e-08 9.973655e-01 1.004660e+00 3.020675e-03 9.960105e-01 8.496742e-01 3 0 2.636084e-03 3.238777e-03 5.137890e-03 -2.412646e-03 1.899113e-03
8.107168e+00 3.789741e-01 9.965047e-01 1.005392e+00 2.020306e-03 9.951296e-01 8.502998e-01 3 0 -5.979585e-04 4.600151e-04 -4.839426e-03 -1.546292e-03 -5.299441e-03
8.282843e+00 1.088129e+00 9.971003e-01 1.005969e+00 5.444396e-04 9.960742e-01 8.506371e-01 3 0 -5.621506e-03 3.838740e-03 -1.051724e-02 1.002977e-03 -1.435598e-02
8.385376e+00 1.773883e+00 9.945958e-01 1.008392e+00 -3.741195e-04 9.922956e-01 8.532339e-01 3 0 8.740898e-03 9.907831e-04 -6.019795e-03 -1.784904e-03 -7.010578e-03
8.400000e+00 2.123607e+00 9.942703e-01 1.007311e+00 -1.519104e-03 9.920046e-01 8.523055e-01 3 0 1.249250e-02 -1.105678e-02 -1.318802e-02 -2.916096e-03 -2.131247e-03
7.654654e+00 -1.071683e-01 9.984479e-01 1.002775e+00 2.436499e-03 9.979182e-01 8.477267e-01 3 0 7.689950e-03 -3.009588e-03 4.875489e-04 -8.100048e-04 3.497137e-03
7.761822e+00 2.709558e-01 9.985109e-01 1.002880e+00 2.330385e-03 9.979387e-01 8.478339e-01 3 0 9.311914e-03 -1.430402e-03 1.501927e-03 -1.204956e-03 2.932329e-03
7.937497e+00 9.803719e-01 9.994095e-01 1.003819e+00 1.217749e-03 9.991263e-01 8.485031e-01 3 0 1.077645e-02 -1.481672e-03 8.268629e-04 -1.893482e-03 2.308535e-03
8.040030e+00 1.667228e+00 9.999925e-01 1.003396e+00 8.729756e-04 9.999620e-01 8.480379e-01 3 0 1.385737e-02 -3.200231e-03 -3.035463e-03 1.188045e-03 1.647677e-04
8.054654e+00 2.017165e+00 9.997203e-01 1.002483e+00 1.256444e-03 9.996111e-01 8.473000e-01 3 0 1.139743e-02 -3.030548e-03 -4.329345e-03 -2.132559e-03 -1.298797e-03
7.000000e+00 -2.828427e-01 9.990089e-01 9.992986e-01 2.074847e-03 9.990635e-01 8.445402e-01 3 0 2.441048e-03 -7.053536e-04 2.361902e-03 -1.944001e-03 3.067255e-03
7.107168e+00 8.728327e-02 9.990551e-01 9.993098e-01 1.556613e-03 9.990240e-01 8.445851e-01 3 0 6.564115e-04 -5.295770e-04 4.591864e-04 -1.227124e-03 9.887634e-04
7.282843e+00 7.864238e-01 1.000989e+00 9.989762e-01 1.190461e-03 1.001436e+00 8.441010e-01 3 0 1.228610e-03 -4.791578e-04 -8.903971e-04 9.090534e-05 -4.112393e-04
7.385376e+00 1.468976e+00 1.002145e+00 9.994880e-01 1.192512e-03 1.003082e+00 8.443276e-01 3 0 -1.831025e-03 2.196503e-03 1.793432e-03 -5.906243e-05 -4.030712e-04
7.400000e+00 1.818404e+00 1.001088e+00 1.000508e+00 1.314379e-03 1.001483e+00 8.454173e-01 3 0 -4.282636e-03 4.148356e-03 3.542266e-03 1.448337e-03 -6.060900e-04
6.345346e+00 -3.853764e-01 9.984782e-01 1.000113e+00 2.441950e-04 9.971110e-01 8.458294e-01 3 0 -4.072369e-03 3.471252e-03 1.425874e-03 6.373585e-03 -2.045378e-03
6.452514e+00 -2.965643e-02 9.989279e-01 1.001050e+00 1.831892e-03 9.979657e-01 8.464512e-01 3 0 -3.914204e-03 3.302896e-03 -1.921183e-04 2.175742e-03 -3.495015e-03
6.628189e+00 6.477048e-01 9.981825e-01 1.001953e+00 1.344369e-03 9.973657e-01 8.471521e-01 3 0 -7.272453e-03 2.400155e-03 2.099160e-03 -3.089945e-03 -3.009953e-04
6.730722e+00 1.318740e+00 9.967108e-01 1.002666e+00 -7.307155e-04 9.954150e-01 8.479588e-01 3 0 -5.444942e-03 1.908928e-03 3.074153e-03 -3.253293e-03 1.165225e-03
6.745346e+00 1.666602e+00 9.963200e-01 1.003179e+00 -1.648384e-03 9.949397e-01 8.484298e-01 3 0 -2.066022e-03 5.388052e-04 2.535774e-03 -2.015454e-03 1.996969e-03
6.000000e+00 -4.000000e-01 9.974646e-01 1.001369e+00 5.120579e-04 9.959198e-01 8.469678e-01 3 0 -3.734493e-03 2.878865e-03 -5.640986e-03 5.703338e-03 -8.519851e-03
6.107168e+00 -5.323793e-02 9.983278e-01 1.001785e+00 1.401092e-03 9.968669e-01 8.472839e-01 3 0 -2.383579e-03 2.787738e-03 9.594795e-04 2.117262e-04 -1.828259e-03
6.282843e+00 6.098291e-01 9.974481e-01 1.003433e+00 2.856843e-04 9.957628e-01 8.487734e-01 3 0 -1.487511e-03 2.171372e-03 2.502784e-03 -3.159862e-03 3.314125e-04
6.385376e+00 1.272837e+00 9.967766e-01 1.003367e+00 -7.618849e-04 9.954376e-01 8.485703e-01 3 0 4.333807e-03 -2.268631e-03 -3.600945e-03 -3.096233e-06 -1.332314e-03
6.400000e+00 1.619577e+00 9.971785e-01 1.002727e+00 -8.345927e-04 9.960485e-01 8.479402e-01 3 0 7.215660e-03 3.614600e-04 -7.203815e-03 -2.450767e-03 -7.565275e-03
VARIABLES = "X", "Y", "ro", "u", "v", "pre", "Ma", "PART", "IMEX", "Ux", "Uy", "Vx", "Vy", "Vort" 
ZONE I=5, J=5, DATAPACKING=POINT
8.400000e+00 2.123607e+00 9.944081e-01 1.007085e+00 -1.233461e-03 9.921432e-01 8.521139e-01 3 0 7.484893e-03 4.458768e-03 -6.397149e-03 -6.997167e-03 -1.085592e-02
8.385376e+00 2.464575e+00 9.960942e-01 1.004965e+00 -1.852576e-03 9.944757e-01 8.500431e-01 3 0 3.317044e-02 -1.124427e-02 -1.878540e-02 1.293911e-03 -7.541124e-03
8.282843e+00 3.088129e+00 1.003531e+00 9.971509e-01 7.570896e-04 1.004909e+00 8.421689e-01 3 0 2.168200e-03 -3.319228e-03 1.239701e-03 2.524207e-03 4.558930e-03
8.107168e+00 3.688282e+00 9.976382e-01 1.002222e+00 -6.665769e-04 9.967025e-01 8.474302e-01 3 0 -2.548253e-02 8.762601e-03 8.787397e-03 -3.899340e-03 2.479666e-05
8.000000e+00 4.000000e+00 9.919860e-01 1.007035e+00 -3.299130e-03 9.887843e-01 8.524814e-01 3 0 5.302673e-03 1.337192e-02 -2.562687e-03 -1.532487e-02 -1.593461e-02
8.054654e+00 2.017165e+00 9.995516e-01 1.002475e+00 6.956299e-04 9.993749e-01 8.473213e-01 3 0 1.363367e-02 -1.210449e-02 -4.780370e-03 7.566333e-05 7.324120e-03
8.040030e+00 2.357920e+00 1.002030e+00 9.993570e-01 1.429926e-03 1.002847e+00 8.442676e-01 3 0 4.554729e-03 -5.167501e-03 -4.251994e-03 5.703450e-04 9.155072e-04
7.937497e+00 2.980372e+00 1.001640e+00 1.000564e+00 1.133930e-04 1.002309e+00 8.453490e-01 3 0 -1.494064e-02 4.745911e-03 4.451558e-03 -3.595154e-03 -2.943535e-04
7.761822e+00 3.580264e+00 9.959095e-01 1.005305e+00 -2.282489e-03 9.942721e-01 8.503389e-01 3 0 -1.192124e-03 1.760132e-03 9.646790e-04 -7.311537e-04 -7.954533e-04
7.654654e+00 3.892832e+00 9.956731e-01 1.003420e+00 -1.535923e-03 9.939642e-01 8.487746e-01 3 0 1.083776e-02 -1.036693e-02 -7.563165e-03 4.339842e-03 2.803761e-03
7.400000e+00 1.818404e+00 1.001319e+00 1.000570e+00 1.444227e-03 1.001828e+00 8.454216e-01 3 0 -4.276259e-03 5.588168e-03 3.701221e-03 -2.803529e-03 -1.886947e-03
7.385376e+00 2.159668e+00 9.986462e-01 1.003156e+00 9.978466e-05 9.980842e-01 8.480603e-01 3 0 -8.800148e-03 7.671097e-03 6.483434e-03 -3.365305e-03 -1.187663e-03
7.282843e+00 2.786424e+00 9.961929e-01 1.006083e+00 -1.340978e-03 9.946918e-01 8.509374e-01 3 0 6.017303e-04 -7.525989e-04 6.376560e-05 -2.138981e-04 8.163645e-04
7.107168e+00 3.396591e+00 9.987271e-01 1.002959e+00 -3.508714e-04 9.982121e-01 8.478735e-01 3 0 4.510089e-03 -4.929558e-03 -4.588544e-03 1.685506e-03 3.410141e-04
7.000000e+00 3.717157e+00 9.989918e-01 1.001856e+00 9.006838e-04 9.985914e-01 8.468930e-01 3 0 -1.578391e-03 -7.621761e-04 -1.207706e-03 5.613971e-03 -4.455296e-04
6.745346e+00 1.666602e+00 9.963805e-01 1.003032e+00 -1.608256e-03 9.950147e-01 8.482991e-01 3 0 -2.796785e-03 2.942550e-03 4.247116e-03 -5.260918e-03 1.304566e-03
6.730722e+00 2.009432e+00 9.962754e-01 1.003083e+00 -2.422182e-03 9.948453e-01 8.483710e-01 3 0 6.585959e-03 -1.718649e-03 -5.883208e-04 1.236926e-04 1.130328e-03
6.628189e+00 2.647705e+00 9.968199e-01 1.001525e+00 -7.762729e-04 9.955398e-01 8.469871e-01 3 0 7.519241e-03 8.879696e-04 1.051373e-04 3.738167e-03 -7.828324e-04
6.452514e+00 3.279652e+00 9.954740e-01 1.002241e+00 8.320106e-04 9.936758e-01 8.478143e-01 3 0 8.057606e-04 1.918302e-03 1.237406e-03 5.188816e-04 -6.808965e-04
6.345346e+00 3.614624e+00 9.957741e-01 1.002168e+00 3.931939e-05 9.940872e-01 8.477053e-01 3 0 5.097807e-03 -7.648519e-04 -6.512922e-04 -7.247672e-03 1.135596e-04
6.400000e+00 1.619577e+00 9.969393e-01 1.003009e+00 -1.191729e-03 9.957329e-01 8.482111e-01 3 0 6.084593e-03 -8.145349e-03 -7.257489e-03 4.532294e-03 8.878596e-04
6.385376e+00 1.963529e+00 9.985735e-01 1.000987e+00 -6.200818e-04 9.980814e-01 8.461975e-01 3 0 5.322292e-03 -2.208398e-03 -8.463330e-03 -2.467475e-03 -6.254932e-03
6.282843e+00 2.609829e+00 9.965837e-01 1.001322e+00 -2.301557e-03 9.951816e-01 8.468700e-01 3 0 -1.248832e-02 -1.118410e-03 6.455909e-03 7.158585e-04 7.574319e-03
6.107168e+00 3.256070e+00 9.950974e-01 1.000711e+00 -2.934850e-05 9.931256e-01 8.465943e-01 3 0 1.007976e-02 -2.012705e-03 1.684580e-03 7.748691e-03 3.697286e-03
6.000000e+00 3.600000e+00 9.975682e-01 9.979504e-01 2.580642e-03 9.966488e-01 8.438137e-01 3 0 2.394552e-02 -3.638067e-03 -1.172781e-02 3.981356e-03 -8.089743e-03
VARIABLES = "X", "Y", "ro", "u", "v", "pre", "Ma", "PART", "IMEX", "Ux", "Uy", "Vx", "Vy", "Vort" 
ZONE I=5, J=5, DATAPACKING=POINT
8.000000e+00 4.000000e+00 9.912801e-01 1.007308e+00 -4.160507e-03 9.878074e-01 8.528328e-01 3 0 1.010547e-02 -8.921781e-03 -1.213355e-02 9.526095e-04 -3.211764e-03
7.892832e+00 4.311718e+00 9.950412e-01 1.002695e+00 -2.007137e-03 9.930804e-01 8.482696e-01 3 0 1.626857e-02 -8.087695e-03 -9.368366e-03 9.805820e-04 -1.280671e-03
7.717157e+00 4.911871e+00 9.979758e-01 9.995386e-01 -1.362537e-03 9.971623e-01 8.451096e-01 3 0 -9.571576e-03 1.045908e-03 3.902562e-03 5.317177e-04 2.856654e-03
7.614624e+00 5.535425e+00 9.962191e-01 1.002940e+00 -1.178239e-03 9.947042e-01 8.482848e-01 3 0 7.244959e-03 2.084634e-03 -6.647218e-04 1.180150e-03 -2.749356e-03
7.600000e+00 5.876393e+00 9.995431e-01 1.000591e+00 -7.879091e-04 9.993579e-01 8.457326e-01 3 0 1.478870e-02 -1.622872e-02 -1.217312e-02 2.370750e-03 4.055595e-03
7.654654e+00 3.892832e+00 9.957332e-01 1.003792e+00 -1.438164e-03 9.940485e-01 8.490786e-01 3 0 1.174934e-02 -1.035546e-02 -9.853865e-03 6.125090e-03 5.015985e-04
7.547486e+00 4.206158e+00 9.968753e-01 1.001283e+00 -2.437775e-04 9.956364e-01 8.467649e-01 3 0 -1.185184e-03 -2.126252e-03 -1.176465e-03 -4.425064e-04 9.497868e-04
7.371811e+00 4.810558e+00 9.962808e-01 1.001926e+00 -1.459204e-03 9.947748e-01 8.474234e-01 3 0 -2.476712e-03 -7.422562e-04 -1.655317e-03 -1.877742e-03 -9.130606e-04
7.269278e+00 5.437487e+00 9.997226e-01 9.994803e-01 -4.812429e-04 9.996154e-01 8.447605e-01 3 0 9.546482e-03 -5.256860e-03 -4.869530e-03 4.291217e-03 3.873296e-04
7.254654e+00 5.778989e+00 1.001778e+00 9.980002e-01 1.562300e-03 1.002478e+00 8.431706e-01 3 0 3.850837e-03 -1.833827e-03 -4.346152e-03 7.051624e-03 -2.512325e-03
7.000000e+00 3.717157e+00 9.995111e-01 1.001600e+00 1.149563e-03 9.993153e-01 8.465902e-01 3 0 -3.017875e-03 6.541709e-03 2.949317e-03 -8.985350e-03 -3.592391e-03
6.892832e+00 4.039726e+00 9.974429e-01 1.002905e+00 -6.327396e-04 9.964198e-01 8.480447e-01 3 0 9.709268e-04 1.852113e-04 -8.520327e-06 -8.704427e-04 -1.937316e-04
6.717157e+00 4.661791e+00 9.997952e-01 1.000379e+00 9.924060e-04 9.997157e-01 8.455084e-01 3 0 6.047982e-03 -4.073760e-03 -3.710676e-03 2.355347e-03 3.630848e-04
6.614624e+00 5.300361e+00 1.002784e+00 9.984865e-01 1.313711e-03 1.003904e+00 8.434047e-01 3 0 -5.142975e-03 2.701717e-04 3.499740e-04 -2.353137e-03 7.980235e-05
6.600000e+00 5.643597e+00 1.001503e+00 9.995198e-01 2.659930e-04 1.002104e+00 8.444953e-01 3 0 -6.879369e-03 4.951890e-03 4.311663e-03 -2.617765e-03 -6.402272e-04
6.345346e+00 3.614624e+00 9.953236e-01 1.002313e+00 -2.874798e-04 9.934610e-01 8.479025e-01 3 0 5.078794e-03 -7.821345e-03 -1.776947e-03 6.008333e-03 6.044399e-03
6.238178e+00 3.952324e+00 9.990927e-01 9.990161e-01 1.485720e-03 9.987256e-01 8.444788e-01 3 0 8.604112e-03 -5.424872e-03 -5.541142e-03 7.749767e-04 -1.162697e-04
6.062503e+00 4.600482e+00 1.002063e+00 9.980023e-01 8.561717e-04 1.002896e+00 8.431158e-01 3 0 -1.057683e-03 4.782006e-03 4.550652e-03 -2.012821e-03 -2.313537e-04
5.959970e+00 5.254852e+00 9.995892e-01 1.002787e+00 -7.576205e-04 9.994177e-01 8.475828e-01 3 0 -2.899391e-03 5.179657e-03 4.827274e-03 -5.605424e-04 -3.523829e-04
5.945346e+00 5.600368e+00 9.992222e-01 1.002783e+00 -7.133809e-04 9.989054e-01 8.476408e-01 3 0 -5.368430e-04 -6.340595e-03 -2.583835e-03 8.183257e-04 3.756760e-03
6.000000e+00 3.600000e+00 9.975763e-01 9.979352e-01 2.730539e-03 9.966793e-01 8.437917e-01 3 0 2.591895e-02 -6.500067e-04 -1.480137e-02 3.521494e-03 -1.415137e-02
5.892832e+00 3.946762e+00 9.990932e-01 9.971101e-01 3.074924e-03 9.987387e-01 8.428654e-01 3 0 5.251120e-04 2.422067e-03 -1.183807e-03 -4.363213e-03 -3.605873e-03
5.717157e+00 4.609829e+00 9.983712e-01 1.000159e+00 -1.473865e-03 9.976988e-01 8.455742e-01 3 0 -1.609386e-02 6.739734e-04 5.710271e-03 -4.878246e-03 5.036298e-03
5.614624e+00 5.272837e+00 9.997129e-01 1.001210e+00 -1.915664e-03 9.996144e-01 8.462202e-01 3 0 1.685226e-02 8.077919e-04 1.212986e-03 5.898942e-03 4.051940e-04
5.600000e+00 5.619577e+00 9.996777e-01 1.000997e+00 1.205391e-03 9.995414e-01 8.460552e-01 3 0 1.424217e-02 -9.097509e-04 -5.877687e-03 9.761319e-03 -4.967937e-03
VARIABLES = "X", "Y", "ro", "u", "v", "pre", "Ma", "PART", "IMEX", "Ux", "Uy", "Vx", "Vy", "Vort" 
ZONE I=5, J=5, DATAPACKING=POINT
7.600000e+00 5.876393e+00 9.994597e-01 1.000862e+00 -4.214384e-04 9.992465e-01 8.459731e-01 3 0 1.429048e-02 -7.549930e-03 -1.122336e-02 5.345121e-03 -3.673428e-03
7.614624e+00 6.226117e+00 1.002804e+00 9.983377e-01 2.525313e-04 1.003932e+00 8.432753e-01 3 0 8.176561e-03 -5.990549e-03 -6.415307e-03 1.574291e-03 -4.247581e-04
7.717157e+00 6.911871e+00 1.003828e+00 9.971820e-01 8.572651e-04 1.005358e+00 8.421313e-01 3 0 -2.145388e-03 1.699729e-03 1.261946e-03 3.668890e-04 -4.377831e-04
7.892832e+00 7.621026e+00 9.989669e-01 9.984918e-01 1.602795e-04 9.985653e-01 8.440493e-01 3 0 -1.100885e-02 3.942013e-03 5.996669e-03 -4.886916e-03 2.054655e-03
8.000000e+00 8.000000e+00 9.976835e-01 9.981176e-01 -1.534646e-03 9.967606e-01 8.439547e-01 3 0 -1.563171e-02 1.060436e-03 1.240646e-03 -3.872703e-03 1.802102e-04
7.254654e+00 5.778989e+00 1.002083e+00 9.978410e-01 1.580973e-03 1.002912e+00 8.429820e-01 3 0 4.904982e-03 -3.513472e-03 -1.561911e-03 -2.158041e-03 1.951560e-03
7.269278e+00 6.128179e+00 1.002303e+00 9.976418e-01 9.195205e-04 1.003231e+00 8.427715e-01 3 0 -2.473921e-03 1.183838e-03 1.694216e-03 -1.809594e-03 5.103774e-04
7.371811e+00 6.810558e+00 1.001608e+00 9.990016e-01 -1.343713e-04 1.002254e+00 8.440379e-01 3 0 -6.792453e-03 3.769890e-03 3.680347e-03 -2.192404e-03 -8.954278e-05
7.547486e+00 7.515466e+00 9.986094e-01 1.000524e+00 -8.789183e-04 9.980560e-01 8.458318e-01 3 0 -2.467881e-03 2.430364e-03 2.032851e-03 -1.112086e-03 -3.975125e-04
7.654654e+00 7.892832e+00 9.966450e-01 1.000954e+00 -9.584437e-04 9.952987e-01 8.465330e-01 3 0 -2.534746e-03 -1.362498e-04 -2.522674e-03 1.787829e-04 -2.386424e-03
6.600000e+00 5.643597e+00 1.001635e+00 9.994720e-01 3.502674e-04 1.002292e+00 8.444314e-01 3 0 -7.409018e-03 4.150607e-03 4.543236e-03 -5.347891e-03 3.926290e-04
6.614624e+00 5.991053e+00 9.990038e-01 1.000664e+00 -8.672086e-04 9.986044e-01 8.458848e-01 3 0 -4.893530e-03 2.791720e-03 2.211008e-03 -1.838125e-03 -5.807113e-04
6.717157e+00 6.661791e+00 9.977475e-01 1.000935e+00 -9.135403e-04 9.968462e-01 8.463272e-01 3 0 7.726577e-04 -1.410649e-03 -1.189440e-03 7.748738e-04 2.212089e-04
6.892832e+00 7.349034e+00 1.000707e+00 9.998371e-01 -7.964208e-04 1.000987e+00 8.448989e-01 3 0 1.638950e-03 -1.469385e-03 -1.366459e-03 3.598371e-04 1.029257e-04
7.000000e+00 7.717157e+00 1.000923e+00 9.999184e-01 -6.355880e-04 1.001290e+00 8.449306e-01 3 0 2.385992e-03 1.191681e-03 1.838105e-03 1.066618e-03 6.464242e-04
5.945346e+00 5.600368e+00 9.990971e-01 1.002978e+00 -7.749144e-04 9.987270e-01 8.478285e-01 3 0 -1.328932e-04 -6.265168e-04 -1.887786e-03 3.565721e-03 -1.261269e-03
5.959970e+00 5.945544e+00 9.998265e-01 1.001709e+00 -1.072081e-05 9.997600e-01 8.466267e-01 3 0 1.474545e-03 -4.805089e-03 -4.489561e-03 1.383856e-03 3.155271e-04
6.062503e+00 6.600482e+00 9.990366e-01 9.997947e-01 1.348310e-04 9.986501e-01 8.451442e-01 3 0 3.800641e-04 -2.366216e-04 -2.988943e-04 -8.582691e-05 -6.227274e-05
6.238178e+00 7.261632e+00 9.988400e-01 1.000754e+00 -5.383567e-04 9.983782e-01 8.459868e-01 3 0 -4.851616e-03 2.465954e-03 2.149959e-03 -3.320030e-03 -3.159948e-04
6.345346e+00 7.614624e+00 1.000735e+00 1.000206e+00 -2.114952e-03 1.001035e+00 8.452033e-01 3 0 -4.839176e-03 -3.695752e-03 3.615955e-04 -5.927878e-03 4.057347e-03
5.600000e+00 5.619577e+00 9.998958e-01 1.000812e+00 8.029260e-04 9.998463e-01 8.458615e-01 3 0 1.663787e-02 -3.188375e-04 -5.081211e-03 4.023267e-03 -4.762374e-03
5.614624e+00 5.963529e+00 1.000316e+00 1.000775e+00 1.797244e-03 1.000438e+00 8.457591e-01 3 0 5.020707e-03 -1.017412e-03 -4.175830e-03 1.615087e-04 -3.158418e-03
5.717157e+00 6.609829e+00 9.990670e-01 1.000814e+00 -6.624245e-04 9.987039e-01 8.459963e-01 3 0 -6.557197e-03 3.112389e-03 4.430009e-03 -6.224018e-03 1.317621e-03
5.892832e+00 7.256070e+00 9.969066e-01 1.002938e+00 -2.145194e-03 9.956699e-01 8.481652e-01 3 0 -9.248771e-03 6.404985e-03 8.127602e-03 -5.158149e-04 1.722617e-03
6.000000e+00 7.600000e+00 9.968063e-01 1.003388e+00 -7.155217e-04 9.955112e-01 8.485696e-01 3 0 -1.772069e-02 7.439642e-04 -6.313613e-03 4.990400e-03 -7.057578e-03
