VARIABLES = "X", "Y", "ro", "u", "v", "pre", "Ma", "PART", "IMEX", "Ux", "Uy", "Vx", "Vy", "Vort" 
ZONE I=4, J=4, DATAPACKING=POINT
-6.000000e+00 0.000000e+00 9.953528e-01 9.976276e-01 9.996704e-01 9.935553e-01 1.194694e+00 0 0 -7.881384e-03 1.873007e-03 4.176968e-02 2.200909e-03 3.989667e-02
-6.000000e+00 5.527864e-01 9.969204e-01 9.979384e-01 1.000852e+00 9.956093e-01 1.195293e+00 0 0 -4.111952e-03 1.039451e-04 3.738911e-02 8.089626e-04 3.728517e-02
-6.000000e+00 1.447214e+00 1.002378e+00 9.984416e-01 9.995581e-01 1.003333e+00 1.193465e+00 0 0 6.535621e-04 1.457406e-03 2.615866e-02 -2.978282e-03 2.470126e-02
-6.000000e+00 2.000000e+00 1.003584e+00 9.996290e-01 9.982152e-01 1.005011e+00 1.193093e+00 0 0 1.005296e-03 1.984731e-03 1.867481e-02 1.317143e-03 1.669008e-02
-6.552786e+00 0.000000e+00 9.985024e-01 9.998332e-01 9.962045e-01 9.979809e-01 1.193174e+00 0 0 -2.778440e-03 -2.003942e-03 -6.623487e-03 4.842018e-03 -4.619545e-03
-6.552786e+00 5.527864e-01 9.985131e-01 9.990338e-01 9.976065e-01 9.982808e-01 1.193360e+00 0 0 -3.427579e-03 -8.464690e-04 -4.522781e-03 6.848439e-04 -3.676312e-03
-6.552786e+00 1.447214e+00 9.992829e-01 9.988828e-01 9.965127e-01 9.991376e-01 1.192564e+00 0 0 -3.262694e-03 3.449467e-04 -1.878134e-03 -2.196942e-03 -2.223081e-03
-6.552786e+00 2.000000e+00 9.991505e-01 9.991684e-01 9.956249e-01 9.987595e-01 1.192352e+00 0 0 -2.319405e-04 8.280881e-04 -1.758254e-03 9.234536e-04 -2.586342e-03
-7.447214e+00 0.000000e+00 1.006921e+00 1.001123e+00 1.001739e+00 1.009776e+00 1.195246e+00 0 0 -4.101063e-05 3.076824e-03 2.145042e-03 -3.747179e-04 -9.317820e-04
-7.447214e+00 5.527864e-01 1.004003e+00 1.002846e+00 1.000510e+00 1.005396e+00 1.196405e+00 0 0 -3.010289e-03 2.264242e-03 4.339433e-03 -2.341260e-03 2.075191e-03
-7.447214e+00 1.447214e+00 9.982155e-01 1.002863e+00 9.994314e-01 9.973790e-01 1.197103e+00 0 0 -3.230254e-03 -2.531100e-03 -9.214491e-04 1.892478e-04 1.609651e-03
-7.447214e+00 2.000000e+00 9.968954e-01 1.000559e+00 9.998415e-01 9.956503e-01 1.196215e+00 0 0 -2.161340e-03 -5.347888e-03 -4.514642e-03 -1.907616e-04 8.332456e-04
-8.000000e+00 0.000000e+00 1.005167e+00 1.000373e+00 9.961467e-01 1.007253e+00 1.191915e+00 0 0 2.712002e-03 3.847439e-03 1.169231e-02 -4.163738e-03 7.844873e-03
-8.000000e+00 5.527864e-01 1.002669e+00 1.002278e+00 9.946590e-01 1.004010e+00 1.192610e+00 0 0 8.237822e-03 2.202249e-03 1.076905e-02 4.231176e-04 8.566802e-03
-8.000000e+00 1.447214e+00 9.959675e-01 1.002519e+00 9.986364e-01 9.943730e-01 1.196880e+00 0 0 7.346065e-03 -1.470101e-03 1.149653e-03 6.632888e-03 2.619754e-03
-8.000000e+00 2.000000e+00 9.951409e-01 1.001306e+00 1.001347e+00 9.931658e-01 1.198003e+00 0 0 1.219145e-03 -2.927619e-03 -1.747929e-03 -2.008522e-03 1.179690e-03
VARIABLES = "X", "Y", "ro", "u", "v", "pre", "Ma", "PART", "IMEX", "Ux", "Uy", "Vx", "Vy", "Vort" 
ZONE I=4, J=4, DATAPACKING=POINT
-6.000000e+00 2.000000e+00 1.003514e+00 9.993639e-01 9.989924e-01 1.004894e+00 1.193426e+00 0 0 3.634697e-04 5.297028e-03 1.966709e-02 5.502950e-03 1.437006e-02
-6.000000e+00 2.552786e+00 9.976471e-01 1.002210e+00 1.000593e+00 9.966857e-01 1.197481e+00 0 0 1.144633e-03 4.041053e-03 9.029019e-03 2.532140e-03 4.987967e-03
-6.000000e+00 3.447214e+00 9.957155e-01 1.004213e+00 1.001131e+00 9.940111e-01 1.199450e+00 0 0 2.077074e-03 8.607955e-04 3.070710e-03 -2.756133e-03 2.209915e-03
-6.000000e+00 4.000000e+00 1.000660e+00 1.004687e+00 9.973596e-01 1.000902e+00 1.196315e+00 0 0 6.028801e-03 2.259896e-03 2.427321e-03 -1.200227e-02 1.674251e-04
-6.552786e+00 2.000000e+00 9.990636e-01 9.992313e-01 9.960861e-01 9.986273e-01 1.192692e+00 0 0 -6.482132e-04 -2.465970e-05 -1.147124e-03 6.212298e-03 -1.122465e-03
-6.552786e+00 2.552786e+00 9.956334e-01 1.000109e+00 9.984539e-01 9.938756e-01 1.195426e+00 0 0 3.775603e-03 2.792374e-03 1.440401e-03 3.736693e-03 -1.351973e-03
-6.552786e+00 3.447214e+00 9.968498e-01 1.002335e+00 1.000334e+00 9.956110e-01 1.197568e+00 0 0 3.748158e-03 9.774503e-04 1.094406e-03 -4.477011e-04 1.169554e-04
-6.552786e+00 4.000000e+00 1.001824e+00 1.001805e+00 9.984686e-01 1.002550e+00 1.194961e+00 0 0 4.097689e-03 -2.231130e-03 -4.537367e-03 -7.504351e-03 -2.306237e-03
-7.447214e+00 2.000000e+00 9.969778e-01 1.000686e+00 9.994594e-01 9.957665e-01 1.196042e+00 0 0 -1.914833e-03 -5.520392e-03 -3.204670e-03 -4.239265e-03 2.315721e-03
-7.447214e+00 2.552786e+00 1.000229e+00 9.990692e-01 9.982420e-01 1.000313e+00 1.193572e+00 0 0 -2.084375e-03 -4.615922e-04 8.728660e-05 -1.229430e-03 5.488788e-04
-7.447214e+00 3.447214e+00 1.001723e+00 1.000196e+00 9.991201e-01 1.002424e+00 1.194402e+00 0 0 1.141322e-04 1.519344e-03 1.802209e-03 3.771791e-03 2.828649e-04
-7.447214e+00 4.000000e+00 9.990718e-01 1.000275e+00 1.002586e+00 9.987098e-01 1.197156e+00 0 0 -1.197046e-03 -1.790464e-03 -2.496335e-03 8.733739e-03 -7.058707e-04
-8.000000e+00 2.000000e+00 9.955178e-01 1.001238e+00 1.000169e+00 9.936956e-01 1.197165e+00 0 0 1.450577e-03 -2.333772e-04 -4.674133e-04 -9.223439e-03 -2.340362e-04
-8.000000e+00 2.552786e+00 1.002984e+00 1.001166e+00 9.980173e-01 1.004216e+00 1.194009e+00 0 0 -2.903036e-03 -1.914853e-04 -1.392577e-04 -2.424889e-03 5.222757e-05
-8.000000e+00 3.447214e+00 1.004499e+00 1.001276e+00 9.980508e-01 1.006253e+00 1.193786e+00 0 0 -3.543948e-03 8.435802e-04 1.502298e-03 3.475969e-03 6.587180e-04
-8.000000e+00 4.000000e+00 9.975110e-01 1.002303e+00 1.002213e+00 9.964985e-01 1.198535e+00 0 0 -7.266438e-03 3.575116e-03 3.898388e-03 1.291402e-02 3.232716e-04
VARIABLES = "X", "Y", "ro", "u", "v", "pre", "Ma", "PART", "IMEX", "Ux", "Uy", "Vx", "Vy", "Vort" 
ZONE I=4, J=4, DATAPACKING=POINT
-6.000000e+00 4.000000e+00 1.000404e+00 1.004995e+00 9.973081e-01 1.000530e+00 1.196539e+00 0 0 5.455992e-03 -2.078120e-03 3.105169e-03 -5.708733e-03 5.183289e-03
-6.000000e+00 4.552786e+00 1.004327e+00 1.002393e+00 9.967448e-01 1.006073e+00 1.193681e+00 0 0 1.127974e-02 -5.694890e-03 -6.929025e-03 2.875542e-03 -1.234135e-03
-6.000000e+00 5.447214e+00 1.002409e+00 9.980049e-01 1.002362e+00 1.003396e+00 1.194863e+00 0 0 1.972621e-03 -3.016489e-03 -1.550277e-03 7.758864e-03 1.466213e-03
-6.000000e+00 6.000000e+00 9.969161e-01 9.973977e-01 1.005990e+00 9.956855e-01 1.198004e+00 0 0 -1.256992e-02 3.384132e-04 5.317289e-03 3.603024e-03 4.978876e-03
-6.552786e+00 4.000000e+00 1.001358e+00 1.002126e+00 9.982934e-01 1.001893e+00 1.195163e+00 0 0 4.389375e-03 -7.097023e-03 -4.455841e-03 1.795142e-03 2.641183e-03
-6.552786e+00 4.552786e+00 1.005801e+00 9.986818e-01 9.995735e-01 1.008116e+00 1.192815e+00 0 0 3.017946e-03 -4.142679e-03 -3.783230e-03 2.355322e-03 3.594488e-04
-6.552786e+00 5.447214e+00 1.001966e+00 9.985727e-01 1.001700e+00 1.002763e+00 1.194918e+00 0 0 -1.898510e-03 4.019879e-03 3.747061e-03 2.226445e-03 -2.728182e-04
-6.552786e+00 6.000000e+00 9.950736e-01 1.002117e+00 1.002699e+00 9.931020e-01 1.199295e+00 0 0 -5.046637e-03 8.247212e-03 7.681657e-03 7.999543e-05 -5.655550e-04
-7.447214e+00 4.000000e+00 9.994644e-01 1.000296e+00 1.002450e+00 9.992610e-01 1.196992e+00 0 0 -1.066571e-03 -2.238969e-03 -2.682595e-03 4.044901e-04 -4.436258e-04
-7.447214e+00 4.552786e+00 9.979914e-01 9.992873e-01 1.001726e+00 9.971739e-01 1.196325e+00 0 0 -3.363587e-03 -1.124409e-03 -1.471698e-03 -3.195914e-03 -3.472887e-04
-7.447214e+00 5.447214e+00 9.993819e-01 9.999644e-01 9.974777e-01 9.991353e-01 1.193848e+00 0 0 -5.611482e-04 2.975295e-03 3.661588e-03 -5.079260e-03 6.862937e-04
-7.447214e+00 6.000000e+00 1.002279e+00 1.002483e+00 9.953899e-01 1.003207e+00 1.193413e+00 0 0 3.721300e-03 5.749495e-03 6.792084e-03 -1.004029e-03 1.042589e-03
-8.000000e+00 4.000000e+00 9.979325e-01 1.002442e+00 1.002283e+00 9.970814e-01 1.198564e+00 0 0 -7.870120e-03 -2.175817e-04 3.205263e-03 4.091449e-03 3.422845e-03
-8.000000e+00 4.552786e+00 9.927561e-01 1.001709e+00 1.002450e+00 9.899185e-01 1.199429e+00 0 0 -6.691311e-03 -1.890075e-03 -1.490877e-03 -2.951268e-03 3.991987e-04
-8.000000e+00 5.447214e+00 9.995150e-01 9.998160e-01 9.969810e-01 9.993314e-01 1.193425e+00 0 0 7.480186e-04 -1.842146e-03 -2.462004e-03 -7.597386e-03 -6.198579e-04
-8.000000e+00 6.000000e+00 1.006660e+00 9.992015e-01 9.933721e-01 1.009339e+00 1.189214e+00 0 0 8.513657e-03 6.033668e-04 -1.087752e-03 -2.922798e-03 -1.691119e-03
VARIABLES = "X", "Y", "ro", "u", "v", "pre", "Ma", "PART", "IMEX", "Ux", "Uy", "Vx", "Vy", "Vort" 
ZONE I=4, J=4, DATAPACKING=POINT
-6.000000e+00 6.000000e+00 9.978046e-01 9.971862e-01 1.005698e+00 9.969361e-01 1.197485e+00 0 0 -1.302332e-02 4.191928e-03 6.230216e-03 -1.381722e-02 2.038287e-03
-6.000000e+00 6.552786e+00 9.963671e-01 9.995962e-01 9.991383e-01 9.948914e-01 1.195358e+00 0 0 -1.381495e-02 3.804829e-03 2.911634e-03 -1.053985e-02 -8.931951e-04
-6.000000e+00 7.447214e+00 1.002417e+00 1.001706e+00 9.934176e-01 1.003394e+00 1.191744e+00 0 0 6.601667e-03 4.701567e-04 -2.320861e-03 -4.548047e-04 -2.791018e-03
-6.000000e+00 8.000000e+00 1.005088e+00 1.001013e+00 9.965142e-01 1.007148e+00 1.192533e+00 0 0 1.260278e-02 -4.405784e-03 -1.897416e-03 1.457241e-02 2.508368e-03
-6.552786e+00 6.000000e+00 9.953746e-01 1.001993e+00 1.002324e+00 9.935205e-01 1.198926e+00 0 0 -5.006137e-03 9.304476e-03 7.317380e-03 -9.926255e-03 -1.987096e-03
-6.552786e+00 6.552786e+00 9.954947e-01 1.004101e+00 9.984143e-01 9.936815e-01 1.197828e+00 0 0 -4.670895e-03 -1.175198e-03 -4.810039e-04 -5.500401e-03 6.941943e-04
-6.552786e+00 7.447214e+00 1.002621e+00 9.993602e-01 9.958552e-01 1.003678e+00 1.191743e+00 0 0 2.572727e-03 -6.902998e-03 -7.060124e-03 3.143832e-04 -1.571255e-04
-6.552786e+00 8.000000e+00 1.004891e+00 9.964126e-01 9.976862e-01 1.006846e+00 1.190545e+00 0 0 6.003316e-03 -2.741640e-03 -2.853017e-03 7.902139e-03 -1.113773e-04
-7.447214e+00 6.000000e+00 1.001920e+00 1.002342e+00 9.956539e-01 1.002706e+00 1.193570e+00 0 0 3.468403e-03 7.468157e-03 6.018559e-03 8.641329e-03 -1.449598e-03
-7.447214e+00 6.552786e+00 1.000890e+00 1.003913e+00 9.998957e-01 1.001243e+00 1.197296e+00 0 0 5.384490e-03 -1.470974e-03 -1.669767e-03 7.068096e-03 -1.987930e-04
-7.447214e+00 7.447214e+00 9.985156e-01 9.990564e-01 1.003520e+00 9.979179e-01 1.197130e+00 0 0 -1.778370e-03 -7.577177e-03 -7.847706e-03 -3.576008e-04 -2.705299e-04
-7.447214e+00 8.000000e+00 9.991852e-01 9.951113e-01 1.000980e+00 9.988761e-01 1.193083e+00 0 0 -4.667380e-03 -6.734794e-03 -4.047155e-03 -9.145333e-03 2.687639e-03
-8.000000e+00 6.000000e+00 1.005758e+00 9.994509e-01 9.939303e-01 1.008088e+00 1.189900e+00 0 0 7.043133e-03 -3.502312e-03 -1.167402e-03 1.398120e-02 2.334910e-03
-8.000000e+00 6.552786e+00 1.004745e+00 9.985780e-01 1.000135e+00 1.006635e+00 1.193338e+00 0 0 1.613502e-02 7.335946e-04 1.179230e-03 1.013859e-02 4.456359e-04
-8.000000e+00 7.447214e+00 9.966640e-01 1.000790e+00 1.006086e+00 9.953386e-01 1.200141e+00 0 0 -4.756445e-03 2.651157e-03 8.168719e-04 1.020913e-03 -1.834286e-03
-8.000000e+00 8.000000e+00 9.936065e-01 1.001260e+00 1.002945e+00 9.911061e-01 1.199252e+00 0 0 -2.166528e-02 -2.372914e-03 -2.186699e-03 -1.654690e-02 1.862159e-04
VARIABLES = "X", "Y", "ro", "u", "v", "pre", "Ma", "PART", "IMEX", "Ux", "Uy", "Vx", "Vy", "Vort" 
ZONE I=4, J=4, DATAPACKING=POINT
-4.000000e+00 0.000000e+00 9.914685e-01 1.004379e+00 1.000128e+00 9.877554e-01 1.200174e+00 0 0 4.321431e-02 -1.488251e-02 -1.094839e-01 -8.168619e-03 -9.460135e-02
-4.000000e+00 5.527864e-01 9.950904e-01 9.994421e-01 1.000416e+00 9.926414e-01 1.196617e+00 0 0 1.369112e-02 -2.187178e-03 -9.582496e-02 4.052676e-03 -9.363778e-02
-4.000000e+00 1.447214e+00 9.956024e-01 1.003479e+00 1.004053e+00 9.932109e-01 1.201174e+00 0 0 2.350190e-03 8.165272e-03 -4.875091e-02 1.525508e-03 -5.691619e-02
-4.000000e+00 2.000000e+00 9.943632e-01 1.007283e+00 1.003137e+00 9.920433e-01 1.202862e+00 0 0 6.610500e-03 3.619336e-03 -1.653965e-02 -4.548569e-03 -2.015899e-02
-4.552786e+00 0.000000e+00 9.967919e-01 9.956112e-01 1.010115e+00 9.952431e-01 1.199614e+00 0 0 1.722613e-03 2.306464e-03 1.536141e-02 -8.671957e-04 1.305495e-02
-4.552786e+00 5.527864e-01 9.978002e-01 9.981336e-01 1.009492e+00 9.961051e-01 1.200826e+00 0 0 -8.906027e-04 5.621504e-03 1.414633e-02 -2.042304e-03 8.524822e-03
-4.552786e+00 1.447214e+00 9.997408e-01 1.002880e+00 1.006062e+00 9.992787e-01 1.200851e+00 0 0 1.801969e-03 3.998470e-03 1.228142e-02 -5.745151e-03 8.282950e-03
-4.552786e+00 2.000000e+00 9.993260e-01 1.004234e+00 1.002208e+00 9.991331e-01 1.199195e+00 0 0 3.862207e-03 1.127219e-03 7.138962e-03 -8.407793e-03 6.011742e-03
-5.447214e+00 0.000000e+00 9.953940e-01 9.993417e-01 9.951084e-01 9.940774e-01 1.192704e+00 0 0 -2.150569e-03 -4.023471e-03 -9.275255e-04 -9.873782e-04 3.095946e-03
-5.447214e+00 5.527864e-01 9.977298e-01 9.982683e-01 9.956516e-01 9.981479e-01 1.191347e+00 0 0 2.070255e-03 -5.863761e-05 -1.387695e-03 1.269550e-03 -1.329058e-03
-5.447214e+00 1.447214e+00 1.002845e+00 9.999410e-01 9.966886e-01 1.004593e+00 1.192178e+00 0 0 4.233353e-03 3.081802e-03 -1.158092e-03 1.218377e-03 -4.239895e-03
-5.447214e+00 2.000000e+00 1.004225e+00 1.001652e+00 9.977634e-01 1.005930e+00 1.193868e+00 0 0 2.982188e-03 2.743061e-03 -5.679398e-04 3.949490e-03 -3.311001e-03
-6.000000e+00 0.000000e+00 9.955001e-01 9.968389e-01 1.004871e+00 9.934450e-01 1.197497e+00 0 0 9.946423e-03 1.999267e-04 -1.585455e-02 2.503951e-03 -1.605447e-02
-6.000000e+00 5.527864e-01 9.983947e-01 9.967793e-01 1.005853e+00 9.966843e-01 1.197840e+00 0 0 -1.291087e-03 3.072387e-04 -1.866404e-02 -2.609556e-04 -1.897128e-02
-6.000000e+00 1.447214e+00 1.003877e+00 9.979729e-01 1.002798e+00 1.005084e+00 1.194975e+00 0 0 7.306016e-04 2.286169e-03 -9.574356e-03 -5.602603e-03 -1.186053e-02
-6.000000e+00 2.000000e+00 1.004593e+00 9.993607e-01 9.999647e-01 1.006459e+00 1.193717e+00 0 0 4.942973e-03 1.781289e-03 -8.742825e-04 -9.399253e-04 -2.655572e-03
VARIABLES = "X", "Y", "ro", "u", "v", "pre", "Ma", "PART", "IMEX", "Ux", "Uy", "Vx", "Vy", "Vort" 
ZONE I=4, J=4, DATAPACKING=POINT
-4.000000e+00 2.000000e+00 9.950327e-01 1.007140e+00 1.003319e+00 9.930508e-01 1.202680e+00 0 0 5.944647e-03 5.692621e-03 -1.621477e-02 -1.516682e-02 -2.190739e-02
-4.000000e+00 2.552786e+00 9.940465e-01 1.007942e+00 9.968280e-01 9.917385e-01 1.199491e+00 0 0 1.383131e-02 -2.522731e-03 -1.149423e-02 -7.890759e-03 -8.971496e-03
-4.000000e+00 3.447214e+00 9.993896e-01 1.002517e+00 9.953468e-01 9.991021e-01 1.194132e+00 0 0 1.786308e-02 -7.901929e-03 -1.516768e-02 4.906921e-03 -7.265746e-03
-4.000000e+00 4.000000e+00 1.003313e+00 9.984012e-01 1.000680e+00 1.004663e+00 1.193878e+00 0 0 1.108148e-02 -7.186272e-03 -2.844742e-03 1.689992e-02 4.341530e-03
-4.552786e+00 2.000000e+00 9.993130e-01 1.004372e+00 1.002135e+00 9.991330e-01 1.199226e+00 0 0 3.686842e-03 9.190734e-06 7.351750e-03 -1.126506e-02 7.342559e-03
-4.552786e+00 2.552786e+00 9.996412e-01 1.002544e+00 9.987235e-01 9.995665e-01 1.196033e+00 0 0 4.493819e-03 -5.255107e-03 -2.173704e-03 -2.214778e-03 3.081403e-03
-4.552786e+00 3.447214e+00 1.001184e+00 9.979873e-01 9.995766e-01 1.001629e+00 1.193508e+00 0 0 1.207667e-03 -3.349319e-03 -3.873402e-03 2.541182e-03 -5.240831e-04
-4.552786e+00 4.000000e+00 1.000292e+00 9.973569e-01 1.000884e+00 1.000413e+00 1.194107e+00 0 0 -2.329746e-03 -1.144407e-04 2.602206e-03 3.409059e-03 2.716646e-03
-5.447214e+00 2.000000e+00 1.003918e+00 1.001626e+00 9.980356e-01 1.005484e+00 1.194098e+00 0 0 3.387367e-03 2.390601e-03 -1.523028e-03 8.388326e-03 -3.913629e-03
-5.447214e+00 2.552786e+00 1.001753e+00 1.002227e+00 1.000971e+00 1.002423e+00 1.196740e+00 0 0 -1.000548e-03 -3.568649e-06 -2.530543e-03 3.229326e-03 -2.526974e-03
-5.447214e+00 3.447214e+00 9.971444e-01 1.001672e+00 1.000965e+00 9.959929e-01 1.197496e+00 0 0 -6.116834e-03 -5.758220e-04 -7.256409e-04 -3.540883e-03 -1.498189e-04
-5.447214e+00 4.000000e+00 9.979451e-01 1.001708e+00 9.974376e-01 9.971252e-01 1.195212e+00 0 0 -5.631647e-03 6.241025e-04 2.762580e-03 -1.033724e-02 2.138478e-03
-6.000000e+00 2.000000e+00 1.004474e+00 9.991255e-01 1.000858e+00 1.006272e+00 1.194151e+00 0 0 5.313382e-03 4.048376e-03 -1.689441e-03 2.445468e-03 -5.737816e-03
-6.000000e+00 2.552786e+00 9.981462e-01 1.001640e+00 1.001213e+00 9.973913e-01 1.197386e+00 0 0 2.580245e-03 4.069601e-03 5.011974e-03 1.279880e-03 9.423724e-04
-6.000000e+00 3.447214e+00 9.962193e-01 1.004075e+00 1.001452e+00 9.947274e-01 1.199431e+00 0 0 -1.976566e-03 1.394754e-03 -8.292131e-06 -2.636529e-03 -1.403046e-03
-6.000000e+00 4.000000e+00 1.001732e+00 1.004613e+00 9.976330e-01 1.002392e+00 1.196184e+00 0 0 -5.134525e-03 1.662310e-03 -3.606917e-03 -1.222829e-02 -5.269226e-03
VARIABLES = "X", "Y", "ro", "u", "v", "pre", "Ma", "PART", "IMEX", "Ux", "Uy", "Vx", "Vy", "Vort" 
ZONE I=4, J=4, DATAPACKING=POINT
-4.000000e+00 4.000000e+00 1.003373e+00 9.981492e-01 1.001380e+00 1.004755e+00 1.194126e+00 0 0 1.277677e-02 -4.508308e-03 -2.732710e-03 1.262776e-02 1.775597e-03
-4.000000e+00 4.552786e+00 1.001732e+00 9.983378e-01 1.003277e+00 1.002435e+00 1.195778e+00 0 0 -6.876485e-03 3.406640e-03 8.970993e-03 -2.198798e-03 5.564353e-03
-4.000000e+00 5.447214e+00 9.992718e-01 1.002385e+00 9.978867e-01 9.989742e-01 1.195572e+00 0 0 -4.762969e-03 3.574554e-03 8.055082e-04 -7.140843e-03 -2.769045e-03
-4.000000e+00 6.000000e+00 1.002057e+00 1.003072e+00 9.947487e-01 1.002885e+00 1.193443e+00 0 0 1.747815e-03 -1.012282e-03 -3.449275e-03 -3.935728e-03 -2.436992e-03
-4.552786e+00 4.000000e+00 1.000485e+00 9.968749e-01 1.001385e+00 1.000689e+00 1.194070e+00 0 0 -2.438556e-03 7.995465e-03 3.431618e-03 -1.230339e-03 -4.563847e-03
-4.552786e+00 4.552786e+00 9.971046e-01 1.001371e+00 9.996516e-01 9.959627e-01 1.196526e+00 0 0 -3.691913e-03 6.380457e-03 5.960460e-03 -3.204210e-03 -4.199978e-04
-4.552786e+00 5.447214e+00 9.992568e-01 1.003738e+00 9.974646e-01 9.989456e-01 1.196139e+00 0 0 -3.146669e-04 -1.023809e-03 -6.749373e-04 -1.489001e-03 3.488716e-04
-4.552786e+00 6.000000e+00 1.003055e+00 1.002289e+00 9.968883e-01 1.004273e+00 1.194017e+00 0 0 3.074460e-03 -2.751447e-03 -4.891228e-03 -6.549956e-04 -2.139781e-03
-5.447214e+00 4.000000e+00 9.980255e-01 1.001610e+00 9.971916e-01 9.972362e-01 1.194988e+00 0 0 -6.213140e-03 2.145386e-03 3.098006e-03 -7.828222e-03 9.526204e-04
-5.447214e+00 4.552786e+00 1.000171e+00 1.002714e+00 9.958534e-01 1.000255e+00 1.194329e+00 0 0 1.309565e-04 1.255083e-03 1.594950e-03 1.486714e-03 3.398668e-04
-5.447214e+00 5.447214e+00 9.997832e-01 1.001782e+00 1.000014e+00 9.996990e-01 1.196353e+00 0 0 4.434814e-03 -3.900989e-03 -4.500321e-03 5.884478e-03 -5.993319e-04
-5.447214e+00 6.000000e+00 9.996432e-01 9.984064e-01 1.002621e+00 9.995016e-01 1.195930e+00 0 0 4.154096e-03 -8.219151e-03 -7.384179e-03 2.115996e-03 8.349717e-04
-6.000000e+00 4.000000e+00 1.001578e+00 1.004885e+00 9.976673e-01 1.002157e+00 1.196416e+00 0 0 -6.063397e-03 -2.516666e-03 -4.911093e-03 -6.875638e-03 -2.394428e-03
-6.000000e+00 4.552786e+00 1.004840e+00 1.002446e+00 9.966543e-01 1.006786e+00 1.193541e+00 0 0 7.162109e-04 -4.987435e-03 -5.480831e-03 2.606505e-03 -4.933962e-04
-6.000000e+00 5.447214e+00 1.001755e+00 9.985216e-01 1.002534e+00 1.002486e+00 1.195426e+00 0 0 9.061590e-03 -3.192788e-03 -3.567593e-03 8.385870e-03 -3.748054e-04
-6.000000e+00 6.000000e+00 9.966117e-01 9.973062e-01 1.006474e+00 9.952616e-01 1.198312e+00 0 0 -1.459659e-03 -1.904839e-03 -4.533936e-03 4.120697e-03 -2.629096e-03
VARIABLES = "X", "Y", "ro", "u", "v", "pre", "Ma", "PART", "IMEX", "Ux", "Uy", "Vx", "Vy", "Vort" 
ZONE I=4, J=4, DATAPACKING=POINT
-4.000000e+00 6.000000e+00 1.001962e+00 1.003275e+00 9.946414e-01 1.002757e+00 1.193521e+00 0 0 1.600641e-03 -3.685773e-03 -4.167265e-03 7.308929e-04 -4.814928e-04
-4.000000e+00 6.552786e+00 1.003348e+00 1.001557e+00 9.968845e-01 1.004673e+00 1.193513e+00 0 0 2.718344e-03 -2.082914e-03 -1.625885e-03 6.170356e-03 4.570295e-04
-4.000000e+00 7.447214e+00 9.982137e-01 9.999025e-01 1.002001e+00 9.975102e-01 1.196789e+00 0 0 4.910500e-04 -2.964690e-03 -3.723161e-03 2.787677e-03 -7.584707e-04
-4.000000e+00 8.000000e+00 9.974434e-01 9.968788e-01 1.001118e+00 9.964321e-01 1.194640e+00 0 0 -7.435200e-03 -1.018819e-02 -6.284182e-03 -7.528001e-03 3.904008e-03
-4.552786e+00 6.000000e+00 1.002748e+00 1.002618e+00 9.969299e-01 1.003843e+00 1.194311e+00 0 0 3.049346e-03 -7.146731e-03 -4.782133e-03 2.475049e-03 2.364599e-03
-4.552786e+00 6.552786e+00 1.004387e+00 9.995415e-01 9.985829e-01 1.006151e+00 1.193061e+00 0 0 4.769693e-03 -3.185270e-03 -3.714394e-03 3.692415e-03 -5.291245e-04
-4.552786e+00 7.447214e+00 9.984439e-01 9.993210e-01 1.002128e+00 9.978282e-01 1.196465e+00 0 0 -1.773428e-04 2.038914e-03 2.995670e-03 2.987907e-03 9.567564e-04
-4.552786e+00 8.000000e+00 9.939796e-01 1.000803e+00 1.002351e+00 9.915714e-01 1.198566e+00 0 0 -7.223997e-03 3.494188e-03 1.522518e-03 -6.019484e-03 -1.971670e-03
-5.447214e+00 6.000000e+00 9.999553e-01 9.984763e-01 1.002390e+00 9.999372e-01 1.195759e+00 0 0 4.680303e-03 -9.328380e-03 -7.117095e-03 -9.723713e-04 2.211285e-03
-5.447214e+00 6.552786e+00 1.001328e+00 9.962602e-01 1.000691e+00 1.001871e+00 1.193086e+00 0 0 1.769768e-04 7.337153e-04 3.190078e-04 -5.028337e-03 -4.147075e-04
-5.447214e+00 7.447214e+00 1.000949e+00 1.000897e+00 9.967019e-01 1.001325e+00 1.193572e+00 0 0 -2.568387e-03 7.696645e-03 7.531827e-03 -1.467631e-03 -1.648174e-04
-5.447214e+00 8.000000e+00 9.987983e-01 1.004966e+00 9.983234e-01 9.983265e-01 1.197484e+00 0 0 2.222501e-04 6.713239e-03 5.350915e-03 8.158461e-03 -1.362325e-03
-6.000000e+00 6.000000e+00 9.976163e-01 9.970840e-01 1.006227e+00 9.966780e-01 1.197783e+00 0 0 -1.041268e-03 2.064214e-03 -4.683671e-03 -1.563216e-02 -6.747885e-03
-6.000000e+00 6.552786e+00 9.964981e-01 9.990177e-01 9.989550e-01 9.950635e-01 1.194878e+00 0 0 -1.328372e-02 3.940450e-03 5.801482e-03 -1.126884e-02 1.861032e-03
-6.000000e+00 7.447214e+00 1.002583e+00 1.001874e+00 9.930738e-01 1.003630e+00 1.191599e+00 0 0 2.302788e-04 1.506869e-03 3.746663e-03 -2.534672e-04 2.239794e-03
-6.000000e+00 8.000000e+00 1.005248e+00 1.001592e+00 9.963470e-01 1.007376e+00 1.192739e+00 0 0 1.503055e-02 -3.829976e-03 3.646745e-04 1.533054e-02 4.194651e-03
VARIABLES = "X", "Y", "ro", "u", "v", "pre", "Ma", "PART", "IMEX", "Ux", "Uy", "Vx", "Vy", "Vort" 
ZONE I=4, J=4, DATAPACKING=POINT
-2.000000e+00 0.000000e+00 9.773709e-01 1.003872e+00 6.401499e-01 9.758183e-01 1.007049e+00 0 0 -1.476209e-01 -2.819652e-01 -3.498759e-01 -3.825504e-02 -6.791074e-02
-2.000000e+00 5.527864e-01 9.914196e-01 8.945395e-01 6.769391e-01 9.940611e-01 9.468381e-01 0 0 -2.693722e-01 -1.068470e-01 -3.667116e-01 1.455564e-01 -2.598646e-01
-2.000000e+00 1.447214e+00 9.891464e-01 8.934985e-01 8.553935e-01 9.897316e-01 1.045102e+00 0 0 -1.897819e-01 7.694930e-02 -1.539381e-01 2.078180e-01 -2.308874e-01
-2.000000e+00 2.000000e+00 9.987784e-01 9.441262e-01 9.467043e-01 9.995455e-01 1.129555e+00 0 0 -1.061853e-01 8.709730e-02 -6.273059e-02 1.052783e-01 -1.498279e-01
-2.552786e+00 0.000000e+00 9.952886e-01 1.019240e+00 8.457568e-01 9.941419e-01 1.120006e+00 0 0 1.237628e-02 -8.603710e-02 -3.112542e-01 1.930230e-03 -2.252172e-01
-2.552786e+00 5.527864e-01 9.967269e-01 9.766706e-01 8.700610e-01 9.984048e-01 1.104541e+00 0 0 -7.274709e-02 -5.278574e-02 -2.796473e-01 7.247671e-02 -2.268615e-01
-2.552786e+00 1.447214e+00 9.985966e-01 9.654891e-01 9.490879e-01 9.996320e-01 1.143628e+00 0 0 -8.112123e-02 2.496609e-02 -1.375953e-01 8.740537e-02 -1.625614e-01
-2.552786e+00 2.000000e+00 1.000428e+00 9.885887e-01 9.887540e-01 1.000303e+00 1.181762e+00 0 0 -5.055258e-02 5.385069e-02 -5.740436e-02 5.241457e-02 -1.112550e-01
-3.447214e+00 0.000000e+00 1.002354e+00 1.002782e+00 1.001774e+00 9.985204e-01 1.200249e+00 0 0 4.786987e-03 -2.596635e-02 -3.678021e-02 7.372539e-04 -1.081386e-02
-3.447214e+00 5.527864e-01 1.000471e+00 9.932983e-01 1.003164e+00 9.968936e-01 1.195268e+00 0 0 8.977584e-04 -7.045560e-03 -2.538139e-02 7.451366e-03 -1.833583e-02
-3.447214e+00 1.447214e+00 9.988571e-01 9.974546e-01 1.010573e+00 9.976332e-01 1.200788e+00 0 0 -9.691518e-03 1.312200e-02 -2.071056e-03 3.987799e-03 -1.519306e-02
-3.447214e+00 2.000000e+00 9.983011e-01 1.005642e+00 1.008078e+00 9.976228e-01 1.203838e+00 0 0 1.024078e-04 1.592294e-02 9.074406e-03 -1.380745e-02 -6.848535e-03
-4.000000e+00 0.000000e+00 9.899199e-01 1.007081e+00 9.867374e-01 9.867147e-01 1.193530e+00 0 0 -7.952041e-03 -1.548771e-02 3.429120e-02 -7.147591e-03 4.977891e-02
-4.000000e+00 5.527864e-01 9.941780e-01 1.001369e+00 9.894350e-01 9.930752e-01 1.190415e+00 0 0 -3.236397e-02 -3.725333e-03 2.522019e-02 8.734081e-03 2.894553e-02
-4.000000e+00 1.447214e+00 9.943392e-01 1.004022e+00 9.974191e-01 9.916870e-01 1.197694e+00 0 0 -1.913578e-02 6.646540e-03 1.859691e-02 6.925056e-03 1.195037e-02
-4.000000e+00 2.000000e+00 9.936191e-01 1.006964e+00 1.000192e+00 9.908302e-01 1.201199e+00 0 0 -1.214594e-02 2.174330e-03 1.982736e-03 3.700269e-03 -1.915932e-04
VARIABLES = "X", "Y", "ro", "u", "v", "pre", "Ma", "PART", "IMEX", "Ux", "Uy", "Vx", "Vy", "Vort" 
ZONE I=4, J=4, DATAPACKING=POINT
-2.000000e+00 2.000000e+00 9.989236e-01 9.429269e-01 9.470631e-01 9.995782e-01 1.129118e+00 0 0 -1.060602e-01 1.133023e-01 -6.321171e-02 1.336379e-01 -1.765140e-01
-2.000000e+00 2.552786e+00 1.005063e+00 9.888402e-01 9.914688e-01 1.006214e+00 1.182785e+00 0 0 -5.158952e-02 5.306183e-02 1.589094e-02 3.709925e-02 -3.717089e-02
-2.000000e+00 3.447214e+00 9.963284e-01 1.005642e+00 9.914709e-01 9.949606e-01 1.194354e+00 0 0 -1.407860e-02 -6.916184e-03 1.132388e-02 -1.851956e-02 1.824006e-02
-2.000000e+00 4.000000e+00 9.933524e-01 9.981158e-01 9.847324e-01 9.912184e-01 1.186280e+00 0 0 -8.210029e-03 -1.768564e-02 -1.568166e-02 -2.854808e-03 2.003978e-03
-2.552786e+00 2.000000e+00 1.001926e+00 9.882654e-01 9.892175e-01 1.002319e+00 1.181541e+00 0 0 -5.204262e-02 5.564766e-02 -5.765518e-02 2.988039e-02 -1.133028e-01
-2.552786e+00 2.552786e+00 9.992658e-01 1.008247e+00 9.963569e-01 9.982661e-01 1.198601e+00 0 0 -1.738171e-02 1.831434e-02 -1.228290e-02 5.532325e-04 -3.059724e-02
-2.552786e+00 3.447214e+00 9.956137e-01 1.008577e+00 9.902703e-01 9.939960e-01 1.195562e+00 0 0 -2.819351e-03 -1.083022e-02 -2.843821e-03 -6.879758e-03 7.986403e-03
-2.552786e+00 4.000000e+00 9.973544e-01 1.002514e+00 9.901451e-01 9.965306e-01 1.191356e+00 0 0 -8.468688e-03 -9.794138e-03 -7.173465e-03 7.581432e-03 2.620673e-03
-3.447214e+00 2.000000e+00 9.983199e-01 1.005947e+00 1.008647e+00 9.976199e-01 1.204374e+00 0 0 3.824069e-04 8.380212e-03 9.409409e-03 -1.420116e-02 1.029197e-03
-3.447214e+00 2.552786e+00 9.966680e-01 1.008633e+00 1.000506e+00 9.954627e-01 1.201426e+00 0 0 7.732330e-03 2.441628e-03 5.893044e-03 -1.270493e-02 3.451417e-03
-3.447214e+00 3.447214e+00 9.985361e-01 1.008277e+00 9.942218e-01 9.980117e-01 1.197066e+00 0 0 4.529995e-03 -2.422118e-03 -3.100137e-03 -5.848269e-04 -6.780181e-04
-3.447214e+00 4.000000e+00 9.998533e-01 1.006773e+00 9.961296e-01 9.997154e-01 1.197063e+00 0 0 2.962566e-03 -1.106195e-03 -7.706739e-03 6.107629e-03 -6.600544e-03
-4.000000e+00 2.000000e+00 9.945068e-01 1.006891e+00 1.000280e+00 9.921782e-01 1.200927e+00 0 0 -1.107213e-02 3.575876e-03 3.173776e-03 -1.257845e-02 -4.021003e-04
-4.000000e+00 2.552786e+00 9.944165e-01 1.007200e+00 9.949766e-01 9.921574e-01 1.197913e+00 0 0 -9.203026e-03 -2.230580e-03 5.635672e-03 -6.385115e-03 7.866253e-03
-4.000000e+00 3.447214e+00 9.983139e-01 1.002880e+00 9.945154e-01 9.975567e-01 1.194135e+00 0 0 1.770985e-02 -6.235468e-03 -2.145089e-04 6.282323e-03 6.020959e-03
-4.000000e+00 4.000000e+00 1.001822e+00 9.996086e-01 1.001108e+00 1.002625e+00 1.195178e+00 0 0 2.901028e-02 -5.342259e-03 -8.952834e-03 2.081140e-02 -3.610574e-03
VARIABLES = "X", "Y", "ro", "u", "v", "pre", "Ma", "PART", "IMEX", "Ux", "Uy", "Vx", "Vy", "Vort" 
ZONE I=4, J=4, DATAPACKING=POINT
-2.000000e+00 4.000000e+00 9.925868e-01 9.977128e-01 9.835736e-01 9.901768e-01 1.185515e+00 0 0 -6.843415e-03 -1.069133e-02 -1.948663e-02 1.525236e-02 -8.795303e-03
-2.000000e+00 4.552786e+00 1.000019e+00 9.963914e-01 9.925849e-01 1.000022e+00 1.188641e+00 0 0 -1.181683e-02 3.054318e-03 -2.772972e-03 1.330966e-02 -5.827290e-03
-2.000000e+00 5.447214e+00 1.002539e+00 1.001488e+00 9.992972e-01 1.003442e+00 1.195161e+00 0 0 1.977005e-03 4.965887e-03 4.982665e-03 1.950264e-03 1.677793e-05
-2.000000e+00 6.000000e+00 9.989578e-01 1.002315e+00 9.990831e-01 9.986093e-01 1.196274e+00 0 0 9.967412e-03 -2.652313e-03 -1.935659e-03 -1.677892e-03 7.166537e-04
-2.552786e+00 4.000000e+00 9.973751e-01 1.002092e+00 9.897622e-01 9.965787e-01 1.190859e+00 0 0 -9.313703e-03 -8.863709e-04 -7.282937e-03 9.269894e-03 -6.396567e-03
-2.552786e+00 4.552786e+00 9.997315e-01 1.001725e+00 9.948712e-01 9.995447e-01 1.193313e+00 0 0 -5.606120e-03 -1.533982e-03 -5.175899e-03 7.677705e-03 -3.641917e-03
-2.552786e+00 5.447214e+00 9.999055e-01 9.997444e-01 9.987711e-01 9.998612e-01 1.194368e+00 0 0 3.315979e-03 -2.444644e-03 -1.868505e-03 1.083463e-03 5.761395e-04
-2.552786e+00 6.000000e+00 9.979969e-01 9.985642e-01 9.985643e-01 9.972549e-01 1.193957e+00 0 0 2.985085e-03 -2.903906e-03 2.714932e-03 -3.272637e-04 5.618837e-03
-3.447214e+00 4.000000e+00 9.995407e-01 1.007273e+00 9.957492e-01 9.992546e-01 1.197226e+00 0 0 2.608050e-03 -1.055511e-02 -8.592812e-03 1.094791e-02 1.962295e-03
-3.447214e+00 4.552786e+00 1.001484e+00 1.001797e+00 1.000527e+00 1.002058e+00 1.196275e+00 0 0 4.458778e-03 -7.527396e-03 -6.793003e-03 5.210537e-03 7.343927e-04
-3.447214e+00 5.447214e+00 9.993687e-01 9.988581e-01 1.000296e+00 9.991398e-01 1.194860e+00 0 0 -2.801566e-03 8.230747e-04 1.083059e-03 -5.637145e-03 2.599845e-04
-3.447214e+00 6.000000e+00 9.985774e-01 1.000421e+00 9.954307e-01 9.980144e-01 1.193090e+00 0 0 -5.791178e-03 4.273806e-03 3.029514e-03 -1.273786e-02 -1.244292e-03
-4.000000e+00 4.000000e+00 1.001708e+00 9.995460e-01 1.001937e+00 1.002489e+00 1.195650e+00 0 0 3.235401e-02 -7.063384e-03 -1.224538e-02 1.449233e-02 -5.181995e-03
-4.000000e+00 4.552786e+00 1.001552e+00 9.985135e-01 1.003880e+00 1.002189e+00 1.196283e+00 0 0 7.315404e-03 2.077379e-03 -3.008667e-03 -3.129128e-03 -5.086046e-03
-4.000000e+00 5.447214e+00 9.995214e-01 1.002441e+00 9.974640e-01 9.993147e-01 1.195299e+00 0 0 -1.045724e-02 4.428173e-03 8.665500e-03 -7.714404e-03 4.237327e-03
-4.000000e+00 6.000000e+00 1.002028e+00 1.003775e+00 9.945961e-01 1.002846e+00 1.193780e+00 0 0 -3.209860e-03 5.878344e-04 -9.180854e-04 -2.110228e-03 -1.505920e-03
VARIABLES = "X", "Y", "ro", "u", "v", "pre", "Ma", "PART", "IMEX", "Ux", "Uy", "Vx", "Vy", "Vort" 
ZONE I=4, J=4, DATAPACKING=POINT
-2.000000e+00 6.000000e+00 9.989884e-01 1.002432e+00 9.991822e-01 9.986650e-01 1.196388e+00 0 0 1.152327e-02 -5.811524e-03 -3.779631e-03 -4.059703e-03 2.031893e-03
-2.000000e+00 6.552786e+00 9.963127e-01 1.001136e+00 9.982431e-01 9.948959e-01 1.195709e+00 0 0 3.569110e-03 7.687052e-04 1.561787e-03 4.553125e-04 7.930822e-04
-2.000000e+00 7.447214e+00 9.952829e-01 1.003545e+00 9.999124e-01 9.933657e-01 1.198452e+00 0 0 2.679533e-03 2.628415e-03 4.925133e-03 2.036191e-03 2.296718e-03
-2.000000e+00 8.000000e+00 9.981411e-01 1.003849e+00 1.000438e+00 9.973786e-01 1.198250e+00 0 0 -2.375626e-05 -2.178856e-03 -1.679095e-03 -5.269079e-05 4.997611e-04
-2.552786e+00 6.000000e+00 9.980969e-01 9.981465e-01 9.989258e-01 9.973926e-01 1.193900e+00 0 0 3.297820e-03 4.027516e-03 3.124897e-03 -4.381982e-03 -9.026194e-04
-2.552786e+00 6.552786e+00 9.960277e-01 1.000453e+00 9.972948e-01 9.944423e-01 1.194835e+00 0 0 -2.048301e-04 2.907355e-03 2.203169e-03 -7.273047e-04 -7.041863e-04
-2.552786e+00 7.447214e+00 1.000451e+00 1.001557e+00 9.986678e-01 1.000624e+00 1.195261e+00 0 0 3.319287e-03 4.188719e-04 4.720432e-04 2.940388e-03 5.317124e-05
-2.552786e+00 8.000000e+00 1.003015e+00 1.002320e+00 1.000294e+00 1.004227e+00 1.196069e+00 0 0 4.023758e-03 4.406376e-03 1.566976e-03 3.597341e-03 -2.839400e-03
-3.447214e+00 6.000000e+00 9.984409e-01 1.000357e+00 9.951406e-01 9.978320e-01 1.192906e+00 0 0 -6.585589e-03 4.757517e-03 3.443483e-03 -4.286735e-03 -1.314035e-03
-3.447214e+00 6.552786e+00 9.992472e-01 1.001509e+00 9.958575e-01 9.989308e-01 1.193848e+00 0 0 -1.294715e-03 -3.882287e-04 5.169114e-05 4.548545e-03 4.399199e-04
-3.447214e+00 7.447214e+00 1.002223e+00 9.993410e-01 1.000004e+00 1.003122e+00 1.194302e+00 0 0 1.262139e-03 -3.070785e-03 -3.033533e-03 2.165838e-03 3.725206e-05
-3.447214e+00 8.000000e+00 1.003225e+00 9.982826e-01 9.992944e-01 1.004526e+00 1.193007e+00 0 0 4.127796e-03 4.432275e-04 -8.339690e-04 -3.520418e-03 -1.277197e-03
-4.000000e+00 6.000000e+00 1.001937e+00 1.004064e+00 9.945017e-01 1.002722e+00 1.193917e+00 0 0 -3.248048e-03 -4.190124e-03 -2.194953e-03 1.451917e-03 1.995172e-03
-4.000000e+00 6.552786e+00 1.003634e+00 1.001779e+00 9.969418e-01 1.005075e+00 1.193611e+00 0 0 1.320622e-03 -3.252508e-03 -4.238204e-03 6.278227e-03 -9.856957e-04
-4.000000e+00 7.447214e+00 9.982370e-01 9.993418e-01 1.002044e+00 9.975382e-01 1.196477e+00 0 0 -3.199526e-03 -3.209792e-03 -4.154686e-03 2.788183e-03 -9.448942e-04
-4.000000e+00 8.000000e+00 9.969091e-01 9.965862e-01 1.001227e+00 9.956841e-01 1.194659e+00 0 0 8.322460e-04 -8.579752e-03 -6.379538e-03 -7.346470e-03 2.200214e-03
VARIABLES = "X", "Y", "ro", "u", "v", "pre", "Ma", "PART", "IMEX", "Ux", "Uy", "Vx", "Vy", "Vort" 
ZONE I=4, J=4, DATAPACKING=POINT
0.000000e+00 0.000000e+00 4.426740e-01 1.196882e+00 9.394413e-01 3.443196e-01 1.458075e+00 0 0 3.631639e-01 -2.451136e+00 1.823138e+00 1.532324e-01 4.274273e+00
0.000000e+00 5.527864e-01 6.179680e-01 3.548948e-01 1.028299e+00 5.267567e-01 9.957958e-01 0 0 -1.318869e-01 -5.967947e-01 1.306863e+00 3.891234e-02 1.903658e+00
0.000000e+00 1.447214e+00 9.265548e-01 3.730526e-01 1.000976e+00 8.969192e-01 9.176154e-01 0 0 -5.201344e-02 3.475631e-01 4.526922e-01 -5.060032e-02 1.051291e-01
0.000000e+00 2.000000e+00 9.687357e-01 6.125852e-01 9.864679e-01 9.623612e-01 9.846359e-01 0 0 3.371081e-02 4.941501e-01 1.473364e-01 3.873739e-03 -3.468136e-01
-5.527864e-01 0.000000e+00 6.168583e-01 1.072376e+00 3.157734e-01 5.234087e-01 1.025679e+00 0 0 8.195160e-02 -1.504122e+00 4.608263e-01 7.412244e-02 1.964948e+00
-5.527864e-01 5.527864e-01 7.245706e-01 4.977932e-01 5.028871e-01 6.538078e-01 6.295602e-01 0 0 -3.864524e-01 -5.249618e-01 5.411452e-01 3.832895e-01 1.066107e+00
-5.527864e-01 1.447214e+00 9.431537e-01 4.599897e-01 7.814805e-01 9.187088e-01 7.765225e-01 0 0 -2.570402e-01 2.574517e-01 2.858283e-01 2.336189e-01 2.837659e-02
-5.527864e-01 2.000000e+00 9.824924e-01 6.465321e-01 8.981485e-01 9.824016e-01 9.353333e-01 0 0 -1.517930e-01 3.734665e-01 1.237737e-01 1.957755e-01 -2.496928e-01
-1.447214e+00 0.000000e+00 9.270421e-01 1.037981e+00 3.739908e-01 8.951635e-01 9.489180e-01 0 0 5.115031e-02 -5.065669e-01 -3.898209e-01 -2.651137e-02 1.167460e-01
-1.447214e+00 5.527864e-01 9.474717e-01 8.092729e-01 4.453359e-01 9.252180e-01 7.900132e-01 0 0 -2.421399e-01 -2.750260e-01 -2.867689e-01 2.375702e-01 -1.174297e-02
-1.447214e+00 1.447214e+00 9.790143e-01 7.448907e-01 7.199692e-01 9.747469e-01 8.774624e-01 0 0 -3.208546e-01 1.050182e-01 -1.486965e-01 3.202100e-01 -2.537147e-01
-1.447214e+00 2.000000e+00 9.923955e-01 8.431167e-01 8.748254e-01 9.926386e-01 1.026716e+00 0 0 -2.357664e-01 2.194039e-01 -8.252142e-02 2.243569e-01 -3.019253e-01
-2.000000e+00 0.000000e+00 9.760094e-01 9.842882e-01 6.615379e-01 9.765772e-01 1.002012e+00 0 0 1.029840e-01 -2.616922e-01 -6.028572e-01 -6.178071e-02 -3.411650e-01
-2.000000e+00 5.527864e-01 9.850728e-01 8.859970e-01 6.908760e-01 9.847095e-01 9.497241e-01 0 0 -4.380922e-02 -9.176654e-02 -5.689345e-01 1.405984e-01 -4.771679e-01
-2.000000e+00 1.447214e+00 9.896286e-01 8.929905e-01 8.681603e-01 9.900015e-01 1.052395e+00 0 0 -1.970480e-01 8.121129e-02 -3.399871e-01 2.051397e-01 -4.211984e-01
-2.000000e+00 2.000000e+00 9.984303e-01 9.465913e-01 9.558318e-01 9.994092e-01 1.136372e+00 0 0 -1.061647e-01 9.799131e-02 -1.759262e-01 9.373372e-02 -2.739175e-01
VARIABLES = "X", "Y", "ro", "u", "v", "pre", "Ma", "PART", "IMEX", "Ux", "Uy", "Vx", "Vy", "Vort" 
ZONE I=4, J=4, DATAPACKING=POINT
0.000000e+00 2.000000e+00 9.664092e-01 6.059471e-01 9.827253e-01 9.579192e-01 9.800636e-01 0 0 3.588802e-02 6.028198e-01 1.533633e-01 2.085263e-02 -4.494565e-01
0.000000e+00 2.552786e+00 9.967187e-01 8.628640e-01 1.000632e+00 9.928263e-01 1.118878e+00 0 0 -5.099533e-03 3.245186e-01 6.003278e-02 2.939078e-02 -2.644858e-01
0.000000e+00 3.447214e+00 1.008016e+00 1.004787e+00 1.014188e+00 1.006903e+00 1.207248e+00 0 0 -1.123029e-03 2.450226e-02 2.580788e-02 -2.537139e-03 1.305619e-03
0.000000e+00 4.000000e+00 9.951605e-01 9.884271e-01 1.005968e+00 9.976537e-01 1.190435e+00 0 0 1.425516e-02 -8.168111e-02 8.326430e-03 -2.653992e-02 9.000754e-02
-5.527864e-01 2.000000e+00 9.833840e-01 6.376705e-01 8.949265e-01 9.835081e-01 9.286568e-01 0 0 -1.514956e-01 5.817036e-01 1.200303e-01 1.713374e-01 -4.616733e-01
-5.527864e-01 2.552786e+00 1.002387e+00 8.853299e-01 9.680806e-01 9.993065e-01 1.110436e+00 0 0 -7.192254e-02 3.046859e-01 4.318958e-02 8.870827e-02 -2.614963e-01
-5.527864e-01 3.447214e+00 1.006264e+00 1.005701e+00 1.002614e+00 1.004243e+00 1.201407e+00 0 0 -3.927751e-04 7.055761e-04 1.770245e-02 1.924577e-03 1.699687e-02
-5.527864e-01 4.000000e+00 9.982681e-01 9.813030e-01 9.996186e-01 1.002539e+00 1.181353e+00 0 0 6.732828e-03 -8.263833e-02 1.365566e-02 -4.862311e-03 9.629399e-02
-1.447214e+00 2.000000e+00 9.929505e-01 8.387382e-01 8.748651e-01 9.930871e-01 1.024231e+00 0 0 -2.443765e-01 3.084338e-01 -8.453883e-02 2.377882e-01 -3.929726e-01
-1.447214e+00 2.552786e+00 9.973755e-01 9.637565e-01 9.642520e-01 9.940189e-01 1.154149e+00 0 0 -7.930611e-02 1.403579e-01 -3.736447e-02 9.593026e-02 -1.777224e-01
-1.447214e+00 3.447214e+00 1.002117e+00 1.003990e+00 9.923108e-01 1.001600e+00 1.193346e+00 0 0 2.794793e-03 -2.204294e-02 4.805922e-03 -8.258503e-03 2.684886e-02
-1.447214e+00 4.000000e+00 9.984433e-01 9.852968e-01 9.874621e-01 9.998371e-01 1.178128e+00 0 0 -1.580346e-02 -3.935878e-02 1.091449e-02 -3.097113e-03 5.027326e-02
-2.000000e+00 2.000000e+00 9.979276e-01 9.459634e-01 9.561119e-01 9.985646e-01 1.136361e+00 0 0 -1.068369e-01 1.134376e-01 -1.749130e-01 1.266524e-01 -2.883505e-01
-2.000000e+00 2.552786e+00 1.004715e+00 9.899633e-01 9.968730e-01 1.005994e+00 1.186614e+00 0 0 -1.444532e-03 4.850042e-02 -5.999502e-02 3.076085e-02 -1.084954e-01
-2.000000e+00 3.447214e+00 9.975834e-01 1.003816e+00 9.921947e-01 9.968546e-01 1.193301e+00 0 0 -9.415992e-03 -7.368991e-03 -2.364072e-03 -2.226464e-02 5.004918e-03
-2.000000e+00 4.000000e+00 9.936458e-01 9.976552e-01 9.840428e-01 9.914940e-01 1.185603e+00 0 0 -2.988762e-02 -1.183055e-02 -1.983109e-03 -4.680935e-03 9.847441e-03
VARIABLES = "X", "Y", "ro", "u", "v", "pre", "Ma", "PART", "IMEX", "Ux", "Uy", "Vx", "Vy", "Vort" 
ZONE I=4, J=4, DATAPACKING=POINT
0.000000e+00 4.000000e+00 9.940452e-01 9.855179e-01 1.006099e+00 9.972635e-01 1.188360e+00 0 0 1.541213e-02 -3.443119e-02 6.398949e-03 -1.881346e-02 4.083014e-02
0.000000e+00 4.552786e+00 9.904115e-01 9.847118e-01 1.000758e+00 9.890330e-01 1.187410e+00 0 0 1.012571e-02 1.639919e-02 -1.593045e-04 -2.063568e-03 -1.655849e-02
0.000000e+00 5.447214e+00 9.968682e-01 1.003254e+00 1.002929e+00 9.935592e-01 1.200919e+00 0 0 -4.553672e-03 1.181259e-02 -2.836051e-04 2.534257e-03 -1.209619e-02
0.000000e+00 6.000000e+00 1.002372e+00 1.000556e+00 1.002233e+00 1.003351e+00 1.196312e+00 0 0 -3.642587e-03 -2.618592e-02 -3.474746e-03 -4.027524e-03 2.271118e-02
-5.527864e-01 4.000000e+00 9.976225e-01 9.781663e-01 9.999819e-01 1.002674e+00 1.179260e+00 0 0 6.401021e-03 -2.442787e-02 1.431050e-02 -8.362719e-03 3.873838e-02
-5.527864e-01 4.552786e+00 9.946780e-01 9.823116e-01 9.985258e-01 9.948929e-01 1.183689e+00 0 0 -2.131609e-03 2.357191e-02 6.739360e-03 2.661429e-03 -1.683255e-02
-5.527864e-01 5.447214e+00 9.981833e-01 1.004831e+00 1.002986e+00 9.956860e-01 1.201405e+00 0 0 -1.780811e-03 1.371316e-02 4.325055e-04 3.660769e-03 -1.328066e-02
-5.527864e-01 6.000000e+00 1.002638e+00 1.002433e+00 1.002674e+00 1.003714e+00 1.197638e+00 0 0 -3.202729e-03 -2.712519e-02 6.681753e-04 -4.051651e-03 2.779337e-02
-1.447214e+00 4.000000e+00 9.978789e-01 9.834139e-01 9.865615e-01 9.994377e-01 1.176369e+00 0 0 -1.815947e-02 -1.127952e-03 1.241129e-02 4.509657e-03 1.353924e-02
-1.447214e+00 4.552786e+00 9.981078e-01 9.904400e-01 9.925997e-01 9.981517e-01 1.185068e+00 0 0 -1.313159e-02 1.789755e-02 3.921499e-03 1.286368e-02 -1.397605e-02
-1.447214e+00 5.447214e+00 1.002575e+00 1.004375e+00 1.001505e+00 1.003031e+00 1.198471e+00 0 0 3.229093e-03 7.908830e-03 3.038768e-03 4.210498e-03 -4.870062e-03
-1.447214e+00 6.000000e+00 1.002218e+00 1.003821e+00 1.000762e+00 1.003134e+00 1.197422e+00 0 0 8.709315e-04 -1.193638e-02 3.143184e-03 -6.645758e-03 1.507957e-02
-2.000000e+00 4.000000e+00 9.928469e-01 9.973164e-01 9.827043e-01 9.903514e-01 1.184811e+00 0 0 -3.285067e-02 -6.442301e-03 -2.760410e-03 1.755530e-02 3.681891e-03
-2.000000e+00 4.552786e+00 9.996626e-01 9.970478e-01 9.926953e-01 9.994518e-01 1.189227e+00 0 0 -7.105234e-03 3.253193e-03 -4.796077e-03 1.412183e-02 -8.049270e-03
-2.000000e+00 5.447214e+00 1.002642e+00 1.001369e+00 9.992938e-01 1.003604e+00 1.195052e+00 0 0 7.537519e-03 3.989029e-03 4.975718e-03 1.347542e-03 9.866889e-04
-2.000000e+00 6.000000e+00 9.989600e-01 1.002108e+00 9.988845e-01 9.986151e-01 1.196030e+00 0 0 4.975732e-03 -1.795904e-03 2.950485e-03 -1.743380e-03 4.746389e-03
VARIABLES = "X", "Y", "ro", "u", "v", "pre", "Ma", "PART", "IMEX", "Ux", "Uy", "Vx", "Vy", "Vort" 
ZONE I=4, J=4, DATAPACKING=POINT
0.000000e+00 6.000000e+00 1.002602e+00 1.000188e+00 1.002999e+00 1.003825e+00 1.196405e+00 0 0 -3.426052e-03 -1.988827e-02 -3.421379e-03 -6.273060e-03 1.646689e-02
0.000000e+00 6.552786e+00 1.002017e+00 9.955070e-01 9.995257e-01 1.003781e+00 1.191215e+00 0 0 4.005379e-04 -5.801711e-04 1.951137e-03 -3.916526e-03 2.531308e-03
0.000000e+00 7.447214e+00 1.002096e+00 9.995049e-01 9.991930e-01 1.002432e+00 1.194250e+00 0 0 -1.361771e-03 6.324218e-03 4.856464e-03 2.598057e-03 -1.467754e-03
0.000000e+00 8.000000e+00 1.004572e+00 1.002741e+00 1.001103e+00 1.006104e+00 1.196615e+00 0 0 -2.777977e-03 1.084241e-02 -8.954516e-04 4.455560e-03 -1.173786e-02
-5.527864e-01 6.000000e+00 1.003319e+00 1.001982e+00 1.003321e+00 1.004702e+00 1.197573e+00 0 0 -3.170003e-03 -1.858905e-02 1.006651e-03 -1.148969e-02 1.959570e-02
-5.527864e-01 6.552786e+00 1.001257e+00 9.975050e-01 9.982670e-01 1.002658e+00 1.191869e+00 0 0 -5.651857e-03 -1.053263e-03 2.000033e-03 -5.147524e-03 3.053297e-03
-5.527864e-01 7.447214e+00 9.990959e-01 1.000668e+00 9.981789e-01 9.982134e-01 1.195069e+00 0 0 -1.780361e-03 5.167116e-03 -8.151510e-06 3.932741e-03 -5.175268e-03
-5.527864e-01 8.000000e+00 1.000121e+00 1.003148e+00 1.001084e+00 9.999598e-01 1.197855e+00 0 0 1.207346e-03 7.615939e-03 6.696042e-04 7.489112e-03 -6.946335e-03
-1.447214e+00 6.000000e+00 1.002847e+00 1.003539e+00 1.001002e+00 1.003989e+00 1.197262e+00 0 0 4.268278e-04 -5.633378e-03 3.626665e-03 -1.117040e-02 9.260043e-03
-1.447214e+00 6.552786e+00 9.971650e-01 1.002121e+00 9.975643e-01 9.963527e-01 1.195531e+00 0 0 -2.418235e-03 -9.876496e-04 -6.786799e-04 -1.507439e-03 3.089697e-04
-1.447214e+00 7.447214e+00 9.945278e-01 1.001836e+00 9.994401e-01 9.921339e-01 1.197434e+00 0 0 -1.353709e-03 -2.759426e-04 -1.865146e-03 3.258474e-03 -1.589203e-03
-1.447214e+00 8.000000e+00 9.970247e-01 1.001655e+00 1.000332e+00 9.957766e-01 1.197166e+00 0 0 9.085087e-05 1.225524e-03 5.007804e-04 2.031004e-04 -7.247434e-04
-2.000000e+00 6.000000e+00 9.990188e-01 1.002187e+00 9.989167e-01 9.987258e-01 1.196065e+00 0 0 3.973635e-03 -4.140958e-03 2.955613e-03 -3.012612e-03 7.096570e-03
-2.000000e+00 6.552786e+00 9.960901e-01 1.001330e+00 9.984495e-01 9.945711e-01 1.196011e+00 0 0 6.637745e-03 7.171197e-04 -1.820207e-03 9.311270e-04 -2.537327e-03
-2.000000e+00 7.447214e+00 9.956446e-01 1.003162e+00 1.000121e+00 9.938858e-01 1.198250e+00 0 0 -5.162333e-03 1.968761e-03 3.610297e-04 1.696581e-03 -1.607732e-03
-2.000000e+00 8.000000e+00 9.985883e-01 1.003471e+00 1.000441e+00 9.979996e-01 1.197921e+00 0 0 -8.840541e-03 -9.198743e-04 -1.061166e-03 -3.861822e-04 -1.412912e-04
